0.566429634663026
-0.361975298707570
-0.037557324688695
0.019711713141726
-0.209901005344574
0.100159621288422
0.138589462559681
0.052847699309534
0.077989903141233
0.134995544614454
0.236510815973996
-0.043661151016471
-0.253904632369988
0.080500950378242
0.698450078916609
-0.149723605842392
-0.200321685859303
0.007405135433859
0.327752779934036
0.384272678717021
0.395531799189180
0.103195798133086
0.171989425355690
0.416490016926590
-0.175371531529634
0.452107131845120
0.231755587164669
0.027762693223640
0.199381877038007
-0.085382595831138
-0.185772807105498
-0.160790847512044
0.124119941386210
-0.233494845157554
-0.020909584944779
0.592532262813095
0.109105639410561
-0.219577014471132
0.151129406254490
0.045850512055789
0.025818364943583
-0.313707046009520
0.044158023482230
0.067061015874461
0.458450058992927
0.129435894734299
0.540486638278930
-0.354490733806726
-0.173193570687773
-0.061243658844959
0.002199121745723
0.099935013405966
0.150620474328228
-0.322209944855169
0.041815508649303
-0.093853314268959
0.497173632787229
0.019377232911335
0.035630716306144
0.223223365820917
-0.164783432727380
-0.158610797017085
-0.140685572315208
0.543442278711538
-0.122261698153242
-0.145179707134615
0.218309660880297
-0.015879451228574
-0.135484524482666
0.004817572445091
0.449352695089963
0.147231128740825
-0.238837434340447
-0.245033983481934
-0.303378915658696
-0.260893150044066
-0.013723078018304
-0.216587553202451
0.264931414581992
0.129315216367508
-0.237401426966660
0.266230219639544
-0.241936876713200
0.142012273159081
-0.217960994853741
0.102506146838048
0.133548544226052
-0.292046260905319
0.227450680134469
0.473854877335521
-0.130312675956611
-0.092048704948720
0.487637693463612
-0.270411211695915
0.067315925075421
-0.268360763092692
0.164748964549347
0.125373550365917
0.077349176055364
0.282472952364664
-0.056613541200513
-0.031711780638484
-0.249139896623333
-0.057064795611653
0.204689596642439
0.169768525723093
0.118816075756067
0.392998244312630
0.475764299278346
-0.363518687661425
-0.003968665974722
-0.034008885844351
0.387043376366372
0.079236994796415
0.010578766010107
-0.163893301142783
-0.172593866243357
0.011365636325356
0.597564230908624
-0.252180421675945
0.000000000000000
-0.307917002705642
-0.092535484400018
-0.245919993392630
-0.191125685962211
-0.194251974029797
0.259661527088536
0.353764517595407
-0.118902290610314
0.033306627492921
0.004426537462769
0.093408606231442
-0.151474286089610
0.012431913005254
0.000000000000000
-0.095280136845310
0.017145753483744
-0.117694714091475
0.000235927208321
0.103051224536304
0.082118344311729
0.411643260197412
0.266082815478863
0.120080934040839
0.048678920102632
-0.000000000000000
0.103243413006983
-0.038521920430611
-0.065629805807265
-0.113784941540471
-0.106043372324863
-0.423195812076825
-0.319658346052867
-0.016288372420303
-0.004318448859077
0.000000000000000
-0.117005952470324
-0.279400863932116
-0.066733198227482
-0.210007459658802
-0.132291159409186
0.215668979768612
0.031613904968829
-0.248365450538610
0.073392981551211
0.235781007674579
0.000000000000000
-0.109535602472422
-0.012185012084415
0.127213073431065
0.227497101425118
-0.186456052569991
0.280585730812776
0.328939208523664
0.020034751299413
0.012995578611257
-0.000000000000000
0.310696095590695
-0.152180798107028
0.400722598652916
-0.308973141162659
-0.351227193598454
0.025019286382859
-0.000000000000000
-0.257288496359112
0.065391596641833
-0.029276838634442
0.084496870507636
0.407883185932576
0.256829918467627
-0.000000000000000
-0.126182362193723
0.156328715655661
-0.159926990796749
-0.021769953911315
-0.041657610481385
-0.288553192189622
-0.389388529530131
0.023811959723743
0.248206844005481
-0.194397939285920
0.166698448779902
-0.114217075575963
0.273820059512966
0.168545829393321
-0.271724141275812
0.238275530001625
-0.024030538340844
0.208450960243958
-0.000000000000000
0.040683595149844
-0.015694633738639
-0.000000000000000
0.005223434019274
-0.175372122377477
-0.375279618169368
0.371549793652851
-0.273317458252577
0.155434438150485
-0.219132090586281
-0.208560983067507
-0.229041217627493
0.294755735936374
0.308902309197935
-0.122428378407204
-0.096017985315552
-0.099355524452802
-0.137198322599633
-0.000000000000000
0.038966885475651
-0.220848219993955
0.133866457921143
-0.264085783507546
-0.017688482732395
-0.109188922447637
0.080176696490528
0.102702005092644
0.343058934401791
0.000000000000000
0.286080133576989
