0.079381266541532
-0.017075017367490
0.101976634684104
-0.087434371097193
0.057442971050810
-0.068922166722086
0.650907571545550
-0.156297987941338
0.323857104550098
-0.244415804130911
-0.214912405923426
0.589176321237532
-0.099711134447286
-0.322100502889797
-0.120774598747686
-0.192474031556623
0.245312985347451
-0.212012319850767
-0.224468612609350
-0.013099024170154
0.348411267355973
0.208955823292502
-0.159280337640653
0.292776836439988
0.272801710923519
0.262818998275478
0.417280197811578
-0.083453349966540
-0.303557819791041
0.288035842203242
-0.189794990090357
0.014498741312367
0.119992141726738
-0.052331163253902
0.112825104804848
0.449159157352444
0.205773705715248
-0.214592635260723
0.073715881783701
0.595338716753694
0.175090700460127
0.018933953294730
0.073306999687313
-0.276272307951766
0.078952192593279
0.220204136963895
-0.056123470781217
0.481226507777110
-0.114893818476854
-0.062828830434060
0.137004092779063
0.087620448838216
-0.209407757520776
0.487996257420186
0.299272544463821
0.028853818302864
-0.356842913178368
0.218794861984173
-0.043350651262142
0.054703025533550
0.521416282509776
0.092463667521806
-0.224129919417739
0.141375004923664
0.113768293767769
0.038863001361431
0.072306114879814
-0.186175303365650
0.318626499527608
-0.264954088343614
0.082215561898311
-0.183513955568731
0.378496578482723
0.087455340904465
0.461683588173040
-0.089163305816309
-0.055449664083554
0.145929788477212
0.272001517200940
0.210046430548922
0.002255749511791
0.040167636115660
-0.284046735086251
-0.332720727012553
0.195474912345331
-0.114363067719271
0.154042053596434
0.369462987922687
0.512835289338552
0.403886861075742
-0.182576294375901
0.245009886846470
0.694843224568964
0.307103551080375
0.074630937396854
-0.128672996602175
-0.055553111367252
-0.065494799673148
-0.034190606976903
0.015821231476850
-0.197157778469019
0.535229188148915
0.128544635826181
0.155919702474424
-0.271390734782847
-0.018530813147272
-0.214673327856146
0.258545499459704
0.361617695053158
0.406280165248508
-0.070730472754800
-0.324883595874450
0.467266151140557
-0.260577536667350
0.211339721077110
0.174349958385975
0.073026875529828
-0.355339921655720
0.262534516258309
-0.035567014246937
-0.332482968499817
-0.233292979444499
-0.353825875499281
0.445094673382273
-0.062050846126412
0.111410586738698
0.149578003470407
-0.074537592336463
0.291328140269188
-0.282332806736044
-0.240980774757740
0.072684763520794
0.028094806484842
-0.190169190291027
0.140377286847086
0.488008463270364
-0.069509830391392
0.080075487466821
-0.126543343111833
-0.078749087475542
0.098657543787784
0.298078881118960
0.016510468927350
-0.029838317600450
0.144500906477019
0.045869965787277
-0.249406536315167
-0.041997652037917
0.421939024299007
-0.282488473754322
-0.426288348735007
-0.103625636910305
-0.032588685010215
0.186388644172411
0.198525129890785
-0.085608710838723
0.500763087117151
0.318232543569454
-0.151848039769404
0.053350616892367
0.079269421559713
-0.109681861672355
-0.047347827046034
-0.449426117181688
-0.050030908585323
-0.336988262174692
0.000000000000000
-0.101262537718941
0.040526146016966
0.063881167955428
-0.042680413186362
-0.000000000000000
-0.211271245165511
0.108023150989081
0.211382540916811
-0.083515362354535
0.154638561041741
-0.215620029138492
-0.152583633917462
0.286712911027200
0.020138402348014
0.150966472717610
-0.193094200334461
-0.272087845363839
0.035438895146993
0.257381421957366
0.000000000000000
0.135865200701873
0.016117682254512
0.058573790646109
0.171326413283246
0.139250638708822
0.152120119842703
0.214079178112554
0.224486158982666
-0.220578182038954
0.118232382025762
-0.199628024113684
-0.115367130810502
-0.000000000000000
-0.012743818976344
0.046651089462884
0.023976665805814
-0.250107594846783
0.455321644478218
0.398527877754616
-0.157569159910672
0.000000000000000
-0.239655511999939
-0.258479781363146
-0.248240741208422
-0.185911847164451
-0.016234288297162
0.000000000000000
0.228546148863238
-0.424883028868168
-0.260794179150519
-0.037243323725616
-0.088923906654503
0.120693542216061
0.000000000000000
0.244461946281115
0.154490869140097
0.193198250310992
-0.220035946059624
0.313014747578927
0.088381159309088
-0.206917145520229
0.323311694575541
-0.027979553793945
0.179875152240099
0.063480367131665
-0.144839622639069
-0.072045631290124
0.000000000000000
0.107095648922964
-0.268781481894106
-0.417245328722029
0.090405792417765
0.341386956572455
0.162432674856373
-0.007128189857478
0.156124974494439
0.116231407793436
-0.276490894644654
0.127126306048656
0.026474901772272
0.105333831493782
0.000000000000000
-0.025012478242289
0.001674101715664
-0.199641221710950
-0.000000000000000
0.067237489754692
-0.229923055838725
0.402862732285672
0.002190223004241
0.182088524197939
0.047945713926952
-0.059930789476664
-0.007147579573764
-0.000000000000000
-0.105373070259999
-0.138346956506393
0.111583913844628
-0.084437787738892
-0.089418942591760
-0.200820168535759
0.229081397636771
-0.019704019084113
-0.382796788157305
-0.068225500359675
-0.000000000000000
0.028648228600451
0.298326004501143
0.084929144172444
-0.093377145645165
0.080859984090270
0.193426388559080
-0.159583220544955
0.179111296016152
-0.190626338388093
0.093114249962550
-0.000000000000000
0.007569979542033
0.074500108968244
-0.247490910392094
-0.275770029976641
-0.218882943454873
0.187199869202027
0.335265541960112
-0.287976340047557
0.331119443221205
-0.034466044763375
-0.409747961647734
0.000000000000000
0.176896049132701
0.282082613427763
-0.064293733604690
0.139010551654849
0.379723864403359
0.271222586035063
0.204466040521059
-0.045197904776480
0.348483289745038
-0.156824402029494
0.147411480862152
0.330852130899869
0.000000000000000
-0.128994541727268
-0.176358246817297
0.391593849770458
0.151418304492618
-0.105418402832623
-0.012905098728647
0.032332765575204
-0.000000000000000
-0.061151843571051
-0.173063849018648
-0.306047866613435
