0.456592091979322
0.077864738687374
-0.010642751023345
0.253545894860741
0.414294499034131
-0.271018190747881
0.443188699452939
-0.189074073464544
0.209218451236985
-0.066352549500643
-0.006155872370544
0.456592091979322
-0.046370194845769
0.086639863828815
-0.235099597825815
-0.447698911266502
0.277177333203940
-0.383347185352085
0.205884626165472
0.055761374256666
-0.043088990513766
-0.032161768441906
0.456592091979322
-0.155882919151521
0.082625751341203
-0.186629572375351
0.172066376202843
-0.260881216560888
0.292449162147502
-0.080577441333000
-0.225089793155452
0.030552922391615
-0.047956530277160
0.456592091979322
-0.215903918042740
-0.017991908693422
0.288219912645035
0.222339884451504
0.223450055272409
-0.177858647087864
-0.100350621423950
0.008305860763104
0.068473275818883
-0.048525432594066
0.456592091979322
-0.207376948459576
-0.097573969308816
0.104593631864914
-0.463269696037286
-0.167916299414407
0.048859082207270
0.212008804528106
0.222725698693009
0.026336731137551
-0.033687852926679
0.456592091979322
-0.133009262995997
-0.063075474764713
-0.317990364251577
0.384414381871669
0.098778963614534
0.084098754937606
-0.177321861248326
-0.071700204340704
-0.046591928803017
-0.008154617982066
0.456592091979322
-0.016412076329732
0.045168970969850
-0.014084137343061
-0.040206072465922
-0.021639143643728
-0.210243411111991
0.020233443875140
-0.202317692723191
-0.065046704556527
0.019967650554076
0.456592091979322
0.105395828609033
0.100603212090157
0.321999127707970
-0.331755625623487
-0.057253751052151
0.319355396483794
0.150821685435696
0.129285823780155
-0.007450826435143
0.041750331123975
0.456592091979322
0.193741302655769
0.038415198347078
-0.077566370224736
0.474713537438470
0.131508287338952
-0.402595106912152
-0.217767843113710
0.165519110518589
0.058856334235668
0.050277576555756
0.456592091979322
0.220575282019929
-0.068686711848514
-0.299921436840012
-0.289986885457951
-0.195108804295451
0.453218956103782
0.134393533706555
-0.176397474669336
0.056350436138650
0.042842046675464
0.456592091979322
0.177378167853229
-0.095482180938292
0.162932911781891
-0.094911488147468
0.242902766284671
-0.467125700868799
0.041749746872560
-0.115311154359824
-0.012038699913270
0.021804469683150
-0.006155872370544
0.456592091979322
0.077864738687374
-0.010642751023345
0.253545894860741
0.414294499034131
-0.271018190747881
0.443188699452939
-0.189074073464544
0.209218451236985
-0.066352549500643
0.019967650554076
-0.438096904062104
0.105395828609033
-0.097573969308816
0.288219912645035
0.474713537438470
-0.271018190747881
0.292449162147502
-0.177321861248326
-0.115311154359824
0.056350436138650
-0.032161768441906
0.384109710440384
-0.215903918042740
0.038415198347078
-0.014084137343061
0.384414381871669
-0.271018190747881
0.048859082207270
0.041749746872560
-0.176397474669336
-0.007450826435143
0.041750331123975
-0.299004232467192
0.177378167853229
0.086639863828815
-0.299921436840012
0.172066376202843
-0.271018190747881
-0.210243411111991
0.212008804528106
0.165519110518589
-0.046591928803017
-0.047956530277160
0.189675209826149
-0.016412076329732
-0.063075474764713
-0.235099597825815
-0.094911488147468
-0.271018190747881
-0.402595106912152
0.134393533706555
0.129285823780155
0.068473275818883
0.050277576555756
-0.064979829726898
-0.155882919151521
-0.068686711848514
0.104593631864914
-0.331755625623487
-0.271018190747881
-0.467125700868799
-0.100350621423950
-0.202317692723191
-0.043088990513766
-0.048525432594066
-0.064979829726898
0.220575282019929
0.082625751341203
0.321999127707970
-0.463269696037286
-0.271018190747881
-0.383347185352085
-0.217767843113710
-0.071700204340704
-0.012038699913270
0.042842046675464
0.189675209826149
-0.133009262995997
0.045168970969850
0.162932911781891
-0.447698911266502
-0.271018190747881
-0.177858647087864
-0.080577441333000
0.222725698693009
0.058856334235668
-0.033687852926679
-0.299004232467192
-0.046370194845769
-0.095482180938292
-0.186629572375351
-0.289986885457951
-0.271018190747881
0.084098754937606
0.150821685435696
0.008305860763104
-0.065046704556527
0.021804469683150
0.384109710440384
0.193741302655769
-0.017991908693422
-0.317990364251577
-0.040206072465922
-0.271018190747881
0.319355396483794
0.205884626165472
-0.225089793155452
0.026336731137551
-0.008154617982066
-0.438096904062104
-0.207376948459576
0.100603212090157
-0.077566370224736
0.222339884451504
-0.271018190747881
0.453218956103782
0.020233443875140
0.055761374256666
0.030552922391615
-0.066352549500643
-0.006155872370544
0.456592091979322
0.077864738687374
-0.010642751023345
0.253545894860741
0.414294499034131
-0.271018190747881
0.443188699452939
-0.189074073464544
0.209218451236985
-0.065046704556527
-0.006155872370544
0.384109710440384
-0.155882919151521
0.100603212090157
-0.317990364251577
-0.463269696037286
0.242902766284671
-0.177858647087864
0.134393533706555
0.165519110518589
-0.043088990513766
-0.006155872370544
0.189675209826149
-0.207376948459576
-0.017991908693422
0.162932911781891
0.474713537438470
-0.195108804295451
-0.210243411111991
0.150821685435696
-0.071700204340704
-0.007450826435143
-0.006155872370544
-0.064979829726898
-0.016412076329732
-0.095482180938292
0.104593631864914
-0.447698911266502
0.131508287338952
0.453218956103782
-0.177321861248326
-0.225089793155452
0.030552922391615
-0.006155872370544
-0.299004232467192
0.193741302655769
0.045168970969850
-0.299921436840012
0.384414381871669
-0.057253751052151
-0.383347185352085
-0.100350621423950
-0.115311154359824
0.058856334235668
-0.006155872370544
-0.438096904062104
0.177378167853229
0.082625751341203
0.288219912645035
-0.289986885457951
-0.021639143643728
0.048859082207270
0.205884626165472
0.129285823780155
0.068473275818883
-0.006155872370544
-0.438096904062104
-0.046370194845769
-0.068686711848514
-0.077566370224736
0.172066376202843
0.098778963614534
0.319355396483794
0.041749746872560
0.222725698693009
0.056350436138650
-0.006155872370544
-0.299004232467192
-0.215903918042740
-0.063075474764713
-0.186629572375351
-0.040206072465922
-0.167916299414407
-0.467125700868799
-0.217767843113710
0.055761374256666
0.026336731137551
-0.006155872370544
-0.064979829726898
-0.133009262995997
0.086639863828815
0.321999127707970
-0.094911488147468
0.223450055272409
0.292449162147502
0.020233443875140
-0.176397474669336
-0.012038699913270
-0.006155872370544
0.189675209826149
0.105395828609033
0.038415198347078
-0.235099597825815
0.222339884451504
-0.260881216560888
0.084098754937606
0.212008804528106
-0.202317692723191
-0.046591928803017
-0.006155872370544
0.384109710440384
0.220575282019929
-0.097573969308816
-0.014084137343061
-0.331755625623487
0.277177333203940
-0.402595106912152
-0.080577441333000
0.008305860763104
0.209218451236985
-0.066352549500643
-0.006155872370544
0.456592091979322
0.077864738687374
-0.010642751023345
0.253545894860741
0.414294499034131
-0.271018190747881
0.443188699452939
-0.189074073464544
-0.202317692723191
0.068473275818883
-0.008154617982066
-0.299004232467192
0.193741302655769
-0.095482180938292
0.321999127707970
0.414294499034131
-0.195108804295451
0.048859082207270
-0.080577441333000
0.055761374256666
-0.065046704556527
0.021804469683150
-0.064979829726898
-0.133009262995997
-0.068686711848514
0.288219912645035
0.414294499034131
-0.057253751052151
-0.402595106912152
0.212008804528106
0.129285823780155
0.056350436138650
-0.033687852926679
0.384109710440384
-0.155882919151521
0.038415198347078
0.162932911781891
0.414294499034131
0.098778963614534
-0.383347185352085
0.020233443875140
-0.225089793155452
-0.043088990513766
0.042842046675464
-0.438096904062104
0.177378167853229
0.100603212090157
-0.014084137343061
0.414294499034131
0.223450055272409
0.084098754937606
-0.217767843113710
0.165519110518589
0.026336731137551
-0.048525432594066
0.189675209826149
0.105395828609033
0.045168970969850
-0.186629572375351
0.414294499034131
0.277177333203940
0.453218956103782
0.041749746872560
0.008305860763104
-0.007450826435143
0.050277576555756
0.189675209826149
-0.207376948459576
-0.063075474764713
-0.299921436840012
0.414294499034131
0.242902766284671
0.292449162147502
0.205884626165472
-0.176397474669336
-0.012038699913270
-0.047956530277160
-0.438096904062104
-0.046370194845769
-0.097573969308816
-0.317990364251577
0.414294499034131
0.131508287338952
-0.210243411111991
-0.100350621423950
0.222725698693009
0.030552922391615
0.041750331123975
0.384109710440384
0.220575282019929
-0.017991908693422
-0.235099597825815
0.414294499034131
-0.021639143643728
-0.467125700868799
-0.177321861248326
-0.115311154359824
-0.046591928803017
-0.032161768441906
-0.064979829726898
-0.016412076329732
0.082625751341203
-0.077566370224736
0.414294499034131
-0.167916299414407
-0.177858647087864
0.150821685435696
-0.071700204340704
0.058856334235668
0.019967650554076
-0.299004232467192
-0.215903918042740
0.086639863828815
0.104593631864914
0.414294499034131
-0.260881216560888
0.319355396483794
0.134393533706555
-0.189074073464544
0.209218451236985
-0.066352549500643
-0.006155872370544
0.456592091979322
0.077864738687374
-0.010642751023345
0.253545894860741
0.414294499034131
-0.271018190747881
0.443188699452939
0.020233443875140
0.222725698693009
-0.066352549500643
0.021804469683150
0.189675209826149
-0.215903918042740
0.082625751341203
-0.299921436840012
-0.331755625623487
0.131508287338952
0.084098754937606
0.205884626165472
0.165519110518589
-0.066352549500643
0.042842046675464
-0.299004232467192
-0.016412076329732
-0.097573969308816
0.321999127707970
0.222339884451504
0.098778963614534
-0.467125700868799
0.150821685435696
0.055761374256666
-0.066352549500643
0.050277576555756
-0.438096904062104
0.220575282019929
0.045168970969850
-0.317990364251577
-0.094911488147468
-0.260881216560888
0.048859082207270
-0.080577441333000
-0.071700204340704
-0.066352549500643
0.041750331123975
-0.064979829726898
-0.046370194845769
0.038415198347078
0.288219912645035
-0.040206072465922
0.242902766284671
0.453218956103782
-0.217767843113710
-0.176397474669336
-0.066352549500643
0.019967650554076
0.384109710440384
-0.207376948459576
-0.095482180938292
-0.235099597825815
0.172066376202843
-0.057253751052151
-0.177858647087864
-0.100350621423950
-0.225089793155452
-0.066352549500643
-0.008154617982066
0.384109710440384
0.105395828609033
0.086639863828815
0.162932911781891
-0.289986885457951
-0.167916299414407
-0.402595106912152
0.134393533706555
-0.202317692723191
-0.066352549500643
-0.033687852926679
-0.064979829726898
0.177378167853229
-0.017991908693422
-0.077566370224736
0.384414381871669
0.277177333203940
0.292449162147502
0.212008804528106
-0.115311154359824
-0.066352549500643
-0.048525432594066
-0.438096904062104
-0.155882919151521
-0.063075474764713
-0.014084137343061
-0.447698911266502
-0.195108804295451
0.319355396483794
0.041749746872560
0.008305860763104
-0.066352549500643
-0.047956530277160
-0.299004232467192
-0.133009262995997
0.100603212090157
0.104593631864914
0.474713537438470
-0.021639143643728
-0.383347185352085
-0.177321861248326
0.129285823780155
-0.066352549500643
-0.032161768441906
0.189675209826149
0.193741302655769
-0.068686711848514
-0.186629572375351
-0.463269696037286
0.223450055272409
-0.210243411111991
0.443188699452939
-0.189074073464544
0.209218451236985
-0.066352549500643
-0.006155872370544
0.456592091979322
0.077864738687374
-0.010642751023345
0.253545894860741
0.414294499034131
-0.271018190747881
-0.210243411111991
0.041749746872560
-0.225089793155452
0.058856334235668
-0.033687852926679
-0.064979829726898
0.220575282019929
-0.063075474764713
0.253545894860741
0.222339884451504
-0.057253751052151
-0.383347185352085
0.134393533706555
0.222725698693009
-0.046591928803017
0.050277576555756
-0.438096904062104
0.105395828609033
-0.095482180938292
0.253545894860741
-0.040206072465922
0.223450055272409
0.319355396483794
-0.217767843113710
-0.202317692723191
0.030552922391615
-0.032161768441906
0.189675209826149
-0.133009262995997
-0.097573969308816
0.253545894860741
-0.289986885457951
0.242902766284671
0.292449162147502
0.150821685435696
0.165519110518589
-0.012038699913270
-0.008154617982066
0.384109710440384
-0.215903918042740
-0.068686711848514
0.253545894860741
-0.447698911266502
-0.021639143643728
-0.402595106912152
0.020233443875140
-0.115311154359824
-0.007450826435143
0.042842046675464
-0.299004232467192
-0.046370194845769
-0.017991908693422
0.253545894860741
-0.463269696037286
-0.260881216560888
-0.177858647087864
-0.177321861248326
0.055761374256666
0.026336731137551
-0.047956530277160
-0.299004232467192
0.177378167853229
0.038415198347078
0.253545894860741
-0.331755625623487
-0.195108804295451
0.453218956103782
0.212008804528106
0.008305860763104
-0.043088990513766
0.019967650554076
0.384109710440384
0.193741302655769
0.082625751341203
0.253545894860741
-0.094911488147468
0.098778963614534
0.048859082207270
-0.100350621423950
-0.071700204340704
0.056350436138650
0.021804469683150
0.189675209826149
-0.016412076329732
0.100603212090157
0.253545894860741
0.172066376202843
0.277177333203940
-0.467125700868799
-0.080577441333000
0.129285823780155
-0.065046704556527
-0.048525432594066
-0.438096904062104
-0.207376948459576
0.086639863828815
0.253545894860741
0.384414381871669
0.131508287338952
0.084098754937606
0.205884626165472
-0.176397474669336
0.068473275818883
0.041750331123975
-0.064979829726898
-0.155882919151521
0.045168970969850
0.253545894860741
0.474713537438470
-0.167916299414407
-0.271018190747881
0.443188699452939
-0.189074073464544
0.209218451236985
-0.066352549500643
-0.006155872370544
0.456592091979322
0.077864738687374
-0.010642751023345
0.253545894860741
0.414294499034131
-0.021639143643728
0.319355396483794
-0.100350621423950
0.209218451236985
-0.046591928803017
0.042842046675464
-0.064979829726898
-0.207376948459576
0.038415198347078
-0.186629572375351
-0.094911488147468
0.277177333203940
-0.177858647087864
0.020233443875140
0.209218451236985
-0.012038699913270
0.041750331123975
-0.438096904062104
0.193741302655769
-0.063075474764713
0.104593631864914
-0.289986885457951
-0.057253751052151
-0.467125700868799
0.134393533706555
0.209218451236985
0.026336731137551
-0.008154617982066
0.189675209826149
-0.046370194845769
0.082625751341203
-0.014084137343061
0.474713537438470
-0.260881216560888
-0.210243411111991
0.205884626165472
0.209218451236985
0.056350436138650
-0.048525432594066
0.384109710440384
-0.133009262995997
-0.095482180938292
-0.077566370224736
-0.331755625623487
0.131508287338952
0.292449162147502
0.212008804528106
0.209218451236985
0.068473275818883
-0.032161768441906
-0.299004232467192
0.220575282019929
0.100603212090157
0.162932911781891
-0.040206072465922
0.223450055272409
0.453218956103782
0.150821685435696
0.209218451236985
0.058856334235668
0.021804469683150
-0.299004232467192
-0.155882919151521
-0.097573969308816
-0.235099597825815
0.384414381871669
-0.195108804295451
0.084098754937606
0.041749746872560
0.209218451236985
0.030552922391615
0.050277576555756
0.384109710440384
-0.016412076329732
0.086639863828815
0.288219912645035
-0.463269696037286
-0.167916299414407
-0.383347185352085
-0.080577441333000
0.209218451236985
-0.007450826435143
0.019967650554076
0.189675209826149
0.177378167853229
-0.068686711848514
-0.317990364251577
0.222339884451504
0.242902766284671
-0.402595106912152
-0.177321861248326
0.209218451236985
-0.043088990513766
-0.033687852926679
-0.438096904062104
-0.215903918042740
0.045168970969850
0.321999127707970
0.172066376202843
0.098778963614534
0.048859082207270
-0.217767843113710
0.209218451236985
-0.065046704556527
-0.047956530277160
-0.064979829726898
0.105395828609033
-0.017991908693422
-0.299921436840012
-0.447698911266502
0.414294499034131
-0.271018190747881
0.443188699452939
-0.189074073464544
0.209218451236985
-0.066352549500643
-0.006155872370544
0.456592091979322
0.077864738687374
-0.010642751023345
0.253545894860741
-0.040206072465922
0.098778963614534
-0.402595106912152
0.150821685435696
-0.176397474669336
0.030552922391615
-0.048525432594066
0.189675209826149
0.177378167853229
-0.010642751023345
0.104593631864914
-0.447698911266502
0.242902766284671
0.084098754937606
-0.100350621423950
0.129285823780155
0.026336731137551
0.019967650554076
-0.299004232467192
0.220575282019929
-0.010642751023345
-0.077566370224736
-0.331755625623487
-0.167916299414407
0.292449162147502
0.041749746872560
-0.071700204340704
-0.065046704556527
0.042842046675464
-0.438096904062104
0.193741302655769
-0.010642751023345
-0.235099597825815
0.172066376202843
-0.195108804295451
-0.467125700868799
0.020233443875140
0.008305860763104
0.058856334235668
-0.032161768441906
-0.064979829726898
0.105395828609033
-0.010642751023345
-0.317990364251577
0.474713537438470
0.223450055272409
0.319355396483794
-0.080577441333000
0.055761374256666
-0.012038699913270
-0.033687852926679
0.384109710440384
-0.016412076329732
-0.010642751023345
-0.299921436840012
0.222339884451504
0.131508287338952
0.048859082207270
0.134393533706555
-0.115311154359824
-0.043088990513766
0.041750331123975
0.384109710440384
-0.133009262995997
-0.010642751023345
-0.186629572375351
-0.289986885457951
-0.260881216560888
-0.383347185352085
-0.177321861248326
0.165519110518589
0.068473275818883
0.021804469683150
-0.064979829726898
-0.207376948459576
-0.010642751023345
-0.014084137343061
-0.463269696037286
-0.057253751052151
0.453218956103782
0.205884626165472
-0.202317692723191
-0.046591928803017
-0.047956530277160
-0.438096904062104
-0.215903918042740
-0.010642751023345
0.162932911781891
-0.094911488147468
0.277177333203940
-0.210243411111991
-0.217767843113710
0.222725698693009
-0.007450826435143
-0.008154617982066
-0.299004232467192
-0.155882919151521
-0.010642751023345
0.288219912645035
0.384414381871669
-0.021639143643728
-0.177858647087864
0.212008804528106
-0.225089793155452
0.056350436138650
0.050277576555756
0.189675209826149
-0.046370194845769
-0.010642751023345
0.321999127707970
0.253545894860741
0.414294499034131
-0.271018190747881
0.443188699452939
-0.189074073464544
0.209218451236985
-0.066352549500643
-0.006155872370544
0.456592091979322
0.077864738687374
-0.010642751023345
-0.014084137343061
0.172066376202843
-0.167916299414407
0.453218956103782
-0.189074073464544
0.129285823780155
-0.012038699913270
0.050277576555756
-0.299004232467192
-0.133009262995997
-0.017991908693422
-0.235099597825815
-0.463269696037286
0.131508287338952
0.319355396483794
-0.189074073464544
0.008305860763104
0.056350436138650
-0.008154617982066
-0.064979829726898
0.177378167853229
0.045168970969850
0.321999127707970
-0.040206072465922
0.277177333203940
0.084098754937606
-0.189074073464544
-0.115311154359824
0.058856334235668
-0.047956530277160
0.384109710440384
-0.207376948459576
-0.068686711848514
-0.186629572375351
0.474713537438470
0.098778963614534
-0.177858647087864
-0.189074073464544
-0.202317692723191
-0.007450826435143
0.021804469683150
-0.438096904062104
0.220575282019929
0.086639863828815
-0.077566370224736
-0.094911488147468
-0.195108804295451
-0.383347185352085
-0.189074073464544
-0.225089793155452
-0.065046704556527
0.041750331123975
0.189675209826149
-0.215903918042740
-0.097573969308816
0.288219912645035
-0.447698911266502
-0.260881216560888
-0.467125700868799
-0.189074073464544
-0.176397474669336
-0.046591928803017
-0.033687852926679
0.189675209826149
0.193741302655769
0.100603212090157
-0.299921436840012
0.222339884451504
-0.021639143643728
-0.402595106912152
-0.189074073464544
-0.071700204340704
0.026336731137551
-0.032161768441906
-0.438096904062104
-0.155882919151521
-0.095482180938292
0.104593631864914
0.384414381871669
0.242902766284671
-0.210243411111991
-0.189074073464544
0.055761374256666
0.068473275818883
0.042842046675464
0.384109710440384
0.105395828609033
0.082625751341203
0.162932911781891
-0.331755625623487
0.223450055272409
0.048859082207270
-0.189074073464544
0.165519110518589
0.030552922391615
0.019967650554076
-0.064979829726898
-0.046370194845769
-0.063075474764713
-0.317990364251577
-0.289986885457951
-0.057253751052151
0.292449162147502
-0.189074073464544
0.222725698693009
-0.043088990513766
-0.048525432594066
-0.299004232467192
-0.016412076329732
0.038415198347078
-0.010642751023345
0.253545894860741
0.414294499034131
-0.271018190747881
0.443188699452939
-0.189074073464544
0.209218451236985
-0.066352549500643
-0.006155872370544
0.456592091979322
0.077864738687374
0.045168970969850
-0.077566370224736
-0.289986885457951
0.223450055272409
-0.467125700868799
0.212008804528106
-0.071700204340704
-0.007450826435143
-0.047956530277160
0.384109710440384
0.077864738687374
0.086639863828815
-0.317990364251577
-0.331755625623487
-0.021639143643728
0.453218956103782
-0.217767843113710
-0.115311154359824
0.068473275818883
-0.033687852926679
0.189675209826149
0.077864738687374
0.100603212090157
-0.186629572375351
0.384414381871669
-0.195108804295451
-0.402595106912152
0.205884626165472
0.222725698693009
-0.012038699913270
0.019967650554076
-0.064979829726898
0.077864738687374
0.082625751341203
0.162932911781891
0.222339884451504
0.277177333203940
0.319355396483794
-0.177321861248326
-0.176397474669337
-0.065046704556527
0.050277576555756
-0.299004232467192
0.077864738687374
0.038415198347078
0.321999127707970
-0.447698911266502
-0.167916299414407
-0.210243411111991
0.134393533706555
0.008305860763104
0.030552922391615
0.021804469683150
-0.438096904062104
0.077864738687374
-0.017991908693422
0.104593631864914
-0.094911488147468
-0.057253751052151
0.084098754937606
-0.080577441333000
0.165519110518589
0.056350436138650
-0.032161768441906
-0.438096904062104
0.077864738687374
-0.068686711848514
-0.235099597825815
0.474713537438470
0.242902766284671
0.048859082207270
0.020233443875140
-0.225089793155452
-0.046591928803017
-0.048525432594066
-0.299004232467192
0.077864738687374
-0.097573969308816
-0.299921436840012
-0.040206072465922
-0.260881216560888
-0.177858647087864
0.041749746872560
0.129285823780155
-0.043088990513766
-0.008154617982066
-0.064979829726898
0.077864738687374
-0.095482180938292
-0.014084137343061
-0.463269696037286
0.098778963614534
0.292449162147502
-0.100350621423950
0.055761374256666
0.058856334235668
0.041750331123975
0.189675209826149
0.077864738687374
-0.063075474764713
0.288219912645035
0.172066376202843
0.131508287338952
-0.383347185352085
0.150821685435696
-0.202317692723191
0.026336731137551
0.042842046675464
0.384109710440384
0.077864738687374
0.077864738687374
-0.010642751023345
0.253545894860741
0.414294499034131
-0.271018190747881
0.443188699452939
-0.189074073464544
0.209218451236985
-0.066352549500643
-0.006155872370544
0.456592091979322
-0.016412076329732
-0.068686711848514
0.162932911781891
0.384414381871669
-0.260881216560888
0.443188699452939
-0.217767843113710
0.008305860763104
0.026336731137551
0.041750331123975
-0.438096904062104
-0.046370194845769
0.100603212090157
-0.299921436840012
-0.094911488147468
-0.167916299414407
0.443188699452939
-0.177321861248326
-0.202317692723191
0.058856334235668
-0.048525432594066
0.384109710440384
0.105395828609033
-0.063075474764713
-0.077566370224736
-0.463269696037286
-0.021639143643728
0.443188699452939
-0.080577441333000
-0.176397474669336
-0.043088990513766
0.021804469683150
-0.299004232467192
-0.155882919151521
-0.017991908693422
0.321999127707970
-0.289986885457951
0.131508287338952
0.443188699452939
0.041749746872560
0.055761374256666
-0.046591928803017
0.019967650554076
0.189675209826149
0.193741302655769
0.086639863828815
-0.014084137343061
0.222339884451504
0.242902766284671
0.443188699452939
0.150821685435696
0.222725698693009
0.056350436138650
-0.047956530277160
-0.064979829726898
-0.215903918042740
-0.095482180938292
-0.317990364251577
0.474713537438470
0.277177333203940
0.443188699452939
0.212008804528106
0.129285823780155
0.030552922391615
0.042842046675464
-0.064979829726898
0.220575282019929
0.038415198347078
0.104593631864914
0.172066376202843
0.223450055272409
0.443188699452939
0.205884626165472
-0.115311154359824
-0.065046704556527
-0.008154617982066
0.189675209826149
-0.207376948459576
0.045168970969850
0.288219912645035
-0.331755625623487
0.098778963614534
0.443188699452939
0.134393533706555
-0.225089793155452
-0.012038699913270
-0.032161768441906
-0.299004232467192
0.177378167853229
-0.097573969308816
-0.186629572375351
-0.447698911266502
-0.057253751052151
0.443188699452939
0.020233443875140
-0.071700204340704
0.068473275818883
0.050277576555756
0.384109710440384
-0.133009262995997
0.082625751341203
-0.235099597825815
-0.040206072465922
-0.195108804295451
0.443188699452939
-0.100350621423950
0.165519110518589
-0.007450826435143
-0.033687852926679
-0.438096904062104
0.000000000000000
0.206928847651588
-0.100107541124984
0.201062784036753
0.233402330011545
-0.060828196967240
0.148684476611391
0.108590785137495
0.086415853091344
-0.017067501340690
-0.049909511437775
0.000000000000000
0.216176480106492
-0.051267162347449
0.222350945641083
0.160256870166455
-0.017990420242233
-0.267522396054283
0.071780809287420
-0.219387167228430
0.053266305707777
-0.038658436948343
0.000000000000000
0.156789607557604
0.057513243298714
-0.264350461774398
-0.443294193245503
0.095351560596830
0.364687241985808
-0.202603652043788
-0.023971754644648
0.061322747497008
-0.015133581875275
0.000000000000000
0.047623142431606
0.099050891772880
-0.147108959211300
0.420335051318411
-0.164987884589437
-0.432307296450182
0.193573543267360
0.226210239999190
-0.002317525810215
0.013196078514413
0.000000000000000
-0.076663333927382
0.024781211688645
0.306222037251813
-0.107227647173105
0.221257871393339
0.464904384786651
-0.050923773189117
-0.040414392797844
-0.063248217526173
0.037336077214810
0.000000000000000
-0.176609743441660
-0.078461917021198
0.059949079796885
-0.279896699864400
-0.259602861328181
-0.459837684760542
-0.126877584295582
-0.214707104449314
-0.050230992401747
0.049622135203620
0.000000000000000
-0.220483807278027
-0.089969728247673
-0.323285324443665
0.473814363777233
0.276916371355877
0.417517670275145
0.217098069135137
0.101526406489503
0.021514800802834
0.046153515878534
0.000000000000000
-0.194355820167759
0.003712365361631
0.032067517531769
-0.340668144169554
-0.271795763861394
-0.341372857217251
-0.157460417488298
0.185809676209271
0.068106134912232
0.028031481367174
0.000000000000000
-0.106521233406831
0.093054072857613
0.314157957300946
-0.027633981931928
0.244655880010507
0.237572045490170
-0.010868780007702
-0.154413354528171
0.035069821037312
0.001009649582718
0.000000000000000
0.015133092317696
0.073599752410416
-0.121486195302868
0.376860963549101
-0.197695431785713
-0.114524559532832
0.171695491994165
-0.141859053055447
-0.038969074587855
-0.026332738810407
0.000000000000000
0.131982768156675
-0.031905188648596
-0.279579380827017
-0.465948912438255
0.134718875417644
-0.017801025134074
-0.214004491797089
0.194790650914545
-0.067446498290482
-0.045314668689470
-0.049909511437775
0.000000000000000
0.206928847651588
-0.100107541124984
0.201062784036752
0.233402330011545
-0.060828196967240
0.148684476611391
0.108590785137495
0.086415853091344
-0.017067501340690
0.046153515878534
-0.128636857506912
-0.194355820167759
0.024781211688645
-0.147108959211300
-0.027633981931928
-0.060828196967240
0.364687241985808
-0.126877584295582
0.194790650914545
-0.038969074587855
-0.038658436948343
0.246852321851462
0.047623142431606
0.093054072857613
-0.323285324443665
-0.279896699864400
-0.060828196967240
0.464904384786651
-0.214004491797089
-0.141859053055447
0.068106134912232
0.028031481367174
-0.345069279166893
0.131982768156675
-0.051267162347449
-0.121486195302868
-0.443294193245503
-0.060828196967240
0.417517670275145
-0.050923773189117
-0.154413354528171
-0.050230992401747
-0.015133581875275
0.415330775690244
-0.220483807278027
-0.078461917021198
0.222350945641083
-0.465948912438255
-0.060828196967240
0.237572045490170
0.171695491994165
0.185809676209271
-0.002317525810215
0.001009649582718
-0.451944642834404
0.156789607557604
0.073599752410416
0.306222037251813
-0.340668144169554
-0.060828196967240
-0.017801025134074
0.193573543267360
0.101526406489503
0.053266305707777
0.013196078514413
0.451944642834404
0.015133092317696
0.057513243298714
0.032067517531769
-0.107227647173105
-0.060828196967240
-0.267522396054283
-0.010868780007702
-0.214707104449314
-0.067446498290482
-0.026332738810407
-0.415330775690244
-0.176609743441660
-0.089969728247673
-0.279579380827017
0.160256870166455
-0.060828196967240
-0.432307296450182
-0.202603652043788
-0.040414392797844
0.035069821037312
0.037336077214810
0.345069279166893
0.216176480106492
-0.031905188648596
-0.264350461774398
0.376860963549101
-0.060828196967240
-0.459837684760542
-0.157460417488298
0.226210239999190
0.021514800802834
-0.045314668689470
-0.246852321851462
-0.106521233406831
0.099050891772880
0.059949079796885
0.473814363777233
-0.060828196967240
-0.341372857217251
0.071780809287420
-0.023971754644648
-0.063248217526173
0.049622135203620
0.128636857506912
-0.076663333927382
0.003712365361631
0.314157957300946
0.420335051318411
-0.060828196967240
-0.114524559532832
0.217098069135137
-0.219387167228430
0.061322747497008
-0.017067501340690
-0.049909511437775
0.000000000000000
0.206928847651588
-0.100107541124984
0.201062784036752
0.233402330011545
-0.060828196967240
0.148684476611391
0.108590785137495
0.086415853091344
0.021514800802834
-0.049909511437775
0.246852321851462
0.156789607557604
0.003712365361631
0.059949079796885
-0.107227647173105
0.134718875417644
-0.432307296450182
0.171695491994165
-0.154413354528171
0.053266305707777
-0.049909511437775
0.415330775690244
-0.076663333927382
0.099050891772880
-0.279579380827017
-0.027633981931928
-0.197695431785713
0.417517670275145
-0.157460417488298
-0.214707104449314
0.068106134912232
-0.049909511437775
0.451944642834404
-0.220483807278027
-0.031905188648596
0.306222037251813
0.160256870166455
0.244655880010507
-0.114524559532832
-0.126877584295582
-0.023971754644648
0.061322747497008
-0.049909511437775
0.345069279166893
-0.106521233406831
-0.089969728247673
-0.121486195302868
-0.279896699864400
-0.271795763861394
-0.267522396054283
0.193573543267360
0.194790650914545
0.035069821037312
-0.049909511437775
0.128636857506912
0.131982768156675
0.057513243298714
-0.147108959211300
0.376860963549101
0.276916371355877
0.464904384786651
0.071780809287420
0.185809676209271
-0.002317525810215
-0.049909511437775
-0.128636857506912
0.216176480106492
0.073599752410416
0.314157957300946
-0.443294193245503
-0.259602861328181
-0.341372857217251
-0.214004491797089
-0.040414392797844
-0.038969074587855
-0.049909511437775
-0.345069279166893
0.047623142431606
-0.078461917021198
-0.264350461774398
0.473814363777233
0.221257871393339
-0.017801025134074
-0.010868780007702
-0.219387167228430
-0.063248217526173
-0.049909511437775
-0.451944642834404
-0.176609743441660
-0.051267162347449
0.032067517531769
-0.465948912438255
-0.164987884589437
0.364687241985808
0.217098069135137
-0.141859053055447
-0.067446498290482
-0.049909511437775
-0.415330775690244
-0.194355820167759
0.093054072857613
0.222350945641083
0.420335051318411
0.095351560596830
-0.459837684760542
-0.050923773189117
0.101526406489503
-0.050230992401747
-0.049909511437775
-0.246852321851462
0.015133092317696
0.024781211688645
-0.323285324443665
-0.340668144169554
-0.017990420242233
0.237572045490170
-0.202603652043788
0.226210239999190
0.086415853091344
-0.017067501340690
-0.049909511437775
0.000000000000000
0.206928847651588
-0.100107541124984
0.201062784036752
0.233402330011545
-0.060828196967240
0.148684476611391
0.108590785137495
0.101526406489503
-0.002317525810215
0.049622135203620
-0.345069279166893
-0.106521233406831
-0.031905188648596
0.032067517531769
0.233402330011545
-0.197695431785713
0.464904384786651
-0.202603652043788
-0.219387167228430
0.021514800802834
-0.045314668689470
0.451944642834404
-0.176609743441660
0.073599752410416
-0.147108959211300
0.233402330011545
-0.271795763861394
0.237572045490170
-0.050923773189117
0.185809676209271
-0.038969074587855
0.037336077214810
-0.246852321851462
0.156789607557604
0.093054072857613
-0.279579380827017
0.233402330011545
-0.259602861328181
-0.267522396054283
0.217098069135137
-0.023971754644648
0.053266305707777
-0.026332738810407
-0.128636857506912
0.131982768156675
0.003712365361631
-0.323285324443665
0.233402330011545
-0.164987884589437
-0.459837684760542
-0.010868780007702
-0.154413354528171
-0.063248217526173
0.013196078514413
0.415330775690244
-0.194355820167759
-0.089969728247673
-0.264350461774398
0.233402330011545
-0.017990420242233
-0.114524559532832
-0.214004491797089
0.226210239999190
0.068106134912232
0.001009649582718
-0.415330775690244
-0.076663333927382
-0.078461917021198
-0.121486195302868
0.233402330011545
0.134718875417644
0.364687241985808
0.071780809287420
-0.141859053055447
-0.067446498290482
-0.015133581875275
0.128636857506912
0.216176480106492
0.024781211688645
0.059949079796885
0.233402330011545
0.244655880010507
0.417517670275145
0.193573543267360
-0.040414392797844
0.061322747497008
0.028031481367174
0.246852321851462
0.015133092317696
0.099050891772880
0.222350945641083
0.233402330011545
0.276916371355877
-0.017801025134074
-0.126877584295582
0.194790650914545
-0.050230992401747
-0.038658436948343
-0.451944642834404
-0.220483807278027
0.057513243298714
0.314157957300946
0.233402330011545
0.221257871393339
-0.432307296450182
-0.157460417488298
-0.214707104449314
0.035069821037312
0.046153515878534
0.345069279166893
0.047623142431606
-0.051267162347449
0.306222037251813
0.233402330011545
0.095351560596830
-0.341372857217251
0.171695491994165
0.108590785137495
0.086415853091344
-0.017067501340690
-0.049909511437775
0.000000000000000
0.206928847651588
-0.100107541124984
0.201062784036753
0.233402330011545
-0.060828196967240
0.148684476611391
0.217098069135137
-0.040414392797844
-0.017067501340690
-0.045314668689470
0.415330775690244
0.047623142431606
0.057513243298714
-0.121486195302868
-0.340668144169554
0.244655880010507
-0.459837684760542
0.071780809287420
-0.154413354528171
-0.017067501340690
-0.026332738810407
0.345069279166893
-0.220483807278027
0.024781211688645
0.032067517531769
0.420335051318411
-0.259602861328181
-0.017801025134074
-0.157460417488298
-0.219387167228430
-0.017067501340690
0.001009649582718
-0.128636857506912
0.015133092317696
-0.089969728247673
0.059949079796885
-0.465948912438255
0.095351560596830
0.464904384786651
-0.202603652043788
-0.214707104449314
-0.017067501340690
0.028031481367174
-0.451944642834404
0.216176480106492
0.093054072857613
-0.147108959211300
0.473814363777233
0.134718875417644
-0.114524559532832
-0.010868780007702
-0.141859053055447
-0.017067501340690
0.046153515878534
-0.246852321851462
-0.076663333927382
-0.031905188648596
0.222350945641083
-0.443294193245503
-0.271795763861394
-0.432307296450182
0.193573543267360
-0.023971754644648
-0.017067501340690
0.049622135203620
0.246852321851462
-0.194355820167759
-0.051267162347449
-0.279579380827017
0.376860963549101
0.221257871393339
0.237572045490170
0.171695491994165
0.101526406489503
-0.017067501340690
0.037336077214810
0.451944642834404
0.131982768156675
0.099050891772880
0.314157957300946
-0.279896699864400
-0.017990420242233
0.364687241985808
-0.050923773189117
0.194790650914545
-0.017067501340690
0.013196078514413
0.128636857506912
0.156789607557604
-0.078461917021198
-0.323285324443665
0.160256870166455
-0.197695431785713
-0.341372857217251
-0.214004491797089
0.226210239999190
-0.017067501340690
-0.015133581875275
-0.345069279166893
-0.176609743441660
0.003712365361631
0.306222037251813
-0.027633981931928
0.276916371355877
-0.267522396054283
-0.126877584295582
0.185809676209271
-0.017067501340690
-0.038658436948343
-0.415330775690244
-0.106521233406831
0.073599752410416
-0.264350461774398
-0.107227647173105
-0.164987884589437
0.417517670275145
0.148684476611391
0.108590785137495
0.086415853091344
-0.017067501340690
-0.049909511437775
0.000000000000000
0.206928847651588
-0.100107541124984
0.201062784036752
0.233402330011545
-0.060828196967240
0.417517670275145
-0.214004491797089
-0.023971754644648
0.035069821037312
0.037336077214810
-0.451944642834404
0.015133092317696
-0.078461917021198
0.201062784036752
0.420335051318411
-0.271795763861394
-0.267522396054283
0.171695491994165
-0.040414392797844
-0.050230992401747
0.001009649582718
0.128636857506912
-0.194355820167759
-0.031905188648596
0.201062784036752
0.473814363777233
-0.164987884589437
-0.341372857217251
-0.010868780007702
0.101526406489503
0.061322747497008
-0.038658436948343
0.415330775690244
-0.176609743441660
0.024781211688645
0.201062784036752
0.376860963549101
0.134718875417644
0.364687241985808
-0.157460417488298
-0.154413354528171
-0.067446498290482
0.049622135203620
-0.246852321851462
0.047623142431606
0.073599752410416
0.201062784036752
0.160256870166455
0.276916371355877
0.237572045490170
0.217098069135137
0.194790650914545
0.068106134912232
-0.026332738810407
-0.345069279166893
0.216176480106492
0.099050891772880
0.201062784036752
-0.107227647173105
0.095351560596830
-0.432307296450182
-0.126877584295582
-0.219387167228430
-0.063248217526173
-0.015133581875275
0.345069279166893
0.131982768156675
0.093054072857613
0.201062784036752
-0.340668144169554
-0.197695431785713
-0.114524559532832
-0.050923773189117
0.226210239999190
0.053266305707777
0.046153515878534
0.246852321851462
-0.106521233406831
0.057513243298714
0.201062784036752
-0.465948912438255
-0.259602861328181
0.464904384786651
0.193573543267360
-0.214707104449314
-0.038969074587855
-0.045314668689470
-0.415330775690244
-0.220483807278027
0.003712365361631
0.201062784036752
-0.443294193245503
-0.017990420242233
-0.017801025134074
-0.202603652043788
0.185809676209271
0.021514800802834
0.013196078514413
-0.128636857506912
-0.076663333927382
-0.051267162347449
0.201062784036752
-0.279896699864400
0.244655880010507
-0.459837684760542
0.071780809287420
-0.141859053055447
-0.002317525810215
0.028031481367174
0.451944642834404
0.156789607557604
-0.089969728247673
0.201062784036752
-0.027633981931928
0.221257871393339
-0.060828196967240
0.148684476611391
0.108590785137495
0.086415853091344
-0.017067501340690
-0.049909511437775
0.000000000000000
0.206928847651588
-0.100107541124984
0.201062784036752
0.233402330011545
0.276916371355877
-0.341372857217251
0.193573543267360
0.086415853091344
-0.050230992401747
-0.026332738810407
0.451944642834404
-0.076663333927382
0.093054072857613
-0.264350461774398
-0.465948912438255
-0.017990420242233
-0.432307296450182
0.217098069135137
0.086415853091344
-0.067446498290482
0.028031481367174
-0.128636857506912
-0.106521233406831
-0.078461917021198
0.306222037251813
0.376860963549101
-0.271795763861394
-0.017801025134074
0.171695491994165
0.086415853091344
-0.063248217526173
0.049622135203620
-0.415330775690244
0.216176480106492
0.057513243298714
-0.323285324443665
-0.027633981931928
0.095351560596830
0.417517670275145
0.071780809287420
0.086415853091344
-0.038969074587855
0.013196078514413
0.246852321851462
-0.176609743441660
-0.031905188648596
0.314157957300946
-0.340668144169554
0.244655880010507
0.364687241985808
-0.050923773189117
0.086415853091344
-0.002317525810215
-0.038658436948343
0.345069279166893
0.015133092317696
0.003712365361631
-0.279579380827017
0.473814363777233
-0.164987884589437
-0.114524559532832
-0.157460417488298
0.086415853091344
0.035069821037312
-0.045314668689470
-0.345069279166893
0.156789607557604
0.024781211688645
0.222350945641083
-0.279896699864400
-0.197695431785713
-0.459837684760542
-0.214004491797089
0.086415853091344
0.061322747497008
0.001009649582718
-0.246852321851462
-0.220483807278027
-0.051267162347449
-0.147108959211300
-0.107227647173105
0.221257871393339
-0.267522396054283
-0.202603652043788
0.086415853091344
0.068106134912232
0.046153515878534
0.415330775690244
0.131982768156675
0.073599752410416
0.059949079796885
0.420335051318411
0.134718875417644
0.237572045490170
-0.126877584295582
0.086415853091344
0.053266305707777
0.037336077214810
0.128636857506912
0.047623142431606
-0.089969728247673
0.032067517531769
-0.443294193245503
-0.259602861328181
0.464904384786651
-0.010868780007702
0.086415853091344
0.021514800802834
-0.015133581875275
-0.451944642834404
-0.194355820167759
0.099050891772880
-0.121486195302868
0.160256870166455
0.233402330011545
-0.060828196967240
0.148684476611391
0.108590785137495
0.086415853091344
-0.017067501340690
-0.049909511437775
0.000000000000000
0.206928847651588
-0.100107541124984
0.201062784036752
0.473814363777233
-0.259602861328181
0.237572045490170
-0.157460417488298
-0.141859053055447
0.061322747497008
0.013196078514413
-0.415330775690244
0.131982768156675
-0.100107541124984
0.306222037251813
0.160256870166455
0.134718875417644
-0.459837684760542
0.193573543267360
0.185809676209271
-0.063248217526173
0.046153515878534
-0.345069279166893
0.015133092317696
-0.100107541124984
0.314157957300946
-0.340668144169554
0.221257871393339
0.364687241985808
-0.214004491797089
-0.214707104449314
0.021514800802834
-0.026332738810407
0.128636857506912
-0.106521233406831
-0.100107541124984
0.222350945641083
-0.443294193245503
-0.197695431785713
-0.017801025134074
0.217098069135137
0.226210239999190
0.035069821037312
-0.038658436948343
0.451944642834404
-0.194355820167759
-0.100107541124984
0.059949079796885
-0.027633981931928
-0.164987884589437
-0.341372857217251
-0.202603652043788
-0.219387167228430
-0.067446498290482
0.037336077214810
0.246852321851462
-0.220483807278027
-0.100107541124984
-0.121486195302868
0.420335051318411
0.244655880010507
0.464904384786651
0.171695491994165
0.194790650914545
0.053266305707777
0.028031481367174
-0.246852321851462
-0.176609743441660
-0.100107541124984
-0.264350461774398
0.376860963549101
0.095351560596830
-0.267522396054283
-0.126877584295582
-0.154413354528171
-0.002317525810215
-0.045314668689470
-0.451944642834404
-0.076663333927382
-0.100107541124984
-0.323285324443665
-0.107227647173105
-0.271795763861394
-0.114524559532832
0.071780809287420
0.101526406489503
-0.050230992401747
-0.015133581875275
-0.128636857506912
0.047623142431606
-0.100107541124984
-0.279579380827017
-0.465948912438255
-0.017990420242233
0.417517670275145
-0.010868780007702
-0.040414392797844
0.068106134912232
0.049622135203620
0.345069279166893
0.156789607557604
-0.100107541124984
-0.147108959211300
-0.279896699864400
0.276916371355877
-0.432307296450182
-0.050923773189117
-0.023971754644648
-0.038969074587855
0.001009649582718
0.415330775690244
0.216176480106492
-0.100107541124984
0.032067517531769
0.201062784036752
0.233402330011545
-0.060828196967240
0.148684476611391
0.108590785137495
0.086415853091344
-0.017067501340690
-0.049909511437775
0.000000000000000
0.206928847651588
-0.100107541124984
-0.323285324443665
-0.443294193245503
0.221257871393339
-0.114524559532832
0.108590785137495
0.185809676209271
-0.067446498290482
0.001009649582718
0.345069279166893
-0.176609743441660
0.099050891772880
0.222350945641083
-0.107227647173105
0.244655880010507
-0.341372857217251
0.108590785137495
0.226210239999190
-0.038969074587855
0.049622135203620
-0.451944642834404
0.131982768156675
-0.089969728247673
0.032067517531769
0.473814363777233
-0.017990420242233
-0.459837684760542
0.108590785137495
0.194790650914545
0.035069821037312
-0.015133581875275
0.246852321851462
-0.076663333927382
0.073599752410416
-0.264350461774398
-0.027633981931928
-0.259602861328181
-0.432307296450182
0.108590785137495
0.101526406489503
0.068106134912232
-0.045314668689470
0.128636857506912
0.015133092317696
-0.051267162347449
0.314157957300946
-0.465948912438255
-0.197695431785713
-0.267522396054283
0.108590785137495
-0.023971754644648
0.021514800802834
0.028031481367174
-0.415330775690244
0.047623142431606
0.024781211688645
-0.147108959211300
0.160256870166455
0.095351560596830
-0.017801025134074
0.108590785137495
-0.141859053055447
-0.050230992401747
0.037336077214810
0.415330775690244
-0.106521233406831
0.003712365361631
-0.121486195302868
0.420335051318411
0.276916371355877
0.237572045490170
0.108590785137495
-0.214707104449314
-0.063248217526173
-0.038658436948343
-0.128636857506912
0.156789607557604
-0.031905188648596
0.306222037251813
-0.279896699864400
0.134718875417644
0.417517670275145
0.108590785137495
-0.219387167228430
-0.002317525810215
-0.026332738810407
-0.246852321851462
-0.194355820167759
0.057513243298714
-0.279579380827017
-0.340668144169554
-0.164987884589437
0.464904384786651
0.108590785137495
-0.154413354528171
0.061322747497008
0.046153515878534
0.451944642834404
0.216176480106492
-0.078461917021198
0.059949079796885
0.376860963549101
-0.271795763861394
0.364687241985808
0.108590785137495
-0.040414392797844
0.053266305707777
0.013196078514413
-0.345069279166893
-0.220483807278027
0.093054072857613
-0.100107541124984
0.201062784036752
0.233402330011545
-0.060828196967240
0.148684476611391
0.108590785137495
0.086415853091344
-0.017067501340690
-0.049909511437775
0.000000000000000
0.206928847651588
-0.089969728247673
0.314157957300946
0.376860963549101
-0.164987884589437
-0.017801025134074
-0.050923773189117
-0.214707104449314
0.068106134912232
-0.015133581875275
-0.246852321851462
0.206928847651588
-0.051267162347449
0.059949079796885
-0.340668144169554
0.276916371355877
-0.114524559532832
-0.010868780007702
0.194790650914545
-0.002317525810215
0.037336077214810
-0.415330775690244
0.206928847651588
0.003712365361631
-0.264350461774398
-0.279896699864400
-0.197695431785713
0.237572045490170
0.071780809287420
-0.040414392797844
-0.067446498290482
0.046153515878534
-0.451944642834404
0.206928847651588
0.057513243298714
-0.279579380827017
0.420335051318411
-0.017990420242233
-0.341372857217251
-0.126877584295582
-0.141859053055447
0.021514800802834
0.001009649582718
-0.345069279166893
0.206928847651588
0.093054072857613
0.032067517531769
0.160256870166455
0.221257871393339
0.417517670275145
0.171695491994165
0.226210239999190
0.061322747497008
-0.045314668689470
-0.128636857506912
0.206928847651588
0.099050891772880
0.306222037251813
-0.465948912438255
-0.271795763861394
-0.459837684760542
-0.202603652043788
-0.154413354528171
-0.038969074587855
-0.038658436948343
0.128636857506912
0.206928847651588
0.073599752410416
0.222350945641083
-0.027633981931928
0.134718875417644
0.464904384786651
0.217098069135137
-0.023971754644648
-0.050230992401747
0.013196078514413
0.345069279166893
0.206928847651588
0.024781211688645
-0.121486195302868
0.473814363777233
0.095351560596830
-0.432307296450182
-0.214004491797089
0.185809676209271
0.053266305707777
0.049622135203620
0.451944642834404
0.206928847651588
-0.031905188648596
-0.323285324443665
-0.107227647173105
-0.259602861328181
0.364687241985808
0.193573543267360
-0.219387167228431
0.035069821037312
0.028031481367174
0.415330775690244
0.206928847651588
-0.078461917021198
-0.147108959211300
-0.443294193245503
0.244655880010507
-0.267522396054283
-0.157460417488298
0.101526406489503
-0.063248217526173
-0.026332738810407
0.246852321851462
0.206928847651588
0.206928847651588
-0.100107541124984
0.201062784036752
0.233402330011545
-0.060828196967240
0.148684476611391
0.108590785137495
0.086415853091344
-0.017067501340690
-0.049909511437775
0.000000000000000
-0.220483807278027
0.073599752410416
-0.279579380827017
-0.279896699864400
0.095351560596830
0.148684476611391
-0.010868780007702
0.226210239999190
-0.063248217526173
0.028031481367174
0.128636857506912
0.216176480106492
0.003712365361631
-0.121486195302868
-0.465948912438255
0.221257871393339
0.148684476611391
-0.126877584295582
0.101526406489503
0.035069821037312
0.013196078514413
-0.246852321851462
-0.194355820167759
-0.078461917021198
0.314157957300946
-0.107227647173105
0.276916371355877
0.148684476611391
-0.202603652043788
-0.141859053055447
0.053266305707777
-0.045314668689470
0.345069279166893
0.156789607557604
0.099050891772880
0.032067517531769
0.376860963549101
0.244655880010507
0.148684476611391
-0.214004491797089
-0.219387167228430
-0.050230992401747
0.046153515878534
-0.415330775690244
-0.106521233406831
-0.051267162347449
-0.323285324443665
0.420335051318411
0.134718875417644
0.148684476611391
-0.157460417488298
-0.040414392797844
-0.038969074587855
-0.015133581875275
0.451944642834404
0.047623142431606
-0.031905188648596
0.059949079796885
-0.027633981931928
-0.017990420242233
0.148684476611391
-0.050923773189117
0.185809676209271
0.061322747497008
-0.026332738810407
-0.451944642834404
0.015133092317696
0.093054072857613
0.306222037251813
-0.443294193245503
-0.164987884589437
0.148684476611391
0.071780809287420
0.194790650914545
0.021514800802834
0.049622135203620
0.415330775690244
-0.076663333927382
-0.089969728247673
-0.147108959211300
-0.340668144169554
-0.259602861328181
0.148684476611391
0.171695491994165
-0.023971754644648
-0.067446498290482
-0.038658436948343
-0.345069279166893
0.131982768156675
0.024781211688645
-0.264350461774398
0.160256870166455
-0.271795763861394
0.148684476611391
0.217098069135137
-0.214707104449314
-0.002317525810215
0.001009649582718
0.246852321851462
-0.176609743441660
0.057513243298714
0.222350945641083
0.473814363777233
-0.197695431785713
0.148684476611391
0.193573543267360
-0.154413354528171
0.068106134912232
0.037336077214810
-0.128636857506912
