0.002229787408951
0.107322372680348
0.440053095816336
0.059609553674126
0.150350372055563
0.180045624120418
0.191287919531768
-0.148897697963080
0.190184044853749
-0.198580840597599
-0.000895375383978
-0.212884810314384
0.092606121717939
0.248193969040306
0.400465475092451
0.202796516404293
-0.102169116837364
0.023319512343565
-0.051779570206957
0.083531882603599
-0.270751200488928
-0.147957277329532
0.111593366028689
-0.273839057738832
0.315410176297763
-0.057337059492696
-0.030170799689971
0.018438593843143
0.036767035485163
0.044825957495611
0.273203929813811
0.406331955046233
0.174488430711405
0.031075605419859
0.032660079016278
-0.101949545062199
0.030525565960755
0.044277218973873
0.013296642048440
-0.180448737945543
-0.163903325922435
-0.261229086288775
0.469964381929311
-0.243085209562445
-0.394824528628659
0.050010519285173
0.096688596207553
-0.024195155208548
0.170013227881440
-0.251912265679862
0.044364071225901
0.012063660889170
0.161273190168801
-0.122594186681533
-0.223496932160866
-0.229722657023011
-0.085882469635755
-0.084499086827051
-0.149922872026140
0.180199429146659
-0.052099241649527
-0.069075044507377
-0.161949873415589
-0.004060157409587
0.152282887715446
0.195502923384448
0.297011919595186
0.076564471694256
0.482555398822225
-0.118612218242453
0.156805639312493
-0.073022590067442
-0.125344884528377
-0.176645154562323
-0.405039426311503
-0.012198783978600
0.138509994014978
-0.252510521423592
0.567403312891482
0.206704412084770
-0.440944032882620
0.060970519161300
0.116333167982059
-0.020969809705426
0.072579943528401
-0.081839763941942
-0.275099962275253
0.113403188314176
0.053872232808032
0.232900294121924
-0.108092863254319
0.553012857121944
0.081705210032807
-0.050822777955437
-0.194245679333291
-0.070028100580236
-0.142184467754368
-0.035652492322921
-0.089333348172895
0.270013955305391
-0.133791247472096
-0.235896597363406
0.279579748959099
0.165284502377905
0.089916739981480
-0.160597430069801
0.130610510150045
-0.002983473736259
0.107027518213608
0.531147897454961
-0.016279776873899
-0.237884154125806
0.411840987746025
0.085139676013760
-0.072099946971507
0.259580386083832
0.110909809141923
0.071654824383573
0.335759545065887
0.248539980156185
-0.030910625822005
0.239053279410793
0.139011743442097
0.154944040655845
0.125330187098238
0.157707419465479
-0.166144935581127
0.456276538479221
-0.141815485087349
0.017708009495424
-0.226806147184664
-0.307287992398397
0.007938295377849
-0.269046673745071
-0.186641014622325
0.192441905801582
0.000252552890827
-0.195404241829380
-0.145336421020963
-0.191456641602199
-0.067058280693436
0.001930951427097
-0.298291803980322
0.182001908760236
0.383516958686721
-0.172786965524053
0.158463798386169
-0.221674312538607
-0.055785164061339
-0.108656207007933
-0.235160341752290
-0.010160919249173
0.248813168980055
0.231280057586605
0.126240241093961
0.254571607095888
0.090086433477432
0.212695425622822
-0.050157552886678
0.581568589157190
0.038497666486611
-0.165205032213623
-0.215633170240916
-0.079498874158241
-0.113528000811880
-0.055735475029306
0.118439889632624
-0.017482046435637
-0.101788496738192
-0.186666529142231
-0.075031525307285
0.417059727160984
-0.262423271089701
-0.028286408343279
0.198145483988805
-0.183127630200638
0.126923068459434
-0.048441307411910
0.163966190545682
0.107228793229765
-0.274481001414804
-0.130202377518316
-0.224999341856572
-0.121301444517710
-0.230751142272465
0.011579423531818
-0.024522067447806
-0.053137356344150
0.438964865849689
0.227721016820258
-0.206110362835942
-0.235096788023861
0.022909382553014
-0.027329367061157
-0.270808685837765
0.127121416061141
0.149916919774470
0.023689564811101
0.295081495517427
-0.025385975039000
-0.188697683003648
-0.173215703920025
0.277836106492026
-0.029436529980595
-0.250774541830250
0.015159029179498
-0.044410109795578
0.434364820328157
-0.036196442053686
0.018570000389576
0.198896443589956
0.121860245183200
0.080801775613833
0.049929385617314
-0.027631854881222
0.017406955031647
-0.226884454433313
0.042437446808105
-0.065631894813546
0.212095802868733
-0.103056110216238
0.507153018042298
-0.393236929598429
0.200490568309579
-0.047978197618540
-0.279983836429228
-0.000000000000000
0.204250505585355
0.275443876253214
-0.186551696810823
-0.103566839474419
-0.203748219735574
0.078107546907618
-0.349961963679209
-0.135838180006818
0.215824756982110
-0.086308280714202
0.003925956519998
-0.000000000000000
-0.248183831188638
0.139276113956175
-0.315468542313133
0.225193236412507
0.114392791777468
-0.159564901957376
0.115377005105023
0.158140999865826
0.151290320895798
0.096892425104059
0.004358155767825
-0.196688237216854
-0.334851299270350
0.100941234028291
0.372360086760572
0.026778409101863
-0.000000000000000
0.245091657648645
-0.266456668011875
0.278895294262865
0.303908523660461
0.302339508165201
0.010258801433008
-0.048314288356789
0.065546303026933
0.180722037855737
-0.041339383073119
-0.000000000000000
0.186712568358256
0.081706748600650
-0.076113491164480
-0.110870541959254
-0.227193734300338
-0.130060981438488
-0.101494591209530
0.000086930514097
-0.256565749239211
0.127455040716753
0.024086127873897
-0.047122471551698
0.300255221049970
-0.216659138001280
0.348833794949058
-0.040150783176802
0.280874971857841
-0.096751037022233
0.190469179288242
-0.045247968615538
0.083504681108317
0.067763841119193
-0.275383802185857
-0.087501172077542
0.128344513682871
-0.000000000000000
-0.293328420490051
-0.136938891677957
-0.044788879587621
0.070124150891229
0.085600597833554
0.051123329433714
-0.183687929021008
0.022384072156784
0.027725095467988
0.000000000000000
-0.001968881402448
-0.053754407568092
0.098837987671641
-0.072970333273712
-0.102967595971294
-0.158029886011717
-0.058121738190912
0.048860291292140
0.304959816136040
0.193721395919549
0.012894669698131
-0.335770686228559
-0.000000000000000
0.144875940033088
0.134499448250550
0.034398115312409
0.080343334132388
-0.100919512147800
0.346962201498385
0.151533580295495
-0.200513245410158
0.333369086841575
0.202739419124713
-0.150659740507381
-0.096892697208250
0.107830310236639
0.029997834605623
0.032832044974574
-0.043696493999742
0.260250209410609
-0.000000000000000
0.075963069501430
0.046920975217969
0.000000000000000
0.036714199539034
0.139871593929582
0.024803388854161
0.217944955011979
0.019431062524517
0.040002303054578
-0.116352229277820
-0.391505409816214
0.201856592869826
-0.197158999130607
-0.037533117817706
0.112755835538916
-0.291621445150437
0.085720821573512
-0.000000000000000
-0.011699547010378
0.201930468784827
0.172228843928076
-0.185122670673047
-0.216959089417006
-0.121889961095238
-0.180062883715466
0.303097015114873
-0.181411952011245
0.059952183915349
0.149170603791533
-0.021611049530359
-0.095573935433217
0.047009199875763
0.221309908185368
0.225586996140246
0.000000000000000
0.011171156806003
0.116057892361173
0.070454618973032
0.178086666643095
0.311918635782860
-0.196221204398985
-0.238579978618220
-0.269738429543152
0.097599553716815
-0.233785281305849
0.016301208887726
-0.154119467039610
0.218719187758900
-0.314039285145014
-0.000000000000000
-0.065680731380422
0.136846168408493
-0.077467169892188
0.180226344108679
0.212608785414715
0.158070552325012
0.236331781534168
-0.023343269945519
-0.208499419960139
-0.271460854347968
-0.082415925718791
0.000000000000000
-0.113766218526790
0.405160066011360
0.146826585827166
-0.247412105015268
-0.054798278744377
0.057928991021520
-0.112114043249746
0.194710736402553
0.127887348483139
0.163131964386837
-0.047924961403760
-0.132698356111089
0.247389173831400
0.064724732593742
-0.061189017294864
-0.112279713537674
0.000000000000000
0.102173517123990
0.158418739517600
-0.250490560072888
-0.086623459993921
0.138207233242114
0.219214267384179
-0.412552857207832
-0.277044936216528
0.192914389643197
-0.065726420654157
-0.007741443985104
0.255587814372721
0.097110643811990
0.114938775800979
-0.100292247871957
0.342523015513084
0.173521793229341
0.262592035738815
-0.000000000000000
-0.231893058086436
0.060190665459075
0.144978235161466
0.140557576721153
-0.083817704891404
0.197199282590091
-0.081212794203504
-0.078946758792096
-0.216588389235478
0.094005062436823
0.070736411923914
-0.218682123989687
-0.393699489269617
0.000000000000000
-0.077463919942308
-0.034446983636241
