0.087842277444140
0.040615006198297
-0.253121756349333
0.031603909663977
0.388835881342365
0.154503645297179
-0.130648433310688
-0.092163259703910
0.054283751145974
0.191985237275331
-0.093757987300289
-0.225446969564797
-0.015125918966156
-0.173043716846687
-0.114405391796843
0.149879857031106
-0.064472784553719
-0.093104233593830
-0.263825589683683
-0.068072022870297
0.230789197444043
0.018822307308666
-0.293228541363706
0.581609849430471
0.019237292130951
0.044185573867483
-0.049618486294915
0.118714121170643
0.109139325473981
0.055416583597213
0.310628559724557
-0.321473165405990
0.201822879673107
0.065906050670654
0.044072852283587
-0.285438774698171
0.036618294047219
0.305280221757173
0.106383475648049
0.260880653698813
0.091714116972463
-0.010071942545052
0.436039119843011
0.150012350274608
0.105108064741461
0.024788347475161
-0.149593426894001
0.237118351087226
-0.313192758394833
0.466299315600936
-0.240690662371329
0.087521491504369
-0.059686069959004
-0.102604213257778
-0.362327307617242
-0.032543471152338
0.212337419902244
-0.012510682078239
0.164592734849962
0.181376376847325
-0.163387814016348
-0.247099636811654
-0.004485194907316
-0.109935226866583
-0.126665943287947
0.091070063026392
0.105446905688259
0.112764210728267
-0.205180735906966
-0.148188173872116
0.539993929727015
0.109289843952398
0.093851446733289
-0.224685906014036
-0.269896056954870
0.263152818237289
-0.127489765307447
-0.138585958198681
0.196521762023428
-0.086091296772817
0.113987689154947
-0.270987432461103
0.223003172489633
0.005159084874839
-0.349208347946800
0.026158016547766
-0.226186266881155
-0.101798527486484
0.161712406696413
0.417270443111378
-0.113637162611230
0.114859014052553
0.247502791890478
-0.142213034560671
0.039346622760118
0.466079449027060
-0.019403278447820
0.062893559017309
0.020030470246701
0.093007240969662
-0.044284343142751
0.073989648365863
0.198984579639088
0.037653261760162
0.168192489019302
0.512682782202892
0.079450691963340
-0.215766282076085
0.102136907440102
-0.083624111700821
-0.132310258668973
0.314598212852976
-0.204586164888113
-0.069643984791641
-0.138928477791516
-0.010119873682187
0.200335243531764
0.058158239069418
-0.153470866994480
-0.183761280398443
0.478113319369272
-0.025315507311514
0.013207628089553
-0.252086164126854
-0.147143167910877
-0.020147254793184
-0.265948999759380
-0.183127024364345
0.000919461594803
0.052904278890900
0.076331595231144
0.004975125770851
-0.364567966488969
0.002413620484961
0.117191326608407
0.093236598585896
0.070007645390488
-0.174488714304689
0.011892452381611
0.021253988615678
0.011661519210780
0.450115483479737
0.410171657577921
-0.019665008965626
0.294057655816472
-0.068672364612099
-0.052228411018817
-0.164975438764254
-0.064188803560772
-0.008726005755235
-0.046297225364929
-0.058196146367518
-0.134944599204610
-0.130580038450807
-0.134752876818894
0.289463045410091
0.097832805779701
0.094100187725366
-0.219953414467620
-0.155894185120414
-0.236119122646155
-0.144677289898788
0.485333383910414
-0.051166659154499
0.132304374370092
0.002539718564966
-0.120665103953824
-0.028236151765416
-0.100024146410812
0.083315131565172
0.092282765599953
0.058810168523139
0.193524905999923
0.460388129872874
0.002348376771510
-0.337545051589798
-0.069330410899586
-0.074347594368921
0.156240801106077
-0.248871883895379
0.055420011506635
0.176231716497637
-0.122938431600322
-0.189927885461564
0.148356387570938
0.136680406111999
-0.157761973963386
0.046231319371729
-0.262669810244136
0.049710803864763
0.251770095925989
-0.020075974522805
0.236527534813110
0.442403485922838
0.006031213984076
-0.024251330893192
0.058787445419477
0.332151619422508
0.288629345257393
-0.228092626069404
0.083311919482903
0.032302344313842
-0.023609654834567
0.051877001933178
0.064073386060496
0.046776288902229
0.132921174924158
-0.152425832145744
-0.219742233310880
0.396486538515671
-0.036288419854672
0.562477506201797
0.021365894376056
0.082891509593451
-0.018534567050864
-0.096568458189272
-0.093499822526031
0.036098018995655
-0.028453027326865
0.116985335938966
0.206397769662698
0.003099807898161
0.120956395143317
0.194441388606711
-0.202063702522044
0.077975880654458
0.451958990460265
0.255308785616537
-0.139000036121635
-0.135250292986255
-0.190398429638688
0.006425649972190
0.354072809327172
0.175595575183734
-0.052219371171158
-0.071426382623645
-0.346904515600821
0.063741928933215
0.046821877100524
-0.142188743702233
0.061048315050239
-0.082619913069163
-0.219926215182072
-0.169250619359520
0.075108237778547
-0.062210895343918
-0.294503098752737
0.507504966323581
0.067775354540230
-0.189541426537084
0.121971525130856
0.236529595450257
-0.136417200456508
-0.200824147198018
-0.212350030883887
0.091987875271099
-0.238050823345693
0.006448753284465
-0.018636206782449
-0.227103570471547
0.005115562813620
0.330764469790482
0.111619609992303
-0.190362111788232
0.289554526550456
-0.070899935720368
-0.022116379251429
-0.236014991510066
0.479604160569066
0.020141074510602
0.127709658672554
0.197822324625735
-0.142402989324959
-0.345184548939236
-0.000000000000000
0.285775454240766
0.067662972504060
0.239535291967770
-0.121273571975007
0.165403624346167
-0.166940966612321
0.288552356281331
-0.223030739685039
-0.201237230216911
0.017874006243349
-0.074737573743185
0.042071398616860
-0.273981577560476
0.146637579504988
-0.118305676697600
-0.118136308029288
-0.213691436662037
0.190824754175479
0.000000000000000
-0.087380172011410
-0.150585835052526
0.202237076888387
-0.122866398050583
0.279947508588589
-0.010471075099166
-0.282453670316464
0.064481562307780
0.143126482241708
0.127242167736952
-0.142720369459755
-0.029415993397088
-0.002486635698187
0.151411439451710
0.151735227438990
-0.111441656909097
-0.187475740684866
0.125703272002779
-0.000000000000000
-0.085945945219654
0.083701112906932
0.112313474112285
0.201435418071717
-0.064327974889623
-0.014569562586827
0.000000000000000
0.034420797619309
0.025209907397311
-0.036218749801371
-0.211406312486493
-0.018056108605447
-0.214073347851794
-0.016225512245657
0.087354487953329
-0.245993079828603
0.260916950318049
-0.132176106920583
-0.191395949646307
0.085898194246744
-0.048480942824102
-0.164319831303732
0.279852215604972
-0.220506759392122
0.054982082386313
-0.151846195598997
-0.032614904777638
-0.000000000000000
-0.185332144478101
-0.228698033067090
0.073637605935219
-0.123468684613770
-0.243341882778203
-0.118263453079607
0.032683036795679
-0.282663288907828
0.072572768060042
0.132894201485769
0.279699890863454
-0.024279464554182
0.154039986037765
0.099804371854781
0.120696128347707
0.078957975133366
-0.134817352593483
0.008382097049061
0.000000000000000
0.118371519846775
0.015459606960272
-0.011031303247302
0.066219567431891
0.286920703062174
0.000000000000000
0.330363441234162
0.119672240900407
-0.018042391153589
-0.170445994720238
0.312208852871767
-0.319404264612993
-0.125301952329366
-0.149071119703835
0.303606610539077
0.000000000000000
0.180144807235743
0.265713723317136
-0.265798615783346
0.287356735145315
-0.029532337493980
-0.152729797018164
0.027150969646476
0.041505571571254
0.092790547733399
0.051348604521588
-0.105122467553123
-0.183240783915953
-0.068805678926009
0.199730786838982
-0.000000000000000
0.028835692462592
0.082518603479183
0.018820622374738
-0.007373804322927
-0.008741316255287
0.095294878135186
-0.214513062175950
-0.244125670262683
-0.126811691165646
-0.226614926822901
-0.377866849792337
-0.006047052679253
-0.074386717875638
-0.294642378037050
-0.041346908926050
-0.044071868792170
-0.144163135575833
0.233501367135839
0.435706839751325
0.283813089749715
0.000000000000000
0.043654880391516
-0.129712552656185
-0.014722561864240
-0.251312044637859
-0.029751087266651
-0.058057161040152
0.147943842138758
0.032791099972106
-0.064924999741595
-0.194341249073185
0.072937958994967
-0.253729868771056
-0.074921517724747
-0.310851120506042
-0.062684200995691
0.054600797798564
-0.198581918567911
0.116941720824583
-0.333521993513827
-0.053128783535087
0.000000000000000
-0.213644429609547
0.012231441718938
0.088904181875644
-0.286280616511713
0.137713552707699
0.022840624219233
-0.022112133501348
0.022031829568591
-0.213772873344883
0.062169726168452
0.000000000000000
0.262593178064217
0.163050834644562
-0.383882526929901
-0.022780766222186
-0.263159363203073
-0.152043945214560
0.136779237006704
0.076591078565352
0.195679357152192
0.328813083487351
0.116615638181580
0.282453482764325
-0.019188852223462
-0.138177945530917
-0.008584990862592
0.189821703222938
0.082149248563000
0.194848379624622
-0.181557226644769
-0.000000000000000
-0.249799450433695
0.109585836025146
-0.116388623294235
0.170798721297865
0.086557659942968
0.152961533849176
0.041912501688630
-0.220767268536823
0.076893804993609
-0.187912589577376
0.366093756093560
-0.138141334060788
0.271264088819922
0.274856955267523
-0.082510005569301
-0.000000000000000
-0.233181939495345
0.000000000000000
-0.313840294504013
-0.122128427267866
-0.016290156651592
-0.369875897742067
-0.062386998187111
-0.248005703530332
-0.102029076940035
0.298868869570571
-0.000081375594435
-0.047691434556641
-0.074735557999840
0.005979021639127
0.164324084662343
0.311282684248303
-0.000000000000000
0.223499193331661
-0.185286207344159
-0.153412133763884
0.073410521195262
0.019559688154186
-0.046647429950802
-0.065094759465668
-0.208557489675328
-0.216271224100860
0.085257341875640
0.064821304990955
0.001856994833945
-0.145170622039601
-0.007127150948457
-0.028382255082229
-0.310081842741598
0.052237485742990
0.051204143857846
-0.054370819994753
0.012943160701221
-0.000000000000000
0.287410143362700
0.124112584856441
-0.021475053357094
0.062099890192376
0.288609248357080
-0.192323265013335
0.123136463188595
-0.013039927300716
0.110571303670899
-0.238630544610070
-0.223043433725614
-0.322594569758204
0.079170694595778
0.025200481040689
-0.081857094126306
0.003886633439627
0.181918812007275
0.124327427317355
-0.100535817844816
0.093555228817344
0.000000000000000
0.212376362675205
