-0.115956174740107
-0.154864567124614
0.203853272075932
0.227170999329266
0.045161270770820
0.251620935223392
-0.040318004404343
-0.026156226703444
0.483172585787420
0.150204989956141
-0.016985837636528
-0.120390924303734
-0.091615617509679
-0.160933447265676
0.040584626394574
0.035324026764859
0.000256567843481
0.128415661019829
-0.159539724684128
0.235583308051805
0.110104316118882
-0.250720179673593
0.189361293077256
0.114338020623478
-0.109410678875469
0.098860220652024
-0.223150240376168
-0.142017950855062
0.418951393114135
-0.050696975213595
0.197802752130243
-0.196927980084039
0.042506241423427
0.226011588463454
-0.042561283508030
-0.226189840278583
-0.058431959344531
-0.067257797815501
-0.002540376747529
-0.165634735902644
0.260386691685970
0.407057736047641
0.124028338932648
0.065887155567353
0.279071126188408
0.199692671143302
-0.216144527772240
-0.040743714274737
-0.100247200967307
0.019658497110553
0.043051519676782
-0.285990675360531
-0.047671743972290
-0.165596652473361
0.152896448568389
0.139188665489125
0.158421752439590
0.222774614730325
0.018564830708416
0.176935501078093
-0.360103945624402
0.093980583791939
-0.100644002153765
0.432209093228073
-0.113154894718926
-0.031786922810035
0.034910771416205
-0.173537163035769
-0.389348012463120
0.176032687424793
-0.190604593468485
0.170914120375270
0.048928042538216
0.114178857570763
0.459230744224060
-0.251120326592966
-0.109657056305970
-0.246171850496235
-0.141990562770235
-0.163305894008266
0.022411142094918
0.537115341842216
-0.213905627023180
0.018374241193748
-0.063201391399147
-0.044006823251245
0.189944165254822
0.016494580480449
0.354711168739349
0.064321974168908
-0.071863556524622
-0.098897678076804
-0.108577598622564
-0.065304386900463
0.028135806548124
-0.176570101859667
0.041230021694309
-0.100806521076820
-0.055182675736713
-0.267752563790013
-0.113090863389608
-0.081960107988716
0.505456033691659
0.022775360002605
-0.238202771586981
0.028443161185456
0.016341116918201
-0.135037549700333
-0.136786011603983
0.255916725735792
0.058881266705549
0.272337939373619
0.027145976593059
0.203131225253564
0.266893109413300
-0.142161414538018
0.222557240000097
-0.231115438929879
-0.118940361852673
-0.229684521805550
-0.224523367657038
0.409255826596168
-0.360535600825937
0.009517272122438
0.062656475379955
-0.026856957581531
-0.166823886123133
0.048891284428571
-0.055924568546747
0.379196079668234
-0.038175455213758
0.015500278000849
0.021922815399775
0.151241309390029
0.526488281479693
-0.075482319436677
0.034723683772169
-0.023267847247395
0.126049925880131
-0.026866403998017
0.050604774026914
0.114853397814964
-0.004457345896530
-0.124947142725437
-0.114219116127886
-0.201563668716385
0.111364752412320
0.118228925996057
-0.169336937844750
0.419245979339223
0.207928679819267
0.160733244307588
-0.012300104241384
0.211528646701274
-0.158652825606785
-0.140504390537442
0.135958084533883
0.167638923973314
-0.087797844058219
0.105033317401973
-0.006048793767558
0.267178616087682
0.307614148344899
0.246987025554622
-0.204054933055006
0.037336857852610
0.058228236565638
0.450901849664569
0.053476216322798
-0.097734295181251
-0.078889269550168
-0.341753616947556
-0.088395308676755
0.066645325250698
-0.136521587887501
-0.056021599752324
0.455730878596630
-0.151685113606948
0.013842486030228
0.107385583882107
0.134207634347387
0.093863935381144
-0.062403862864252
-0.036209550978466
0.280788552368442
0.108020663385661
-0.173210646278205
0.053955586441863
-0.276622205071844
-0.217023359996995
-0.156837746336245
0.087293178852891
0.362088321939339
0.096398695655633
0.408071473272340
-0.147119491491164
-0.125819099768686
-0.176395143228734
0.234003076491489
0.017478025051748
-0.198066568152413
-0.061120391066072
0.190303180704311
0.143967602284541
-0.173787832906438
-0.104218295617595
-0.306081141502717
-0.104254768095264
-0.140037818466290
-0.184309706202325
-0.126299761841588
-0.069877617962319
0.206007057305160
-0.031382231459747
-0.065233167441873
0.093489257313187
0.086816285502943
0.107873361723396
0.049813831973209
0.176320285615237
-0.206205744257478
-0.225189032665380
0.426284950579033
0.269832235212301
-0.062435871622644
0.266972712417218
0.406875406439815
-0.045678175019642
0.167506943672817
0.097038697079849
0.282560805987438
-0.194241434915167
0.131533331940314
-0.243218465897876
-0.270992694781528
-0.262650805047011
0.286714067948795
-0.067872525682977
-0.092228165796328
0.223130227266532
-0.016711355882187
0.194774955226010
-0.152128632832653
-0.149849434494008
-0.063827337086230
0.300662717355335
-0.403103543108896
0.437038389616263
0.114344964918500
-0.222337586011201
-0.169071973506777
-0.044499830276322
-0.049387119086485
-0.161419590314127
-0.075964599671200
-0.046350722445659
0.132031225449515
-0.154603055595859
0.125817124626596
0.086731965868582
0.146241537564629
0.147777744701600
0.101399289789922
-0.167513861183545
0.088667050188428
0.052148371030572
0.431728260029718
0.475793413030286
-0.163714045556444
-0.041844809625549
0.002366008918855
-0.177197942107549
-0.174553210103129
-0.018064596651376
0.198880592943712
0.198525197780305
0.142527890738435
0.268459505232583
-0.007539513085342
0.403183233373860
-0.062656599262846
-0.075200874009194
0.067665446829441
0.224308381000078
0.077528584966125
-0.016248176867443
0.046168095382506
0.288681424521431
-0.089360226064114
0.222807838611376
0.448519130483512
0.116557206388114
0.250098929792894
-0.119078729731900
-0.066737495243237
-0.027530147113747
-0.127491942015699
-0.131070952743084
0.104785732219894
-0.022290583021409
0.074787877882112
-0.203095570822991
0.230635413639898
0.353880355798811
0.195520360589866
0.022389300233920
-0.378882174811806
-0.065279133815034
0.062851791149977
-0.148636056955274
-0.021170598370548
0.145312702553368
0.277843238655256
-0.007298118374787
0.085897934574088
0.047881378320229
-0.091959036578688
0.001606516839708
-0.144700753066151
0.547496542523164
0.033658545815021
0.017761560295827
0.280454598434321
-0.186793633567661
0.374005480986356
-0.068491879239213
0.008253870855830
0.253923395013432
0.314731399021179
-0.014364145157602
-0.355063615853896
0.018329066696287
-0.249183941614223
-0.141846707441901
-0.162650156543125
0.107418525181396
-0.262095064405640
-0.189761853326850
0.198216200366205
-0.033752833411529
0.106946437835483
0.229037707230205
-0.151498796587724
0.408344640745055
0.117154901866813
-0.037174102265554
-0.088819350854519
-0.027511543079383
-0.103462092712748
-0.009335616358920
-0.086582335838151
-0.287222267877167
-0.342583701092637
0.171144711465789
0.203143297404485
-0.045606240088481
0.537928858886453
0.012144569810955
-0.212256350360889
0.050675492108873
0.049404567677132
-0.189393416263099
0.043079286258657
-0.221039391879713
0.023283863986631
0.166945818029801
-0.006219619812535
0.087444600018716
0.025905679973909
-0.099817762384379
-0.173500238432675
-0.019747322259748
0.102217693028957
0.098458775185396
0.436514393496460
0.115141249961687
0.329953561739143
0.090472787085074
-0.048984424514119
0.052671722114642
-0.064433174551733
-0.080938956531176
0.176335942617406
-0.276930054221912
-0.257739850023230
0.219831643942631
0.058928826048446
-0.198395319072293
-0.188003703027161
0.182446355507779
0.171767378760801
0.214389457786947
0.018870160778639
-0.113601106391026
-0.001676328867923
-0.122718311933157
-0.036815066068284
-0.001464679683202
0.434763935247364
-0.178141874082229
0.140834066939357
0.074062373817970
0.201103747479323
0.173561619511503
0.127891019504209
0.086337830932716
-0.220867991604945
0.347377685901725
0.191911843302152
-0.114655394140439
-0.010146399145263
-0.048316184421422
-0.185679339359882
0.342551431670094
0.404254737608827
0.331461382347955
0.556216119785138
-0.264175466387637
-0.117524187518658
-0.152986058416363
-0.024023074836118
0.242354037164534
-0.244973241616299
-0.000561487191753
0.140394528009573
0.040107700872262
-0.101828450048005
-0.166307895243855
-0.070592248210159
0.099733912100308
0.038925689818220
0.079952341586527
0.265317597770820
-0.040600019343927
0.162887875640145
0.141253742931598
0.529010820546508
-0.129108978722654
-0.026629533054254
-0.088587369367324
0.208700585019855
-0.216776022176767
0.168765111022710
-0.103022678343694
0.078199509908829
0.037259461437763
-0.196671086923394
-0.208829389184292
0.042125596950389
-0.177804974901458
0.549050711317021
-0.131335241782521
-0.111981273832745
-0.130864001149261
-0.218170779400078
0.106886890588152
0.185843257335120
-0.110952196680048
-0.261192120762824
0.107462632911667
0.002170702897392
-0.033742791171611
0.181024342816244
-0.031015579501934
0.177240629895809
0.086286118802945
-0.036791996460205
-0.193039401562732
0.263905110083024
-0.098672785211317
0.030525864219337
-0.100512890628085
0.486774242245574
-0.004352112296150
0.176462782931372
0.066793114116358
0.125649669087054
-0.058024002684323
0.364334928692913
0.179722345294721
0.000103465986723
-0.039079734222813
0.104624542859036
-0.315641949470311
-0.016201334250293
0.057726221379839
0.053698764370630
-0.001910877401307
-0.400072604616374
0.197203692537774
0.442546888759233
-0.179186139723590
-0.061948059145381
-0.110669459115810
-0.117021113221884
-0.004012248504404
-0.015444925282883
0.265929553711927
0.079164641014784
-0.078950128075554
0.356316593521465
-0.110692448184586
0.281735962987754
0.388933291744766
-0.140315273868693
0.108371653474039
0.167999508701083
0.104980785901982
-0.224742346049357
-0.011244922470569
-0.087036691432301
0.148504875764462
0.386155982145898
-0.185389811127727
0.416569234688764
-0.181814816542828
0.317279273220749
0.092299002733700
0.155017338153870
-0.051066491664500
-0.069377421755371
0.178380321559144
-0.197687822875271
-0.104711063800873
-0.063007337085554
-0.187797517406974
0.333966377219779
-0.095423418350674
-0.136400600647210
0.271501060683561
-0.122583949284532
0.224195783529721
-0.294418001081861
0.473937469040431
0.136550158090952
0.144473534186622
-0.019013367875940
0.073717185886800
0.131731673202333
0.375824000466308
-0.133787649050738
-0.197781025610111
-0.004003553742755
-0.232984575020354
-0.031635009365058
0.071014387332464
-0.068830922521104
-0.046003206728409
-0.138016406074211
-0.124349829604850
-0.008366011294276
0.455941200060460
-0.052866830347114
0.255906974962314
0.035988936218561
0.129316647332550
0.093166849007764
-0.098304586778554
-0.337081442082475
-0.071934575957348
0.185420836666105
-0.044216292778782
-0.048751402804397
0.084364549064082
-0.162898395534890
0.089054135729387
-0.341743617342578
-0.099761719766636
-0.041324252155221
0.499047163025119
0.174075740742194
-0.254282700679970
0.063341321965393
-0.092274359776153
0.177843093521150
0.206987462597563
0.004746819399275
0.005898645430425
0.182995678081875
-0.233042714627267
0.060764384702057
-0.068038575266333
-0.223669315216355
0.004114727177876
0.183390853344670
-0.109954625802648
0.000644995529635
0.073081453335480
0.191218097210482
-0.129727149937559
-0.250531447579140
0.430879169166947
-0.259530269277663
-0.039949124458166
-0.088071594227642
0.201208321898811
0.018276419046159
0.060667246750077
0.279457511617466
0.436952299811029
-0.002162625568265
0.091047845889111
-0.109666215811691
-0.031808688579932
-0.197324118766680
-0.304043106221416
0.106363101249979
0.122318376520912
-0.107574226631960
-0.004936102433322
0.164928225093895
0.191510670218702
0.206747642994488
-0.019693008560255
-0.074152007196988
-0.006906622681899
-0.009548925981128
0.264741505782112
0.599356646224764
0.251702961509019
-0.118728150147459
0.052346101114102
-0.057123617171912
0.084172996846310
0.105022868773103
-0.161333924019781
-0.204152906229703
0.106939730226187
-0.009322356824608
0.112562364424224
0.307729304176072
-0.034145545829675
-0.160502052663000
0.041954350913735
0.107770619849994
-0.081109018595491
0.453307826366193
0.179597449860047
-0.050791758339215
-0.020962497889668
0.125167703707255
0.065516292258123
0.186452428561718
0.385340469394158
-0.185835797201800
-0.074895732373229
0.487979948248920
-0.128796659167724
0.288936685351435
-0.171152502603962
0.079945831444843
0.165521631133790
-0.075790065456994
-0.038994699060745
-0.167817288532205
0.337766384383879
-0.070470121932424
-0.046980774195589
-0.067491552778162
0.219587218684456
0.150128010359506
0.306185599391982
-0.320685609467010
-0.180992266868782
-0.260711658583217
-0.099156673161463
0.109481283957595
0.027342107770971
-0.138123237198245
0.440212993552935
-0.191365844506597
0.010122042323109
-0.103654472460840
-0.210989926575971
0.298726611608992
0.086925026821856
-0.396769007474092
-0.077775004469386
-0.030536856418866
0.314186047354884
0.015881012922274
0.144110223756559
-0.150483406145467
0.260548022582190
0.006688040327809
0.419906066174754
0.053655114293337
0.010778555737410
-0.064343831681385
0.110594004539920
-0.112634269702273
0.083482968613775
-0.273800622289121
0.242782923429252
-0.053191980129347
0.055241199415608
0.469439580974327
-0.087029511126066
-0.247760222419057
-0.001490544954604
-0.063922421618456
-0.277074101563565
0.049287127619333
0.375300307809068
-0.308410157543333
-0.314365550508103
-0.112801253148235
0.095542025825108
-0.074573558869355
-0.025162642645209
-0.103898564044425
-0.016607683750712
-0.002728932843083
-0.095814694242908
-0.078589127174031
0.541935349262140
-0.201004513649971
-0.178148065512465
-0.278601254086149
0.048487211548587
-0.087798471247803
-0.214394702106351
-0.034782622535871
-0.205097045454698
0.034763487203936
-0.100348000134727
0.029090679832551
-0.173117564108158
0.595400161359161
0.011559234776826
-0.006972034342727
-0.151684371598143
-0.158857903688603
0.303295964847434
0.090265200269966
-0.063623283518887
0.091628512821232
0.081927810814153
0.011367839927240
0.269571240882724
0.227740553633583
0.036080853231586
0.031386766011844
0.012276510087545
0.124631450375412
0.070422867653231
-0.217583759008570
-0.354115916520501
-0.166937306464267
-0.032862628064817
-0.285428101482089
0.427910522046114
-0.124658225206243
0.168511997570040
-0.175216030658653
0.124573176974659
0.200966949206599
-0.125056583981610
-0.254838117497832
0.414298115933485
0.297499480169496
0.088163951719339
0.374734919421610
-0.277795220919221
0.172367900115261
0.053906177788142
-0.095805996039117
-0.104139115996674
0.021111839255950
0.086202027350694
-0.022271830800961
0.061289763609633
0.085301477932911
0.314023563408885
-0.017542671351279
0.112092120177617
0.018509668632289
0.015834478188541
0.408630267832909
-0.006880408123595
0.199904818458071
0.517346615472546
-0.174636254571948
0.158278883462835
0.439740341179862
-0.075952341518148
0.108951259825219
0.377850226269473
-0.009729345856401
-0.107912698308431
-0.176579518872739
-0.094415714046252
0.155496986388760
0.230333350833222
-0.028132401588790
0.075539281433470
0.192725344223508
0.272890307419386
-0.136896255916852
-0.096366258282926
0.487388117478686
0.018334904803800
0.097195944562500
-0.003617938462727
-0.064537940261314
-0.248785401054960
-0.286765027666650
0.146549590157516
0.056480707856824
0.056479320994854
0.188449684684435
-0.096179959503376
0.127806820929820
-0.052120929096345
0.108419764610576
-0.164194571008498
0.283090611479090
-0.137762897696668
0.232647900165210
-0.092107853908176
-0.084282715368127
-0.144358935976199
0.186301812109251
0.106343139978716
-0.055151152411136
-0.298692487523168
0.455377648379212
-0.104637977127617
-0.057269501625605
0.040804862435149
0.210675086478653
0.039752662942575
0.255358027591436
-0.142185739324818
-0.100789227732281
0.506488373532665
-0.190338639715840
0.139637462481260
-0.037789482888769
-0.213637127678860
-0.154279563274425
0.108430978513032
-0.125607078358267
0.126272515698767
-0.197180273453443
0.110589628772757
0.187948964195657
0.091768036288321
0.437603554881061
0.261155189958464
0.001563673181176
-0.255499061557737
0.018033111642722
0.226381454323469
0.022944249356433
0.046404229357572
-0.069963902094337
0.178702627301459
-0.337520384856508
0.091496527963872
0.077288736164732
-0.089446864029157
-0.109874844986896
-0.402727917824902
0.484157426358206
0.169979921031784
-0.118143609245706
-0.075870931952219
0.067279480254555
0.086266389830306
0.109238958446647
0.104362294181704
-0.128196019296829
0.046937073646296
0.000374711586811
0.318750787017940
-0.134803313823105
0.112659824148983
0.293403977270613
0.011052038280865
0.076568457176564
0.038398559065068
-0.001086463601205
-0.108306792100412
0.177655139640629
0.440118244095393
0.041315131156492
0.021920914001410
0.165577088846277
-0.181074102618931
-0.082166215565146
0.288141396615664
0.084066946692001
0.203053828154043
-0.058198904933732
-0.286076494639724
-0.010769465160099
0.095388139575088
0.136026692247234
-0.013633436428966
0.049519499443872
0.322435334861040
0.511431197221652
0.061935133120805
-0.145227625453477
0.080314027414504
0.180732455584676
0.135038323245606
0.184820186625551
0.083026893910809
-0.000065692117676
0.013639003532281
-0.191394097777532
-0.009464344114984
0.174654962589308
0.129900863706385
-0.176119115445618
0.041756165304227
0.214517191731715
-0.033574088755428
-0.082229736645365
-0.122041280214665
-0.075957292753097
-0.071974452928497
0.111611157158724
0.157915965040525
0.475750856750375
0.120185533156312
-0.062979760567738
-0.014477972760839
0.377954703134341
-0.027798041349534
0.229564048820190
-0.051396239681334
-0.066648134410663
-0.261875888728600
0.105835460869943
0.099501785200998
-0.018960960842416
0.297583676687300
0.311406522276682
0.139999906609361
-0.066490480268900
-0.190662138494611
0.393325841912341
-0.033581498979580
0.079167811825362
0.074699883212176
-0.144093220407873
-0.014127544454510
0.047563902329826
0.158128841161245
-0.214886658678498
-0.071089529493163
-0.036833751030398
0.204690722473080
-0.085917877259977
0.192924712157568
0.107585588199211
-0.049717909465716
0.256299181902105
0.058971598336306
-0.108609232123131
0.060711701919997
-0.091344010568515
0.562596962470462
-0.050309621792838
0.120211023723128
0.048660481601740
0.137468298613635
0.140741971656719
-0.256383589137282
-0.015085189806528
-0.165307099566050
0.184241148877852
0.143576223874897
0.043757586220393
0.471237455142099
0.308881174370221
0.051825596857788
-0.111764952875737
-0.020470345841341
-0.193512159407796
0.156653505015297
-0.048915514628676
-0.274765112901726
0.301479661917638
-0.061943413833364
-0.118297660044885
0.033399081600968
-0.050609908411660
-0.181837036339442
-0.076160927958180
0.164377795346045
0.148372484633283
-0.088852281670312
0.131893119330314
-0.056430663270916
0.077773861834477
-0.006077876616768
-0.158702832855556
0.127816765082372
0.056451850867152
0.003548135514079
-0.032546672831104
0.028924846766545
0.536366425717183
0.122974898137493
0.071898862561989
0.109107392353774
0.065689712924868
0.006835587902444
-0.052283274289429
-0.140667791778497
-0.154266194825404
0.093056318049711
-0.091205739336865
0.035280123407720
0.259032386336647
-0.013999360433155
0.193548679530204
0.268145268335428
-0.022555765359587
0.436659854621895
0.137092178557700
-0.092910081973859
0.026409907403429
-0.073248174847324
0.151147757397807
0.093330620955030
-0.014304972357148
0.296598670980634
-0.066730452683194
0.303579063228446
-0.234850556617237
-0.065913964168343
0.393556411388573
0.005672542163200
0.081354690739700
0.366715303967209
-0.192237767367402
0.207959252829379
-0.206180516638887
-0.208116056732304
-0.235528885109877
-0.170188007178569
0.339576703247880
-0.081522643022065
0.323303293182260
-0.030226918479847
0.477090227447453
-0.033736238485362
0.014370944379518
-0.058088261409150
0.187725259082167
0.059856967433297
-0.037199382188578
-0.210096857514698
0.136385273239083
-0.044239359186057
-0.140511284782460
0.147295944975602
0.098603046724842
-0.057277239347900
-0.251136908591334
-0.055666180654783
-0.112020475886759
-0.303358960521185
-0.055711628506757
0.514656345125573
0.089688023537297
-0.071617622614699
0.252504390827036
0.076789598854047
0.044525062618076
-0.056816941999037
0.074328205196709
-0.231900931346436
-0.083840046885339
0.502574822026195
-0.104920293272366
-0.167481866102053
-0.071086340769131
0.244190526711767
0.364659542838319
-0.010879691664228
0.269261904240573
-0.131139580747684
0.140483875864838
0.087367141069875
0.149837720655768
0.167960300776444
-0.269266795924949
-0.150246238298823
-0.090805967002960
0.012976086432920
0.399449031457427
0.292994110995503
0.101168834887686
0.110700034369844
-0.171490410235978
0.141892554792978
-0.332854503098185
-0.121646566831309
0.197299510707774
-0.407260944518449
-0.217615582839054
0.095171310261284
0.332483952443233
0.079021019709737
0.264302076825929
0.457042488949426
-0.131531499200609
0.000855421484589
0.132936762562915
0.157365512899214
0.091792280045506
-0.340777422163936
-0.151419412117026
-0.156130592445845
0.176303170135544
0.135322678910623
-0.185132381481439
-0.252381511208720
0.011902720643862
0.090706960145534
-0.090237180497582
-0.001420368093542
0.069198601732610
0.309315702779571
0.096216333242305
0.195669996416701
0.107032496070851
0.124712666001733
0.363732578310866
0.062952884192641
-0.155501326512910
-0.098227830774710
-0.182727632249049
-0.426944421961237
0.003994401557376
0.308231262183522
-0.118008513285627
0.183094836457306
0.161503462717217
0.151813557166498
-0.008990438621346
0.432280756947165
0.121638637077675
0.152939599486258
-0.065869611609846
0.071301416186049
-0.127015191872739
0.089699037148336
0.103824307310788
0.390841176778944
-0.170772876439070
-0.300358778829660
0.076534497184463
-0.028986161019753
-0.223110984745704
0.184444253647081
-0.193172626282131
0.278010522296457
-0.000734781764481
-0.087401599504253
0.250694200868333
-0.160030842164016
-0.213367857981851
0.114483138538048
0.019690692290181
-0.178827969045302
-0.004267175939718
0.164336868145494
-0.071910369078720
0.088363149381598
0.275811343813876
0.574203398900232
0.219983256098210
0.079042958974250
-0.045082259039532
-0.223146555766432
-0.040636379100298
0.003196956858684
-0.134010456061742
-0.365858612986613
-0.146151781443946
-0.025541040586349
0.109501485245992
-0.284017919431226
-0.153507154282277
0.135958992132620
-0.044276046861636
0.295635212182162
0.078442872401959
0.102712825892840
0.266602001721743
0.412439347638208
-0.118818859201207
0.132726696329478
-0.125821501591307
-0.061065056299449
-0.254099004707012
-0.103692028382071
0.101161139367572
-0.057687822666826
-0.229451946055390
-0.118045208268704
0.105761151380550
0.211515476883295
0.161145897326920
-0.206760289226790
0.424699062534796
-0.197243904766015
-0.035025721453211
0.217267425507412
-0.119569091336938
0.182983465325784
0.511023468563077
0.387536098999476
0.320904038596404
0.106185221740429
-0.010397897604584
-0.018365134652305
0.023767921535392
0.127998228419277
-0.068287872596800
0.067505102339653
-0.320350934062813
-0.032644766057598
-0.018057714474727
-0.076282437160350
-0.398015581636379
-0.157578785303604
0.082269177038628
0.454482521588562
-0.089339189457192
0.211029788536494
0.029046738139555
-0.170730186444420
-0.127158439530620
-0.065785837845667
0.133739133562103
-0.010486116298877
0.077528442943127
-0.227671301026611
0.072629218318034
-0.070355952421487
0.112240382362925
0.272577958720103
0.133373810777391
-0.040576256772712
0.053776256745802
0.289739614886362
-0.205860058712078
-0.008304854510872
-0.113899699408676
0.093281902638415
-0.071619017414213
0.181645190025973
-0.158434413545188
0.156319970522590
0.454170441675988
-0.099721910543586
-0.106098802942722
0.053781169031731
-0.082623813581598
0.583991895718652
0.046393717023460
-0.017647944233638
0.208407700634978
0.043936310857198
0.071461146649475
0.401134040162864
0.091746358156499
-0.099908925197946
0.060395169230278
-0.044513886496666
0.002828541922010
-0.089210025768076
0.139603521311275
0.221711838017287
-0.183294462054720
0.148958848556531
0.078562925738584
0.367561042501741
-0.130243082317675
-0.247433962978857
-0.000000000000000
-0.077598172165305
0.243499519012037
-0.035980329144507
0.013275730943573
0.068644273435010
0.263022794167847
0.095864508829574
-0.053782493461032
0.278460682799180
0.097786374189657
-0.154342188732266
-0.273759587515135
-0.027591783540636
-0.122971611526672
0.206589821475139
-0.345635139513131
-0.021759109357604
-0.052055634983140
0.080181903496267
-0.000000000000000
0.073723678147637
0.055670330153124
0.214481506899366
0.154011603619716
0.086029919973573
-0.276601969443382
-0.287205216532405
-0.137412548804321
-0.096402392510432
-0.274503470519919
-0.145176643919100
-0.187641889225836
0.000000000000000
-0.080833347716289
0.116839736596495
-0.222109457184534
-0.084292219793763
-0.086314041200528
0.073474654532169
0.043932682679648
0.185272795968018
0.121539742186446
-0.111385298930462
-0.212874110582674
0.000897386242495
0.023283043049547
-0.203976003120984
0.109797786780766
0.098611508666576
-0.317580380329646
0.208270692277814
0.016916638431750
-0.247780613368884
0.114289158307772
-0.000000000000000
-0.093435856014520
0.221977253757559
-0.018175756736864
-0.006763176113540
0.194497407827353
-0.056500838573587
-0.076550759844293
-0.168644831394612
-0.208928562839384
0.006386563801816
0.000000000000000
0.039304718223542
-0.311382081957472
0.112296758331313
-0.042631976145232
0.086968345687814
0.393287160876155
-0.000000000000000
0.097264729548695
0.256394338158029
0.011142155299297
0.071822587268559
0.055054397250673
0.099551668746154
-0.109832241213677
0.003419640216489
0.062905447917062
0.226505384369549
0.018122594873539
0.052899465860058
0.116599969224482
0.312327633573400
-0.169858050154567
-0.153478670441404
-0.259142483060044
-0.143276810064959
0.139362579988556
-0.067825165078844
0.000000000000000
0.143758101322678
-0.247903436636003
-0.157712171878561
0.199844978850516
0.166110352273812
-0.186562761909430
0.065043088875776
0.116337021405284
0.093754883652767
0.051564875970760
-0.025834290972075
0.070064597338034
-0.090784494163269
0.007285536146527
0.094902900312711
0.176846255317414
-0.159383741249652
0.070790781757880
0.000000000000000
0.098692311341325
0.018309916949148
-0.130017274890181
0.143103885906401
-0.274064621492025
-0.322598586087330
0.122423064184055
-0.234944555752622
0.050391779092889
-0.169929836155617
-0.019255583381796
0.111902964897593
0.000000000000000
0.226360577303121
0.108408984717489
0.142370887763743
-0.030108005162944
-0.203607151090322
-0.420489811724748
-0.073859170997634
-0.263512403953166
-0.059814874176651
0.134568688104254
0.059390932097436
0.320232972763414
-0.310751711170050
0.237939539992229
0.000000000000000
-0.207214772592880
-0.175029534431240
-0.207347802098581
-0.159061098651928
-0.091167089982239
0.196476318483281
-0.123717714637221
0.044352258647142
0.088653519891893
0.004191586148594
0.055081068359571
0.195303177332750
0.202695339030136
0.055292711567412
-0.312760337942602
-0.018601744333168
-0.134861924533173
-0.000000000000000
0.024221671233050
0.132131153858218
-0.115406401999190
-0.046414653348040
0.050971455613097
-0.312744888512648
0.133845086267248
0.015454964888207
-0.000000000000000
0.061502262535515
0.053095180132288
0.022508793898522
-0.035933700492031
0.393976750736531
0.043862822617999
0.286552788819669
-0.005680097886137
-0.242718078482759
-0.126791888478817
-0.089214768189752
0.201648325672077
-0.025301174480394
-0.272276533715613
0.014802658712895
-0.013926878246213
0.141287704192399
0.000000000000000
0.249321248682200
0.014836230050187
0.253056923599100
-0.292278771668370
-0.095100468039812
-0.162222700012547
-0.072722130231332
0.070169807991581
0.133556992942086
-0.055202636364980
-0.120617542657199
0.003721353627909
0.104287651443842
0.123473075408619
-0.301192757822830
0.024317794530695
0.167468530248498
-0.362367506993523
-0.016526166584616
-0.087942749519407
-0.206286102115207
0.100113791790867
-0.220255516063779
0.139341360938090
-0.210172918459279
0.115066860417663
0.097940101771638
0.000000000000000
0.085057319403492
0.115438152102444
0.131224045903359
-0.000000000000000
0.042051498065346
0.018050135971229
0.228115982280421
-0.067711924389681
-0.108581267883591
-0.135665907263826
-0.173546009952817
-0.147344271604125
0.079222952536062
0.082098640903903
0.030050185218742
-0.197132232349365
0.118736606741564
0.197408037448461
0.015575116513398
-0.276920727897153
0.195635432378306
0.155394700455931
-0.233055528962616
0.005971654199289
-0.000000000000000
-0.035519553142692
-0.029436088795386
0.125505675984192
-0.234228393406460
-0.005337131887686
-0.178753440522078
0.031145746997037
-0.019151449129007
0.031430163751098
0.048604256921889
0.025824430221147
-0.203013761571998
0.210230171817645
-0.060575195527514
-0.029178279929728
-0.020473981821371
-0.274702280679865
0.331385055252378
-0.107466078082590
0.000000000000000
-0.208379377335075
-0.134071089366024
-0.074822647786058
0.110668891709129
0.164057643491962
0.151426360860627
0.005511911860816
-0.134000193773624
-0.059253783001761
-0.031905614790773
0.236677739023125
0.000000000000000
-0.211128546632879
-0.182283691814352
-0.048303948117074
-0.297786818484997
-0.183119930088434
0.148514108748084
-0.299875622381702
0.190576975122294
-0.266554624528602
-0.026734396957434
0.000000000000000
-0.194854951718401
-0.240888615878763
-0.193365566619847
0.146983886660245
0.188006993763386
-0.017988395780779
0.082063562082873
-0.139179587017441
0.128818124990196
0.049326911715941
0.091944371187972
0.198951678237707
0.141084685126073
0.164320684638837
-0.093180535661899
-0.366569917987159
-0.013426165674373
0.073691399191722
-0.127995607912867
-0.036953750902381
0.223583564324176
-0.079639478743548
0.013179228631022
-0.165376106055529
-0.046823615482713
0.125590251094543
0.225908769346492
0.059226084586486
-0.000000000000000
0.103029759759208
0.169716316422849
0.154689025909039
0.118673472880366
-0.000000000000000
-0.315933981622257
0.124068580291460
0.101663742169822
0.079116490983972
0.035380098835903
0.000817681085104
-0.026915165010562
-0.076975527190135
0.326897527671467
0.064963342087320
0.042378080740187
-0.153882045079893
-0.299633110780011
-0.028166573812635
-0.118391355944904
0.021408283197359
0.081217916824204
0.267924476427672
0.000000000000000
-0.132627941343092
0.383229206666784
-0.116355783410276
-0.043978255366096
-0.227049990861184
0.035841455218409
0.041720892534269
-0.187416073001404
0.222317183203651
-0.061005957078899
0.095438038215620
0.086222294534896
-0.000000000000000
0.119044406720464
0.221651093673855
-0.095303813195091
0.220786220844819
0.067805966111666
0.271334995183276
-0.134712832824050
-0.130353863127088
-0.203764927623409
-0.027421791288933
0.035892032793060
-0.337473161410362
-0.061680574057330
0.208254438119292
0.028241304086967
0.223908006968912
-0.042416450707609
-0.000000000000000
0.016857711836622
-0.049549045134823
0.049281927654722
0.332202102743934
-0.165486532356068
-0.134299039665480
0.288013770473460
0.180183977007316
-0.063653443857907
-0.154286201684536
-0.203704188635140
-0.135136576089712
0.269308908749714
0.330163777367362
0.380939176799070
-0.007099543674730
-0.098334864506074
0.002407579938543
-0.057953513087567
-0.114690693593547
0.028648340251952
-0.044114709169314
-0.038095302128434
0.000000000000000
0.084901104388995
-0.084329287647755
0.083144172877699
0.026243131882490
0.059323531926866
0.065254420943646
0.051992628347890
-0.149252330936886
-0.087893489381441
0.247869755244566
-0.238919250270938
-0.126618907265066
0.187693255901156
0.032045183507148
0.078854834296397
0.000000000000000
0.033263899907617
0.000000000000000
-0.062281955605565
-0.037778505808382
-0.145472586984671
0.096059234684449
-0.114224769415400
0.127199283316806
-0.154577490903925
-0.120765527081976
0.154455470393837
-0.119847259292714
0.095302490319222
-0.404221189152781
0.013542294031060
-0.240000935495865
-0.101127511249181
-0.139479768333252
0.177719592746438
-0.033850604328087
-0.136951389913879
-0.000000000000000
0.163220672599640
-0.115488913674875
-0.259487135534167
-0.124352895519131
-0.095636074240731
0.025145211727397
-0.130733674858120
-0.185118675908533
0.126178233956809
-0.063247078116605
-0.286675302326397
0.249616067282359
-0.414182940806360
0.000000000000000
0.053126888685704
-0.064720313619011
-0.000172245725007
0.164891421901111
0.123259029027875
-0.029967844272521
-0.268898749357913
0.061787674440854
0.083646541775921
-0.038386110229826
-0.168234836575280
0.000183402181400
0.026068401401168
0.070761648340927
0.237060555264229
0.265487179195739
-0.058593007449826
-0.201739175707772
0.236907092665211
-0.027344890251642
0.093536010265185
-0.000000000000000
0.291292920471596
-0.057525121197437
-0.091232848588329
0.003526785679353
0.144696719543194
0.127198680096969
0.016951969233379
-0.114282484550821
-0.245884161223640
0.170415703964111
-0.048108474016478
-0.252523582805176
-0.110065745464530
0.100455873825658
-0.204081852164907
0.065286931855589
-0.279747539390691
-0.000000000000000
0.089901094869018
0.128857597308206
-0.198052532160881
0.209707221829393
0.042522279940455
-0.184720961548694
-0.107029411662984
0.138760551863773
-0.049871364228521
0.128584568560813
0.358167998197859
-0.002656509174988
-0.000000000000000
0.023196431373958
0.042859699422103
-0.133212408234464
-0.015239616850505
0.145498798526460
0.314054506100206
-0.190145666178033
-0.085378355594293
-0.120800027521062
-0.073065461760603
-0.000000000000000
0.047314311586503
0.157038548854503
0.154889103498582
0.035727798016340
-0.146979352647566
0.045939114105802
0.099066489217507
-0.223600791444191
0.043129394521192
0.092127527870274
0.058628361293180
0.231874419613619
-0.066151529355789
0.053803951505501
-0.165157948352735
0.027682929604954
-0.011035510343296
-0.180472998660740
-0.000000000000000
0.029361099779334
-0.272535356584669
-0.007384952707577
0.020968037282601
0.181857428133383
-0.179242323838916
0.091182184404972
0.053909721733372
-0.011103787479070
-0.007821635765178
0.132359143406148
0.284105483034182
-0.042143299211477
0.135170298427863
-0.123442598397502
-0.178485550523368
0.243349768558075
-0.000000000000000
-0.108877439979469
0.096228938888228
-0.154372712070196
0.061697563373374
0.385959925049880
0.086543014602649
-0.278383628820971
-0.117875172997925
-0.192610417360483
0.020687362180313
0.065544771876231
-0.228121682203133
-0.121383643331432
0.009506583397670
-0.023500227529774
0.053285002727863
0.097975233858352
0.000000000000000
0.007299366359344
0.111669099010066
0.176405297945869
0.177022286365492
-0.250216675822068
0.317775170909763
-0.140043245858252
0.141074491634546
-0.179080155594231
-0.074538244865216
0.169223151500942
0.025823065619768
0.150030753099235
-0.239062618526666
-0.146278614494610
0.230255495619157
0.078274353634892
-0.133218674048280
-0.346907512559641
-0.038348540476353
0.307720988285901
0.000000000000000
-0.083128901475800
0.284703765444009
-0.271754657340395
-0.096697435975105
0.170443987136125
-0.141617562835323
0.011440848466538
-0.000000000000000
0.046814113971743
-0.212967751722246
-0.210670947237766
0.067887834502282
0.029825655877021
0.082708266210596
0.242077015286811
-0.217961074879005
-0.011221762380181
0.278773855425449
-0.184271742671787
0.173371280004798
-0.199140408828409
-0.040370009049614
0.062647303974559
-0.051379453722124
0.251263882130488
-0.128983785192612
-0.000000000000000
0.051267284996444
-0.060774063415029
0.242864832691356
0.014754508540805
-0.144573842335128
0.122433823683140
0.002260832891479
-0.135630710880651
-0.147323451745196
-0.019209394818501
-0.198000350248222
-0.108897469392190
0.194410976386261
0.297354699541355
-0.217284697676528
-0.053570241469591
0.076529983340099
0.000000000000000
0.198032153375359
0.164514585470443
-0.399708119391759
-0.046353231585686
0.107266259756466
0.059839849542905
-0.085175694252774
0.049688266322018
0.029222573407261
0.000000000000000
0.010093105898934
-0.092704868222777
0.107556526465167
0.020040336753903
-0.328056107722092
0.106104136928452
-0.011502548681083
0.195857085278051
-0.001083853150440
-0.152123308279191
0.023552754526682
0.150882132628320
-0.052478127968572
-0.018732628392020
0.150318858329022
0.091485996424522
0.161294429779262
0.093460957256836
-0.048488558367910
0.181477315184513
0.328841539399397
0.252951186829535
0.000000000000000
0.004781041607278
-0.159155650177024
-0.140580767843403
0.348862960016449
0.028354053531025
0.056980189630836
-0.006792572700098
-0.114067648750625
0.120628275405392
0.031014495410953
0.036407746391240
0.107167843174852
0.223931490384074
0.109702637437453
-0.203114914759263
-0.000000000000000
-0.040103764218957
-0.044384899616530
-0.152260407065048
-0.106568211821363
0.066823203485180
-0.009340322192147
-0.277423253819215
-0.049045322815498
-0.052101493300248
0.041581404398480
0.000000000000000
-0.162276359421563
-0.072764574596443
0.127705713061577
-0.355166690916459
-0.023622706735787
0.060348630666334
0.097597474761547
0.065922635703591
-0.278661902617301
0.028786946150561
-0.132675493686484
-0.135502336528206
0.110752424436500
0.018263570607453
0.151591212091480
0.004284753790606
-0.009325213586443
-0.302930936930385
0.000000000000000
0.221447694593250
0.094601422887001
0.027787280386655
-0.027738139086342
-0.049190781432976
-0.285044021309110
-0.114935306480102
0.090802029711896
-0.119500536947513
0.081533621967152
0.095443989660979
-0.159687487350260
-0.000000000000000
-0.045174976714105
-0.151652400264860
0.236182702676158
-0.038623541759412
0.237179344363677
-0.077103170789798
0.220614745083071
-0.201382425056322
-0.319935509118260
0.054275914044144
-0.250443891545161
0.301725001884026
0.005125964785124
0.119612019924294
-0.066965417376523
0.186561283466388
0.026636297248277
0.006864522635421
0.076509032112747
-0.016552476060283
-0.104413963564297
-0.002012506093911
0.000000000000000
-0.162692653666421
0.118209938066153
-0.098917190809613
-0.111742054300147
0.130363635905324
0.132856302970057
0.056726288118624
0.000000000000000
0.025937689635083
-0.034589381813197
0.054431444718893
0.203177183742900
0.222050836991359
-0.080212173674220
0.216639005598442
-0.036801656399066
-0.049285606332817
-0.086488685430316
-0.130388619588325
0.199424425426493
0.332338903857080
0.019848895944167
-0.140004864372358
0.016669294786490
-0.187034116520733
-0.046067126563701
-0.046504285870128
-0.206383895508137
-0.214050518368785
0.000000000000000
0.075810646867325
-0.086624785260500
-0.000000000000000
-0.093588475418964
-0.348389919734601
0.222040651983895
0.154959123996051
-0.134460471985171
0.044431991752332
0.042717839673161
0.083259388555165
-0.188046920890252
-0.047138799980999
0.291636801479096
0.008831693509462
0.067228878574114
-0.016226079281435
0.106104753347071
-0.000000000000000
-0.007234484976513
-0.004897219679209
-0.033515869295833
0.053116196862377
-0.129197395588207
-0.084528561540624
0.029851334773857
-0.310359200749239
-0.064082376892369
-0.105651708353257
-0.233250892158411
0.221751591913671
-0.448858526984209
-0.151395894155424
-0.075241464646070
-0.041612416540613
-0.134392222059640
0.060169921176392
0.210521351094197
-0.082454711676553
-0.247412729768461
0.003365325333973
0.121531029142173
-0.006890603034169
0.182305554042395
0.000000000000000
-0.184384770045312
-0.296890405946303
0.220077539977674
0.071517699887043
-0.208151838425429
0.155966085311136
0.141195049811293
0.040288722923520
-0.000000000000000
0.156456455186670
0.005104350241843
-0.009572638280009
-0.396245788059138
0.177212624942723
0.101035957669164
-0.094892406999821
-0.005400013916794
0.019572298335917
-0.022723281685435
0.145463302879372
-0.287672773206636
-0.000000000000000
0.020494475283654
0.139685870424709
0.105134444188510
-0.336446116362354
-0.291486382974318
-0.109423019302326
0.092404472627360
0.027171447672997
0.018601356112646
0.073139184620805
-0.021172705379339
0.039519835275651
-0.101303368983865
0.064618094531152
0.029466461907859
-0.000000000000000
0.059594121374534
-0.247907668846858
-0.148578353710213
-0.077655592067913
0.197306310716667
-0.176044248527552
0.021856658059526
-0.000392926227905
-0.237176429392097
0.119650138049233
-0.345331358291329
-0.188065030583378
0.172870638851766
0.021084132621981
-0.160762840430040
-0.063856796043644
0.240360525034042
-0.220574438238315
-0.137953284255046
0.243338898786638
0.000000000000000
0.194584666726947
-0.287409750123101
0.230236197245130
-0.112827904195447
-0.114997866277175
-0.076487226150373
-0.009285829825755
0.165854921957336
0.022715995830090
0.218707278871350
-0.082220128449934
0.170709406024716
0.100637021805872
0.304369739240646
-0.023657726718509
-0.279225414156116
-0.000000000000000
0.156319529314705
-0.057583137624967
0.063381653291316
-0.201390848237997
0.319882331032786
0.004277856183556
0.092657547109556
-0.106510739181709
0.262307569128407
-0.189025786097603
0.064909779392495
0.104113281669110
0.009443339360834
-0.026337672306894
-0.309752803451336
-0.005930613600235
0.180834263199070
-0.048566639994292
-0.437448545925473
0.011530941083200
-0.278994153646085
0.014829652698904
-0.226040608843278
-0.000000000000000
-0.148174938834906
-0.118240311981088
-0.090120134951611
-0.000000000000000
0.045645402233986
0.046209179682437
-0.177691670876488
-0.167877619919901
0.195851168988096
0.153119215781466
0.266264109015198
0.036885738541982
-0.230295283286162
-0.063533901785293
0.250519787677465
0.323103126088081
-0.110036003586805
0.000000000000000
0.118501924275120
0.121532950343919
-0.291317263773440
-0.261230455275379
0.308597414452291
0.363933901708678
-0.109538867049134
-0.072223913201063
0.311428865585946
-0.124292774337782
-0.065227416414929
0.191011045594505
-0.076808901893901
-0.164768923274591
0.133851930338431
-0.050302912035889
-0.159763057748116
0.193248644199361
0.163385852811706
0.051616256054259
-0.000000000000000
-0.135807219079560
0.133223127175016
0.103731621238241
0.022715335374676
0.106937310627308
0.129922842418215
0.148473165152492
-0.220421612204390
0.177128803050610
-0.334729810468952
0.053923344291827
-0.000000000000000
0.102422899215665
0.052462017134417
0.002521796163348
-0.019778164745053
0.289795934973232
-0.005033907932902
-0.044299320095836
-0.359797889958498
0.195506220554019
0.015895363902865
0.237211415939511
0.120356644326616
-0.195925015317068
0.009433282750291
0.198188153829517
0.080097377581792
0.172685740912676
-0.229373655479124
0.086938177999759
0.201072607501074
0.045101702634063
0.023613658142742
-0.076237182740829
0.006118692387109
0.245134674076743
0.307478119129412
0.314873565697439
-0.350482257290445
-0.000000000000000
0.000284096463792
-0.050356293029280
-0.057055183262990
0.180175666175012
0.160972258416271
-0.108597690373088
-0.126801663060956
0.040407165660903
-0.180162758847656
0.333281575962245
0.266315205291520
0.004812651080394
-0.305664198864822
0.342658987642027
-0.023470521570323
0.163202892521924
-0.000000000000000
0.013652854161209
-0.063752225968803
-0.206423280683439
0.068609226859216
-0.207029476145684
-0.287680102588602
0.130903330620473
-0.102871996220734
-0.201165786487637
-0.070823118189969
0.066998403808851
0.192505152198567
0.000000000000000
-0.318361360599938
0.033136198352118
-0.016073829502799
-0.071049139342293
-0.040878511890142
0.031409939001909
-0.011629588155577
0.091546200031104
-0.209948328164402
0.033705419488684
-0.012437732639206
0.023926296992026
0.017434290597924
-0.000000000000000
0.109252124935638
0.302193541965695
0.058744776064527
-0.152399935547208
-0.242036765000716
0.204560254079465
-0.140428808903839
0.043642697941167
0.021043485876740
0.042017533862356
0.149594855692463
0.388839265936854
0.040579724622047
0.289545147260347
-0.084369415611470
-0.249435656529066
-0.053708331750884
-0.170045364653685
-0.000000000000000
0.041358944961445
-0.000507454391060
-0.061574295070985
-0.099849541183108
-0.150749781620134
0.176230124393968
0.121780469757185
-0.008168485582511
-0.154723236334413
0.000000000000000
0.056081214883917
0.270335906745320
0.058289060222264
0.202597170589066
0.161694404627285
0.121624216120952
0.097188559876544
-0.047458749009034
-0.266613836504030
-0.184658773873310
0.303015315798083
-0.092620812932683
-0.012291050146765
0.071095891153015
-0.115048738270218
-0.215324995954719
0.000000000000000
-0.006940232733379
0.118210722954504
0.056915515668065
0.129724260108208
0.050922294492094
-0.157204416545168
-0.208968833128910
0.065801756361492
-0.040971407973459
0.220784219482902
0.008841309500700
-0.125000909053605
0.077061790768302
0.004307870836372
-0.000000000000000
-0.009744791752128
0.007429497561505
-0.032874780556773
0.091550218413345
-0.011207898440286
-0.148119904768702
0.034215912325964
0.049031378321109
-0.099302275621209
0.317012821195975
-0.248129881385741
0.159944114677557
0.300830201534756
-0.118161436158917
0.083500496363698
0.169274604306572
0.152283519531626
0.059407969251547
-0.310938315836030
0.095304094315693
0.010618790704513
-0.184792539598500
-0.000000000000000
-0.143163517205195
-0.163085425769553
-0.178718888264061
0.335807483788815
0.010970918423405
0.010818284135570
-0.194704500784355
-0.156469132917331
-0.054649043831034
-0.139503992508354
0.121044661884040
0.046264901717266
-0.000000000000000
0.006828055156742
-0.104292358943551
-0.199869063030636
-0.017176758673579
-0.134388590037115
-0.277801990457932
-0.000946665124672
0.000000000000000
0.164513873945244
0.035375061011479
0.233644281198765
0.059591843301535
-0.251740895536440
0.189393830496180
-0.178665765062817
-0.186210664168971
-0.036505212838014
-0.139637371530532
0.152311569506729
-0.012086403438257
0.245827508828088
-0.120687088774229
-0.012296758870160
-0.214897128393631
0.155335616279080
0.157260374906548
0.118086127726116
0.264926104294832
0.054418534362818
-0.000000000000000
0.018360101996662
-0.192098301686085
0.041797094418407
0.094715117930993
0.050161938004354
-0.217562336237558
0.208818685961393
-0.186552102073879
0.132635562439664
-0.073090632795360
-0.049022584193503
0.178447069105541
-0.143173481540522
-0.032917983718216
0.045289678347035
-0.197845597160455
0.263773635598096
0.112370186454023
0.008260209860168
0.000000000000000
0.143764523969004
0.105758091335201
0.261003670178435
0.234841512078808
-0.074029376484433
0.300514778122424
0.114720714894734
0.182528623124574
0.013031250597643
0.036682748530514
-0.155235771555566
0.080699671173886
0.097805847507713
-0.126880252128524
-0.000000000000000
-0.138464874669070
-0.287098432201283
0.087748572047699
0.083367294940185
0.002683988908649
0.000000000000000
0.121157666000017
0.232221586350380
0.017880171729801
-0.160586018167118
0.222908637688855
-0.071895012017945
0.038401416014907
-0.005127238633412
0.104620909031409
0.060448980003606
-0.149697825593185
-0.056417075364770
-0.303258754269334
0.069109500650137
0.095149648851179
0.026836968731577
0.000000000000000
-0.271783668047997
-0.124607346013777
-0.167892814744608
0.150454375964152
-0.129774638924839
0.233276669585080
-0.202390144390413
-0.097201804023063
-0.287264131888456
0.129580823413589
0.001842670403568
-0.196486658502228
0.030310946105742
-0.106239510159539
0.248304837330771
0.044355688198297
0.186919108709394
-0.184434876793686
0.281395357872663
0.041713344275767
0.069478585043077
0.299197613376570
0.157339814870630
0.000233747348895
-0.151849496615216
0.246576375335605
0.000000000000000
0.100803535420739
0.116041901985908
-0.030777360383162
0.142003740961160
-0.000000000000000
-0.048987998258252
-0.220631730896907
0.020789365277053
0.076181522774038
0.222736500316253
-0.081377704036487
0.339691582887131
0.017645479744698
-0.191412681877314
-0.250721998431842
0.156188230831572
0.066458718667732
