-0.066435481797262
0.068535987133547
0.242444271494463
0.404452977974955
0.156443178894082
0.063433473524638
-0.186495287246176
0.126082085884619
0.071823336434018
0.011705336738744
0.338045224817786
-0.307475348476309
0.066772760463337
-0.067564482522137
0.066305373801473
0.100080556117510
-0.251803667387181
0.180706372693995
-0.091153399996885
0.060218245882305
-0.167785754528220
-0.096854552884454
0.070363467883543
-0.051981632747027
-0.045110797841764
-0.136531702507858
0.064249176910310
0.050597520586471
0.149460959773716
0.099030527828171
-0.183142115111877
0.044547634173041
0.195875755639907
0.268834240077342
0.077528331424845
0.465559522368460
0.092057841016205
-0.109291504134378
0.049333904409647
0.066211643680520
-0.264939365746089
0.081503992301719
-0.110502630237716
0.046743499803533
0.374232433898569
-0.263894841383577
-0.196247528288699
-0.030977741721740
0.064425978070981
-0.075556113868527
0.054625931476934
0.099949701447042
-0.284805695977575
-0.012843067238148
0.260206275491382
0.113314974771346
-0.062002741625775
-0.036828637410016
-0.069033998967504
-0.052572706635102
-0.018494206830180
-0.122627639136081
0.488499153056759
-0.005249632684632
0.320153663110530
-0.191082562329448
-0.055977821636569
0.100144055878618
0.328742035374343
0.155837007417472
0.215882118126787
-0.061412740878529
0.191901674305385
-0.321846677817789
0.188750418693210
-0.093708937975098
-0.099263361703840
0.134346933284816
-0.070681514004979
0.448649335917971
0.029105883316456
0.349804667667006
-0.072674651077273
-0.194740939574954
-0.210844818424136
0.055355845674810
0.172096831424464
-0.116063307903265
0.025865813006401
0.253298926339614
0.196345164329870
0.105810475400618
0.009064815471483
-0.109087141783346
-0.018075523906662
0.037869905768740
-0.161835658943547
0.134204970349833
-0.119437706650837
0.125222163772204
0.165544216310099
0.078286299109547
-0.046598454418379
-0.228495690150544
0.138542998134599
0.458991219989679
-0.055614051393607
-0.285315343566283
-0.185812239106746
-0.313712010010721
0.118753588436732
-0.079302827769015
0.196511367011602
-0.008171069108116
0.143375919322729
-0.134893499159847
0.003421803535813
0.170473925752085
0.175293131471268
-0.029051930339030
0.454018342202879
0.023650029579433
0.025937985426358
0.068183861153568
-0.077756467479718
0.043803166108380
0.240189531595333
0.033376432557952
0.343005744958497
-0.016694725753804
-0.267146518139144
0.097781712891591
0.018054957379862
-0.079713361998106
0.091304189911091
-0.241333628953947
0.003100523863797
0.397906620169369
0.095440139835672
0.024759898562259
0.129437461202002
-0.016672133562904
-0.130625402732840
0.044944985077272
-0.133034761402686
-0.132867877167453
0.077487701313396
0.045981302972967
0.471683999969726
-0.174448232956883
-0.111056032730729
0.117204700769673
0.176508657206496
-0.238297147220733
-0.011075315674646
0.127669769125310
0.004436335027231
-0.148765908160774
0.144436099194422
0.129582936656815
-0.279775217283853
-0.165635409477913
0.056202914057260
0.080450625061857
-0.372256967976966
0.102182745419169
-0.215368084664277
-0.184806726786801
0.029602459486925
0.587221714987761
-0.024300721523628
0.020543917972201
0.037783980391113
0.090705139193820
0.068556138192489
0.083200860827754
0.001418100263650
-0.065504563361840
-0.078129717199226
0.112852570701457
0.437512697608709
-0.004193272778078
-0.045839042686833
0.031133566796725
-0.006956329294012
-0.158356223595763
0.087759406397910
-0.093424770992316
-0.243550287933147
-0.271047164911322
-0.030308875308723
-0.272319574285011
0.042353570051483
0.053003422408729
0.104930300752245
-0.004362673015954
-0.021737792524197
-0.116918016568506
0.209913202583459
0.029657254602391
0.032706959664274
0.448134676836900
-0.003410325039024
-0.097595458969730
0.124799332410982
0.133794980493727
-0.042200943376397
-0.096659257554279
0.109905741286971
-0.104206852142570
0.085766740945885
0.150927369677345
-0.280544522492421
0.137448806073989
-0.000225221817631
-0.079114348445229
-0.145930426807037
-0.059117379753293
-0.042800210528787
0.024529936740756
-0.031817839715232
0.326252644389575
-0.159426660436882
0.049714452310176
0.021720849732725
0.020459491173346
-0.237118399816497
0.048075172831779
-0.011570666678702
0.197767781402223
0.251216692209126
0.465393735682606
0.036192908214777
-0.077544311250093
0.366976519907663
-0.016035626817906
0.158200427852169
0.001111933249534
0.020383102616757
-0.235360000406873
0.149576813623684
0.019383011320452
0.118143655589505
0.392691050179174
-0.304779982555229
0.084727997978766
0.327322832329036
-0.143278089402163
0.006579599182179
0.171687413612379
0.117902611076600
-0.061317455192914
-0.014512442684960
0.073397409158300
-0.013333137436182
-0.069057440232189
0.041729455208597
-0.048036337704689
-0.265372161045171
0.121949371089162
-0.053243539191418
-0.266667993086805
-0.060839331526659
-0.174138186425829
0.383663363455512
0.167391345217811
0.157202399914534
0.079050367517290
0.251472132526755
0.243058223913301
0.136982945578058
-0.133244750425411
0.076778491287726
0.176534375309853
0.020825494185788
-0.103719109046343
-0.165057252004793
0.121321311277777
0.088076818500765
-0.145645857958104
0.141817836470168
0.444013464052937
-0.190636278270129
0.387954330633071
-0.018928565847087
-0.038466456766116
0.255013287162227
0.047365994165697
-0.114728403127874
0.101460744077393
0.341485958985059
0.008234771856362
-0.129868583315313
-0.308992578461059
-0.159995062709062
-0.028062273193776
-0.108527391314996
0.126072981637973
-0.090411342826355
0.048591420447794
-0.040128188165166
0.114306342951026
0.245303815586808
-0.142494173425488
-0.127770523682719
-0.159752615579577
0.015020154967549
0.199246284166756
0.180819496857545
-0.132294900995495
0.088224751457603
-0.008700108001549
0.592970757674807
0.114221309055015
0.162974567837683
0.006792579811845
0.045433910408618
0.021029190220549
-0.079806347192605
-0.023011535673511
-0.157123612289512
0.212392600421329
0.068533278378927
0.226836962627683
-0.240089032040072
0.313556792371926
-0.170073650328077
0.228906114716884
-0.224466660397933
0.151014845242924
0.216382452821429
-0.015398693178109
-0.000418035760134
0.129982949693563
0.064379092267973
0.112268245569035
0.082336838115348
-0.120920135511622
0.382103389209716
-0.109978344655820
0.105698965682328
-0.060271356447389
-0.099995145288823
0.343939674681499
0.116492382902509
-0.145905353156020
0.285503161411204
-0.008220034159001
0.019306198607934
0.150807939317187
0.110237236090560
0.194587576836093
0.090786395873692
0.096816624089698
0.169094629258941
0.517263646836970
-0.037958494080113
-0.060697012230562
-0.105447298339777
-0.181831737110276
-0.017208815500603
-0.127377916992906
0.008726068274605
0.000000000000000
0.015900226690459
0.015517622471785
-0.068750437117052
-0.001144440766724
-0.205876070979048
0.149885117659237
0.052602267864053
-0.077631835836659
-0.307343752119343
0.066290539754041
-0.065880376998392
0.361315458496422
-0.153921745889292
-0.053350162141243
0.093821356047803
0.193020201671711
0.021772822247331
-0.364369434614893
-0.220039724387475
0.237429336320588
-0.107329378412360
-0.008276724726936
0.094929667934137
0.155802387192843
0.193684572156112
-0.190700078533715
0.151650007455436
0.171355093061291
-0.109417429643261
-0.007008433799169
-0.217310314029408
0.000000000000000
-0.179329083561460
-0.046289210309730
-0.267849827503068
-0.245074178123569
-0.189515403705215
-0.329244452215234
-0.158447341770806
0.058525120048616
-0.000000000000000
-0.190643872809774
0.096672668274668
0.004979143998072
0.265120398923558
-0.154448354422104
-0.130179912847868
0.139912668894765
-0.003707348807522
-0.113603193299258
0.102387087176105
-0.255071346938043
0.004399224319489
0.050719974891673
0.167696546446831
-0.031973134783281
-0.171043936280132
-0.238889463584615
0.000000000000000
0.143411183474201
0.039981171177804
0.171612480277572
-0.002753150725932
0.079547713682209
0.164885675788522
-0.146067677260331
0.106681341358907
0.079477872678389
0.060276120525443
-0.032702561467911
0.010349976380975
0.025466056618844
0.132320135563775
0.022834536163985
0.097009429347918
-0.000000000000000
-0.120620788268227
-0.038357543027300
0.104346295421454
-0.202423069403571
0.022831425160604
-0.073016452595115
0.114223597455019
0.006961910222716
0.350943018641207
0.127476999590936
-0.297637939798295
0.242500333168700
0.203086084326181
0.268546143563084
-0.164709794879022
-0.037328596694686
0.007950632589610
-0.098315743107273
0.232152512564030
-0.043072589276756
-0.164848157647116
-0.135249114932870
-0.174609669960935
-0.040533342485107
-0.129870292109278
-0.000000000000000
0.039314145952398
0.096506163092297
0.052115679725912
-0.096870270858239
-0.376103032097135
0.005791243815169
0.223161686242606
-0.045247827160508
0.034322455907113
-0.043094140233923
0.428346844051157
0.075944868574414
-0.216138998708911
-0.112411918724826
-0.000000000000000
0.009682936920534
0.072880988624761
-0.122094880246885
-0.008604159760698
-0.105589734634443
0.220170045209619
0.272011826281942
-0.095000221196573
0.174117660294763
0.157824657076757
0.075705314695774
-0.008777848579529
-0.200006423285195
-0.144067899334454
0.036595343667595
-0.324064335318700
-0.000000000000000
0.005561682572086
0.232961820702683
0.084707156511246
0.183316117079546
-0.081624352178181
-0.059295405049613
-0.090123400248035
-0.102066876627575
0.067349718346415
0.035687468196990
-0.000000000000000
0.335520097246991
0.162189924133847
0.053289421249866
-0.109762847136966
-0.256952503349247
-0.029948111866954
-0.119217387826839
0.208057496477510
0.180826950839774
0.165096874538662
-0.074039700074389
0.164879643847129
-0.111816491326399
-0.027892961694824
-0.057469202437890
-0.308330040163283
-0.032801331064487
0.040342387813560
0.160998849794419
0.132445771726304
-0.000000000000000
0.073090149466952
-0.027393845887797
-0.243970632158264
0.074781141072621
-0.060662311577527
0.205731250282541
-0.113240303675305
-0.010408462354314
-0.256181528500100
0.169116818524795
-0.000000000000000
-0.112607143052802
0.054111394882364
-0.230209244681324
-0.060327449462209
-0.048486885533925
0.317745327976470
-0.005553857610012
-0.056000479880664
-0.169402879339374
0.007971334872316
-0.129365370436041
-0.122016784321669
0.032582288505201
0.367833848839244
-0.220078099064699
-0.318776391780859
-0.027931493593349
0.118408955818724
0.084205114314724
0.051984674474990
-0.000000000000000
0.022606166664330
0.420526192794931
-0.245296601500462
0.027984422653942
0.066075096324395
0.100262302004822
0.019728210905098
0.233907119624772
0.170574840302378
-0.361017852394787
-0.102045751344167
-0.122851583567289
0.156112628420429
-0.033894885438892
0.148197216523728
0.031945450607563
-0.080968328852009
0.150154545083878
0.240186252969906
0.144497113946650
0.153109384883375
0.217746146455137
0.005200537388832
-0.029991926005087
0.183106234990068
0.271057009320448
0.150185123060368
-0.145658197328703
0.150711161229255
-0.000000000000000
-0.224486665896054
0.159440076744623
-0.015158235410236
-0.230933459796018
0.042107336435249
-0.097266287250088
-0.141085043374101
0.191921772810825
0.041643271351482
-0.023577833167743
0.015606472764306
0.000000000000000
0.180578440999195
0.020445406203573
0.142107740545866
0.249242161746695
-0.251312535059688
0.124246815095350
0.018685425402353
-0.006833007260099
-0.072580086632489
0.006312413276385
0.267042637419425
-0.240359521610796
0.111888856252214
-0.014849368777801
-0.024166011081518
0.176473422160909
0.173025948960738
-0.227859010913559
-0.328478340738617
-0.098372989297861
0.000000000000000
-0.105434712640305
-0.144113530274244
0.081519901167818
0.177399112357047
0.123907678309165
-0.159119786340469
-0.093580905125939
0.044800937960180
0.046026733215754
-0.062023475500839
-0.143944760193960
0.076879208386171
0.165981303968324
0.258850389314387
0.116391430230591
0.126900525776761
-0.000000000000000
-0.096056832711485
0.101059812371922
0.044815887438340
-0.014498966794230
0.189548665443947
-0.347278922879094
0.216654770597568
0.264793581655581
0.000000000000000
-0.338383386094447
0.208025445580199
0.129996453966052
-0.116419646117823
-0.064658843207520
0.058019366800597
-0.195686941549081
0.188443382038493
-0.005636004703368
-0.263093746201108
-0.088800146053924
-0.182023163979839
-0.218848875154467
0.032593892310969
-0.007978126410929
-0.123791841644536
0.258586756743132
0.064085401431421
-0.198835159215849
0.163015499915055
-0.028704062597744
-0.000000000000000
0.326352249214825
-0.217500986724426
-0.057296079530301
-0.139265849407843
0.020941745441327
-0.063114788544955
-0.012697873289872
0.159877568485053
-0.028663594816268
0.120872735906347
0.009864714785609
-0.058511973722184
-0.185364027220300
0.008028390178133
-0.053964892013768
0.012857261360052
0.214168207850055
0.269551793184652
0.129317865390420
-0.033032675482441
-0.155786383980265
0.097963253001651
0.069671443674776
-0.158804845903197
-0.043609646365285
0.000000000000000
0.141620343995326
0.191517217789289
-0.338638719282087
-0.040370862622509
-0.015519774476158
0.060915357909427
-0.149151467378706
-0.161582577705068
-0.211041950164708
0.114183361697987
-0.163155139016330
-0.068033838579244
-0.055631879438888
0.082537311631092
0.235128260474457
0.049848001045361
-0.000000000000000
0.052805100638113
0.209284342272578
-0.010195867466235
0.248852522960450
