0.173871548965414
-0.154107061497515
0.353656943334954
0.004019046438053
0.158415993596238
-0.218390976684709
-0.586190933320664
0.191378625427836
-0.575300038726301
-0.491762543541366
-0.033643848318675
0.180183529018658
-0.404730285930957
0.026198769218139
-0.729551898158661
-0.272619365772035
0.612217062456316
0.019334136629347
0.005519393374217
-0.097836860520775
0.971598796032528
0.233395932481813
-0.462596908028097
-0.470853953110196
-0.577492685145916
-0.244681112083098
-0.454116691357364
0.170578650540716
-0.163707750431416
-0.167287534160539
-0.128887584258625
0.550459837861121
0.322934457033640
0.442904353261105
-0.359850427285179
-0.316138676209773
-0.171432432889412
0.378681251444452
0.664311022141104
0.570865098639643
-0.067650116474882
-0.260183777515524
0.818662630639278
-0.387960406683843
0.239982638621667
0.466195118919832
0.368876274220823
0.077782495251484
-0.390825137893208
-0.683637633623137
0.396263592980466
0.424271646991620
0.087926219856905
0.743600891840959
-0.039267405121828
0.170310364241097
-0.463655128714546
0.220747742767707
0.658152311192589
-0.582282091277725
0.041050512966842
0.721815902357025
0.635995487429760
0.315964815578286
0.398432899743385
0.173786468351753
0.740796795844961
0.311634695218246
-0.280491554440571
-0.467976508963069
0.025554512306239
0.289147024875450
-0.535119763553117
-0.513040564861853
-0.030518166152271
-0.159323962002470
-0.125109446041034
0.073189932446361
0.495648540810501
-0.506037608167871
-0.089919171128589
0.515531578800511
-0.063751821313478
-0.361350631882725
-0.074559158296865
-0.953744798079074
0.030485560418822
0.720770073931790
-0.229638682775425
-0.062063434353905
0.435080689296416
0.030656083612002
-0.619810244823606
0.320336893641232
0.319996232388146
-0.425310454197402
0.193326892761373
-0.548223692504643
0.513727941935851
0.343479363580868
0.025935322554126
0.055098448605763
-0.480107568462385
-0.497403296081591
-0.403272826504646
-0.194755310426292
-0.284366866386952
-0.322608612292276
-0.126422973695686
0.488307317796064
-0.069953257127723
-0.363265240048999
0.778655452396576
-0.127320164031420
