0.078338801664582
0.838824963163048
0.032972898253667
0.800153291678826
-0.133595932628744
-0.275194593536818
0.625537838037801
-0.413041408297453
0.572473798959022
-0.048121596535131
0.522312871490809
0.702489494232110
0.714595230483679
0.567129387947009
0.246586959544366
-0.008932200254312
0.869863074379248
-0.020068806954213
-0.532516938929446
0.796994392410258
0.266416025549799
0.367150601583819
0.824017538869145
0.257736653769974
0.038318394239896
-0.068693964526365
0.847499853066781
-0.499837368791105
0.094330687597057
0.838903978830171
0.908602727203869
-0.018461166439241
-0.222208497648724
0.647315607357112
-0.405181679648835
0.323524372361583
0.699789704158172
0.395074600653091
-0.422870365120315
0.437846584668776
0.681317893829515
-0.517435243957710
0.518880548450269
0.208010514858830
0.815974164195671
0.136883437190087
0.071941461604257
0.783425486179983
0.935816942957603
0.049575622149370
0.197711066640397
-0.204256194250243
0.103975794588376
0.819279165809753
0.666986622845052
-0.474024611284183
-0.013674150560776
0.728396438294745
0.147729783392934
0.227888958273348
-0.029922353488301
0.642771891992613
0.703449967265366
-0.127945651622498
0.892314071978452
-0.347979723996114
0.052278152990440
-0.400050632833714
0.891711904433926
-0.512428112463064
0.000000000000000
-0.162990585208356
-0.000000000000000
0.421922775104916
-0.296910666929411
0.000000000000000
0.300990384169874
-0.140633375687807
-0.480208029476589
0.027970254587013
-0.000000000000000
0.000000000000000
-0.028266986233152
-0.325751074854388
0.424912654213202
-0.000000000000000
-0.249609548909948
-0.084199908643938
0.000000000000000
0.056200755639209
0.010562132797037
0.000000000000000
0.345912980454496
0.521243929921295
0.062141809375927
-0.000000000000000
-0.056110369776381
0.185353896219951
-0.000000000000000
0.000000000000000
-0.311351040751563
-0.166685879566959
-0.000000000000000
-0.370692955483438
-0.418006009755649
-0.000000000000000
0.151840468675144
0.390301878356412
-0.065262668623962
0.000000000000000
-0.268510424818304
-0.069164003349881
-0.129988869346211
-0.000000000000000
-0.003956629858985
0.601927074826416
0.000000000000000
-0.000000000000000
0.195816346136701
0.210606741761934
0.092805640985861
-0.517336643513102
-0.000000000000000
0.000000000000000
-0.164816553609997
0.550525234757859
-0.000000000000000
-0.516162113779476
0.359524456433771
0.297972366760489
0.048161808806010
0.000000000000000
-0.028351600659643
-0.000000000000000
0.255952740965502
-0.200908796272924
-0.041376575018218
0.000000000000000
