0.240017461472593
-0.486954046756174
0.581251131922008
0.197486241225865
0.518131838761117
-0.038825484685705
-0.276670334162611
0.205471178606544
-0.755141011605672
0.528497347503664
0.396173956277267
-0.512378309204874
0.581841558845779
0.532900650792060
0.125794733194025
0.465131186298811
0.369882304795057
-0.374000438602806
-0.193505193909516
-0.168140150749927
-0.552390412875516
0.078604847726400
-0.494104950405848
0.608650533562612
0.398108494334896
-0.058122795542539
0.307594498867356
-0.512370967332045
-0.483166835628808
0.285360919089292
0.000601559162420
0.549183731975132
0.100766360112877
-0.710242972491537
-0.242790765736726
-0.005754410514502
0.339435625277780
-0.480916611388075
-0.533165096200746
0.216387618448576
-0.471264608431437
-0.001094842888362
-0.775645974133468
0.399376419380418
0.201418943030652
0.020446369460859
-0.554986532994710
-0.544129277046131
0.609110415891682
-0.583021795418745
-0.466499527905142
-0.444252659445073
0.540429017468975
-0.090086566812085
-0.946170240093338
-0.024480835120352
0.256426007521454
-0.126006972808053
0.079200908702156
0.623755781442524
-0.238730724016006
0.586581622844024
0.284301096566908
0.126187405000692
-0.221260740629779
-0.611841652588668
0.293773984350919
-0.748030781578695
0.045424858157178
0.827773211294884
-0.225927168594425
0.429143887359101
0.054452415499486
-0.513836587343211
0.316893345037690
-0.310572933104759
-0.733676449061953
0.237264589102491
-0.289269453732312
-0.103119047292731
-0.465496314454153
0.097120563166439
-0.059639048500399
0.536857521517362
0.408893881968194
0.107096626209814
0.427772238264024
-0.352071931306564
0.428385933777598
-0.446648160171100
-0.217696889475236
-0.762675122586305
0.009175134866590
-0.334419072151718
0.298936003408744
0.421932759974244
-0.414452680842171
0.744356609077030
-0.132963173508102
-0.353537208769876
-0.085579819222844
0.538778695938485
-0.774771218874191
-0.287256463728051
-0.073866702787504
0.408253554578414
0.159747824674316
0.494352221138840
-0.356236009811450
-0.437435637577805
-0.225795521804704
-0.286814388400191
-0.181137818060608
-0.784863979435949
0.100666005102804
-0.037397605011668
0.432168928080061
0.222585583061014
0.490803144895940
0.324134470868621
-0.000312259180333
0.072450826811797
0.257291775950450
0.503869726721003
0.473607252917677
-0.155794514060616
-0.157683957922583
0.044879752159759
-0.107377117674483
0.273946339221142
-0.100820867423832
-0.709624365351677
-0.429610610067546
-0.244112893579764
0.523398649739207
0.664734556542518
-0.016072455320732
0.344441375492122
0.093443467149991
-0.536520531774747
-0.235578894686863
0.139106965289876
-0.207559882208924
0.130966013152421
