0.195550342593241
0.185363066078382
0.253514293097394
-0.277509932042183
0.609998086492838
0.017750746713072
-0.057322579660224
0.351040260096367
0.172229016522628
-0.349876782066532
0.035077936113135
0.433683560729981
-0.395319505430730
0.017566211188411
-0.138029246979525
-0.061415672585985
0.049084490381852
-0.569836990776986
0.193720035612666
-0.193541284426184
0.697936161712243
-0.513846793064722
-0.503914010851998
-0.274121145585572
-0.721613111662381
-0.413122173052572
0.504715860820861
-0.585936828968731
0.368337361403815
-0.638184536712425
-0.111440492108345
-0.070988547311675
0.040584080649283
0.714818499963377
0.563508889221610
-0.026451648747855
0.315948555434628
0.254283738501149
-0.569289054561362
0.291247240123350
0.380086000519705
0.396150124792229
-0.044380281258279
-0.202192133495652
-0.910919247873429
0.169391200514889
0.774442606236970
-0.206560480295107
-0.380161784760097
0.178221696456389
-0.440806126641768
0.060016297155778
0.558801216108293
0.103568267581943
0.837286469213616
-0.109274927215494
-0.348937224313261
-0.054679677437377
-0.098204588742652
0.653612652730586
-0.567115610887819
-0.546786745103015
-0.013209353756775
0.207096955944132
-0.743039762485124
-0.173106548098542
0.145268851310291
0.474512868664561
0.389891481706255
0.440769567710552
-0.625199949313590
-0.507825751341788
-0.021460612082538
-0.304527827709993
-0.009992635757901
-0.413496881895812
0.599874767187815
-0.376171965822264
0.251631755024613
0.084513891420467
0.342922958308434
0.110978520590034
-0.127851054067006
0.068455193703247
0.491151512983855
-0.199183449543869
0.600049704882652
-0.576791138846573
0.379544518834781
-0.097531473138526
0.137176531328308
-0.329614969353304
0.372605308746318
-0.589853615566663
-0.409169201496418
-0.589732462385051
0.696375850072415
0.125739121290872
-0.223217006289997
0.274753070571898
0.775363757923451
-0.408832259772096
0.545724127881774
0.565642870134013
0.265532793898624
0.893205123181611
0.143261666093908
0.077605069285923
0.108792779051638
0.700414300823580
0.408275115988019
0.213347213690533
0.561248716613172
0.278176702313162
0.459133772137357
-0.003438906918660
-0.442802544786199
-0.223700829137224
-0.034168933910792
0.051545223288221
0.033516061747875
0.190392496498750
-0.276321350306446
-0.043985158316447
-0.458239528976545
0.876913003209732
-0.193355576999612
0.319091521992243
-0.177726687902169
0.280688779255790
-0.320986021166487
-0.574115011495853
-0.688975595539810
0.332417533000165
-0.169073855049253
-0.331609336648923
0.000921440855328
-0.131944133767401
-0.266524947228407
-0.223617161010575
0.455892373943384
0.629133194444792
-0.087923314197018
-0.475252477640685
0.303613851845523
-0.744354223793333
0.164828023679916
-0.050708034530796
-0.006517468385115
-0.403285742473342
0.459886902282074
-0.574126029041987
0.137984896643057
-0.224857323840902
0.338572908424073
-0.462641569507850
0.520618680337200
-0.138434988605071
-0.291253890658989
0.688303607309338
-0.190231141511013
0.302934626228148
-0.111510983162678
-0.273729986119877
-0.263813216434641
0.449167086163733
-0.040637631752028
-0.838629777138073
-0.116781674082721
-0.539315165547230
0.152205247256527
-0.155830613717824
0.490231388680128
0.739819378001330
0.196491982596782
0.907894150193539
0.322134871158326
0.589228468169167
0.086563954852891
0.065977196143529
-0.587840523934759
0.409091343504083
-0.028867684495120
-0.385531911695670
0.716133599343611
0.268737172866841
