0.286274896190896
0.629260112959529
0.456143776009993
0.652853756439444
-0.327616133069739
-0.146549687567127
-0.703402419223699
0.016352528207082
0.284138995727392
-0.288378454043001
-0.161517030583782
0.208708113244430
0.167134364074207
-0.612321670430516
0.036080969668014
0.169161573822552
0.691467770437423
-0.580029763958613
0.751142418866702
0.147641460770733
-0.030940984279142
-0.061094514106010
-0.001718095100092
0.251191498979539
-0.260793408313268
0.343804042664601
-0.598489461349997
-0.588121518178293
0.483932005142161
0.485053154844064
0.272250559731579
-0.716276800684750
0.212551511369347
0.479113903497769
0.061665031008732
-0.356874501766612
0.827169204248048
0.286752804290337
0.215484393582587
0.335351131549770
0.250379633075946
-0.428858291317138
0.332706712770826
-0.071911405237318
-0.095439259310909
-0.030404298812276
-0.379376162575170
0.537585745686682
0.434643592088711
-0.745827797082560
0.227606870040042
-0.727259846068092
-0.201052169444170
0.218259044470540
-0.590587270146882
0.199704018143787
-0.534666349389070
-0.225108640226832
0.140964689877873
-0.533539532175909
0.237761308146210
0.220750994553099
-0.039522511768536
-0.318128529305868
-0.354361573295407
-0.266002471631808
0.146586985892803
0.099395618250620
-0.135810322552328
-0.163458788748175
0.483596498614741
-0.290481987398649
0.791381810388755
-0.147567162856576
0.561531518509114
0.339139317920792
0.527758521239435
-0.700758802213798
0.250575576512293
0.184728496140723
0.086309091138708
0.272144396976818
0.559145835561007
-0.501055289273471
-0.030248704617378
0.204086611852008
-0.280573123548638
-0.572278404800136
-0.027630476016584
0.633929009213785
-0.555315708082395
-0.215033334974955
-0.375261897471793
0.048284778405527
-0.294724240291285
0.580401453557418
-0.304581818915690
-0.599844199913802
-0.006354704377927
-0.282945821374453
0.212033491517178
0.156762794610973
-0.004465599265401
-0.543974077069595
-0.134474947688709
0.062678819937494
0.215613811353168
0.628136037028858
-0.319052990023844
-0.039992464756229
0.566417209200145
-0.384329568952754
-0.241721715871433
-0.800657501086374
-0.569919998000003
-0.506519710205915
0.120230690537403
0.209240858919427
0.264909720483026
0.207034442213265
-0.559351809749883
0.303577536858534
0.089420093809155
-0.177008573264567
0.422710658912388
0.850382856817144
0.146654005306863
-0.197243892900986
0.628636136824424
0.133337430308713
-0.400039672868633
-0.082678419435752
0.123440955271823
-0.574020878390133
-0.151365102566830
0.228440748762375
0.699513979978548
0.312702570398954
0.409350980523547
-0.109319158786490
-0.087243963483145
-0.301639257308122
-0.619791286541568
-0.407188830219274
-0.414831096783672
-0.249119184201601
-0.800550519367888
0.699872062430583
0.152348029923490
0.230477864285400
0.384961813167619
0.149320717957492
0.180357099270120
-0.351288879746411
0.225367316885097
-0.456989963141576
0.151518865489222
0.541909192367811
0.093985833702590
-0.684054593027567
0.420496953329810
0.006499992816211
-0.735210079935655
-0.495698860663298
0.326994354254081
-0.557538236843770
0.487114148175998
0.392855851939324
0.798198304805701
-0.559257426447973
0.017289305820902
-0.234073789400619
-0.181178425106528
-0.753272663314571
-0.151844403783426
0.110148975311560
0.037836445797603
-0.018474846418749
-0.023451674901538
-0.338380357605733
-0.462572461422472
-0.093390175897338
0.820331028875142
-0.443051388040504
0.395035091644100
0.099446984796454
0.221644880716092
-0.844551461422760
-0.341055375173781
-0.227351016377439
0.466794002450578
0.016818742522937
-0.354577814381123
-0.541628913927255
-0.292363353823721
0.120000198937635
-0.500247456277747
-0.556140980157066
-0.099863069011234
-0.721267367403676
0.131061898789385
-0.179627187533782
0.725923518178208
-0.539609123460682
