-0.087867252609704
0.849194313644903
-0.207466523024101
0.821202046209977
-0.289190632373721
0.387986176262385
0.674440845187364
0.454830428695582
0.294791964649428
-0.270787951799851
-0.128034540828373
0.703210877180933
-0.458938240926588
0.874731402328542
0.136364148394405
0.323814985590513
0.761020110056785
-0.300992919196346
0.772237954697922
0.234597967077130
-0.416926437798604
0.479235175592846
0.655080961372822
-0.494677002790524
0.895395128966986
-0.378469530612948
-0.161152082955647
-0.059678615430984
-0.508165173702311
0.835171878562190
0.286843436504970
0.341507693967118
0.753373070774502
0.408152574496418
0.536652666667539
0.674706222602533
0.064445360429371
0.863751779580738
0.348667980983308
0.921315634966912
0.212708435551341
0.041764148602827
0.777107775707696
-0.189112100273297
-0.292887436788530
0.845297674847523
0.047371590705941
0.411272716211993
-0.330081594285578
0.113834737212161
0.768609733456005
0.720015238520215
-0.429500700928721
0.039286712038647
0.199806876318019
0.882477024003511
0.138160720621283
-0.214216275295024
0.623504386188577
0.463472323587491
0.329166013869927
0.006964458883727
0.832573831663640
-0.209028686729917
0.037486593224601
0.792882311713839
-0.114175620301791
0.860330230147163
-0.360359624724491
0.095907255695953
-0.348346656422682
0.793335023419299
0.895148050775048
0.194158113718579
-0.158661228558192
0.638900407209812
-0.336787704907069
0.057191555531368
0.003304806125693
0.758424133205647
0.336779209729749
0.513557238717996
0.748422164500340
0.146330038916872
-0.528939629751837
-0.010499659690623
0.825334290963288
-0.429425961138810
0.690844783665262
-0.451281945704805
-0.151349406185497
-0.222661881199488
0.713472579041796
-0.268991954288582
0.585202190578957
0.742098790004687
0.335119437668152
-0.035890066772340
0.904243129813314
0.709178227988213
-0.202957142763681
0.315976996511642
0.391860725690083
-0.000000000000000
-0.273040614337713
-0.000000000000000
0.284359137529120
-0.102968856363569
0.000000000000000
0.444113242428254
-0.232636955261929
0.313449487392089
0.563493498261487
-0.000000000000000
-0.014490428636661
0.000000000000000
0.073590157671702
0.271435018583242
-0.000000000000000
0.389510642314883
-0.000000000000000
-0.318385310028901
0.270952901792203
-0.298867839015552
-0.000000000000000
0.084706896022174
0.000000000000000
-0.114003716187881
0.126734116457322
-0.168803932931602
0.110452635016404
-0.000000000000000
0.466128886755513
0.127460641215808
0.000000000000000
-0.294328444609949
-0.059646216690369
0.000000000000000
-0.031536635804011
-0.000000000000000
-0.356673153502511
-0.000000000000000
0.187857457227424
0.262484197364991
0.000000000000000
0.508297626842062
-0.127242250777928
0.000000000000000
-0.335433608291285
-0.039583085019471
-0.325421260034778
0.425943511362476
0.000000000000000
0.000000000000000
-0.106953073998732
-0.533033580949484
-0.322573810910286
0.000000000000000
0.241183055114089
0.549400961396012
0.000000000000000
-0.220693580984772
-0.051089453740339
0.442506400146799
0.000000000000000
-0.488016768720601
-0.296781125867536
-0.000000000000000
-0.283180179401672
-0.000000000000000
-0.191691809126240
0.487635011876695
0.047833472300529
0.000000000000000
0.000000000000000
-0.034219224547572
-0.366971733645309
0.000000000000000
0.522163158348846
0.449950078930570
0.345055051370664
0.000000000000000
0.438518742866401
0.380120041492303
0.000000000000000
-0.101091542729598
0.185711848723020
-0.066686150199085
0.000000000000000
0.270394605981848
0.000000000000000
0.248109232636178
0.179173290598052
-0.621585758202129
0.000000000000000
-0.079066363642913
-0.167986965814214
-0.000000000000000
-0.039009083649797
-0.259286558043961
-0.000000000000000
0.000000000000000
-0.114897295969721
0.585518392711134
