-0.125141563310982
0.852087507481635
0.042588528110522
0.009845342766657
0.432752853821586
-0.766660987446789
-0.262030577848958
0.861142552683597
-0.297011170609815
-0.709239578740144
-0.085659753819022
0.314655765123224
-0.289589732194987
-0.096507233199386
0.620198765013534
-0.171056465251384
-0.849669955365574
0.023542004516961
-0.200579826263477
0.537916494125575
0.539332276504778
-0.132573016758432
-0.207506499322372
0.266945290116866
-0.574052845089767
-0.210799823213580
-0.284615443765736
-0.478278236822045
-0.060088260006829
0.337808001479047
-0.215031238956717
0.802083337330963
0.044244399415510
-0.613285835290117
-0.662374065494753
0.292769468010492
-0.208145511519718
0.040079995880567
0.159573366926056
-0.226363385692036
-0.055323297014056
-0.481528487027762
-0.077962142993758
0.061963157768576
0.954714807020675
-0.439784540020395
-0.313567776805457
0.110623684893266
-0.130939341654768
0.069312423889291
0.379067925692209
-0.215082761844029
0.242061887475543
0.011888919305285
-0.730683968788442
-0.100600972833382
-0.404929369849628
-0.016576420648357
0.110793487665304
0.637174091865703
-0.459974554920002
-0.020038336562458
-0.229957551081022
0.026700870400235
-0.347853535329308
-0.242966081134299
-0.286146290290771
-0.221435982223632
0.782510663361135
-0.412849499382553
0.257875971214749
0.073820037494818
-0.334243075284671
0.736795070418589
-0.432862732068695
-0.680977949210536
-0.115814873237861
-0.087712195468468
-0.452497872568722
-0.754174282568059
-0.152543727831622
-0.563548533874116
-0.213198089915473
0.267955072293373
0.013449305432576
0.274856055312602
0.663907785158507
-0.109158674503004
-0.127657903023379
-0.206396354458934
-0.001170767007238
0.420528884776438
-0.238872330048145
-0.479712953615458
0.112835753374176
-0.256114655354896
-0.361941469892488
-0.408536030677991
0.060166814843051
-0.324424247807212
0.001547133018811
-0.753929511511634
-0.820509047899134
0.435416231713206
0.026304776555393
-0.186934905287900
0.145317936894820
-0.304605123256646
-0.088200740963761
-0.431810860826150
0.271488879587500
0.020098160989162
0.041454215198829
-0.366786422943978
-0.559646785989359
-0.334201541197829
-0.031032358056633
-0.513892611201291
-0.139438101042064
0.064194125637851
-0.153665341824712
-0.585384809234915
-0.313879593090836
0.501812664333462
0.013617652999279
-0.066867745890970
-0.139653571138574
-0.307018812441239
0.333309609728865
0.003001119015468
-0.030988040463871
-0.317157026401073
0.044771706791796
-0.286903657951214
0.553457461169373
-0.282553441413146
0.576460986473812
0.331713606356976
0.185187361142816
-0.452959239765413
-0.093701627799036
0.245908243858267
0.431700334137143
0.364277684290926
-0.837469790840568
0.387327297289263
0.129335123825723
0.010110499846585
-0.639198062002406
0.369248466581409
-0.211512373024569
0.418057396586159
-0.658798613041648
0.141562076524527
0.122360282307556
0.522928732403186
0.283793352700123
-0.042590642334127
-0.130669393287409
0.601948576262420
0.262388559666519
-0.705985506808791
-0.021464255781742
-0.781694739697862
-0.319877923994006
-0.153170139702428
0.045007659867335
0.230467627773288
0.593815569411725
0.490697296145510
0.320353618878704
0.565946363973611
-0.363095269825742
-0.618243255157898
0.449061911854412
-0.770673697601067
-0.315292805079080
-0.041515026523072
0.491386344826107
0.220971831111930
-0.655363033199181
-0.335415327217744
0.198632965561981
0.635806505678507
-0.557076056412369
0.143379752070171
-0.413271827964583
-0.693440963846911
0.409387946533471
0.089631919776775
-0.488632077775780
-0.099841271933283
0.147729364537755
0.080795055825499
0.853963740565906
-0.317152055167404
0.022297192023043
0.238666828755310
-0.256270608381537
-0.581118408716542
-0.334349052522245
-0.203540882420442
-0.111273250659343
-0.386505641361388
0.447434003427283
-0.571627681258727
-0.195459229131775
-0.620195026678558
0.302273458297987
0.086536715555085
0.477767830576399
0.386569441597446
0.742623966305857
0.794185039324111
0.346323679305464
-0.124193916021501
-0.429100470417795
0.607553142084074
-0.371888187547621
0.066751191644430
0.114448429149891
0.825180267505683
0.285622058211786
-0.399179423539612
0.292254398036065
0.038211004120005
0.045254423470347
0.364660969295052
0.166128444833504
0.823111315312300
-0.382155543868589
-0.361609107212136
-0.025862292835911
-0.774999221558873
0.832325899782637
0.007287127878631
0.412947728204634
-0.560020577450277
0.238357309853835
0.451336396956552
0.842704786945212
0.026577416872550
-0.038636735577707
0.242008717289776
-0.356231398691037
-0.591373114220128
