-0.095177834541594
-0.640494523601406
-0.016603414028667
0.025646790204240
-0.461453024220887
0.840204723618449
0.061871858832346
-0.302817046886197
0.379432086656489
-0.285337878591674
0.381069227989887
0.737895371035530
-0.606240551083467
0.301571576766992
0.444173297577297
-0.496558746304924
-0.244576000661881
-0.231986465533567
0.148364017779888
0.195902000110987
-0.911759815622029
0.114929596170103
0.743070717239133
-0.104480956718506
0.800492168885935
-0.269046383035213
-0.255564573925615
-0.021086934208521
0.040981280417726
-0.332918544919226
0.215264498293126
-0.605726406532222
-0.289917350072011
-0.063246946885409
0.745487156109716
-0.066846008423021
-0.455134075970239
0.547549847550518
-0.063906219645650
0.150091699528079
-0.594500039914234
0.542865153788695
-0.141741531565188
-0.078395947510321
-0.034459438209510
-0.774323835325963
-0.457459658710661
0.036175210830167
-0.135587463579266
-0.187503161606303
0.519109298975436
-0.506330422422398
0.044899258120157
-0.614649283805058
0.416797187718254
-0.654957907376221
0.301766706787958
-0.594867222264460
-0.042738655148024
-0.373685107854819
-0.457039156710358
0.726867650911607
0.222392250128524
-0.426329540910618
0.452035656315869
-0.190505080229184
0.581746265791356
-0.533197142361311
-0.241542946078756
-0.393089424520346
0.169760430833167
0.626567316884932
0.225459283625007
0.358953474325775
0.547000106440174
-0.334753361355583
-0.804320910272061
-0.317208780062499
0.036899313076857
-0.476895924355544
0.133905675202782
0.609903435033430
0.633704489494831
-0.176170000272010
0.054947809410321
0.096916736285685
-0.328915898371375
0.564132867801855
-0.032509899932069
0.358621676880244
0.637413942593362
-0.346571439174478
0.226868990172143
-0.621433132030865
-0.223383358081710
0.670293159048993
0.103341349243644
0.213008123449145
0.385032800357196
0.337977171389613
-0.031934591952024
-0.268906915029836
-0.005750319157380
0.054040476363609
0.509280001790226
-0.147428454648770
-0.629232924240312
0.320662951547363
0.477420614749341
-0.256238036501623
0.745787240915137
0.601242003483896
-0.279395787050515
-0.224866684378793
0.727246771675065
0.071463641931414
0.031144149166619
0.080224565028338
-0.700716138377925
0.315241823142585
-0.524704189406749
-0.544759704807939
-0.063099128519913
-0.199236374407862
0.077526381066412
0.772100142804913
-0.353799628344242
-0.262977882965038
-0.356133285642294
0.127285742138711
0.621266262437079
-0.422207108771079
-0.191295905385566
-0.138267624129006
-0.157312783013015
-0.393285150467971
0.691591076750619
-0.357118431049926
0.397464369371799
-0.008101489720472
0.266149207905114
-0.101317090725899
-0.522844915252915
-0.246181034502268
0.162092000635318
0.705952988488415
0.339338816747923
-0.228950281594556
-0.136695372762903
-0.192874847558180
0.181383677630195
-0.604179441617184
-0.160586396078797
-0.146112731316162
0.353135712323829
-0.274698595393302
-0.777289750646180
-0.254054962134792
0.467244944397436
-0.118632477754663
0.398089281113432
0.574591947224962
-0.448640762041737
0.484239217273383
-0.003765903889042
0.522648532791166
0.257142215002625
-0.386877919844889
0.460893450209944
0.273161702872028
-0.205668472825444
-0.822644276001998
-0.275095289339417
-0.469206711062630
0.089544931202620
0.379246217668378
-0.194932358781083
-0.727577049182182
0.100992204660245
-0.370697116155798
-0.564135823331932
-0.094753467753355
0.191291325077909
0.003860073016561
0.023521940330810
-0.552882371494378
0.014211667535457
-0.429491339613340
-0.565686355767962
0.409015433458171
-0.193751355192450
0.092125468403761
-0.683485176225901
-0.267248792146987
-0.197587447345020
0.432280973581067
-0.225969259305281
0.284605250380184
0.305316389242806
0.573389777487855
0.045624153662089
0.350682332079068
-0.136226676519870
0.616097064449368
0.147738909775251
-0.331349870910082
-0.093632941841080
0.436649653098597
0.093640188421537
-0.744208696359609
-0.370867542236890
0.159902540169958
0.179691387370241
-0.337681604456999
-0.472731624702122
-0.736137325018320
0.054563849916715
-0.711401823315149
0.207407663334341
-0.553314859035407
0.187173304084111
-0.284483717712022
-0.196123651433063
0.044366436393399
-0.272387502189221
-0.188550255120857
0.183466254152029
0.852341939840787
0.653377380113807
-0.342179485867943
-0.518123424593252
0.084178873931119
-0.788117659443952
-0.330854820996772
-0.274423064387458
-0.341871833930136
0.536023954888433
0.180527854759997
0.111047089548051
0.324486138546785
-0.652643456750217
-0.253350662488092
-0.140538186481668
-0.640837202474050
0.056537070648560
0.226199828714559
0.265788463244117
0.315858351772048
0.482466060927251
-0.052271541568316
-0.163054032605657
-0.628189418893463
-0.285767858251719
0.427502815541634
-0.306160041034733
-0.571385406106314
-0.585989271458518
0.094725024869690
