0.105304058627310
-0.033568711277866
0.055645444449707
-0.044437379534647
0.045908091974477
-0.354863493305266
-0.425248174560490
-0.681003646241557
-0.193803389753589
-0.335095119096736
-0.399500753558405
0.178198658440528
-0.861160157219163
-0.010807252051077
-0.031585170264259
0.196079452908528
0.384051760813204
0.357665152265307
-0.291404173610701
-0.739667836222827
-0.099475241578851
0.530753217178150
0.163241101497891
-0.525616223893088
-0.669768852269402
0.190517787167754
-0.141396978247682
-0.548461097717103
-0.225478487022709
-0.467614287081106
-0.324873810234684
-0.596047202605353
0.171153080782852
0.258075930394097
-0.052511849768705
-0.399803114853309
-0.375673528153664
-0.811186820239647
-0.276375122237735
-0.129936542894208
-0.442944102594460
0.208569584374124
-0.515379271774043
0.383538108281376
0.319245194224747
-0.330546862731055
0.148203558755881
-0.146426516253600
-0.793983439895294
-0.550781999959931
-0.021800919206846
0.010177298038196
0.348097328992632
-0.305516034659251
-0.179950508845202
0.972741474739726
0.120918604771558
0.585298703896236
-0.478538402386814
-0.237460522445547
0.230268745980329
-0.251492816579322
-0.886035118305711
0.280298258441259
-0.466183663045374
-0.060183728260763
0.055284414135645
-0.561239859184305
0.773663060532567
-0.041670899105251
0.125555848296086
-0.382720144279978
0.568924893505580
-0.291695509090759
0.114411847189191
0.246726357623737
-0.605765941552604
-0.145484386749104
-0.232853182854980
0.059237082061469
-0.031833903505291
-0.230101043963819
-0.054741198540060
-0.764982387484027
0.006589298606589
0.131600609993054
0.349479605514810
-0.568477119906600
-0.163048107194210
0.163061840683406
-0.009843138777390
-0.247292336098999
0.372613812495468
0.189834318068520
-0.046288575969316
-0.371818540500488
-0.598670087125212
0.178586851343727
-0.184515391132488
-0.050288209210535
0.021309565531150
0.680607661014863
0.143961122415224
-0.402679063966421
0.541100955653724
0.150889538845138
-0.057295668235440
0.390970124479528
0.414872640732269
0.457882291835895
-0.486983842612563
-0.531978360754675
0.040340714275906
-0.363952254539245
0.182169338196462
-0.173740861566339
-0.190792024608938
-0.388204723327202
-0.170655580554738
-0.047016522866610
0.385634891241207
-0.306022607506815
-0.382257194419741
-0.498381823904040
0.348276254606584
-0.617500173351773
0.376921400438241
-0.103031787498483
0.887244949975438
-0.376722262007189
0.294680238451224
-0.619664280772290
-0.041743450990610
0.203031286028595
-0.654243219449206
0.254695908424679
-0.502845182883079
0.484951529594049
0.411590141725408
-0.796479389981696
0.425325661041745
0.536645753273741
0.522168982828776
-0.556183923154348
-0.534723586216332
-0.070875947007229
0.163968156781941
0.027579649054230
0.799696823003880
-0.236812164867756
0.373652594834362
-0.219982544930314
-0.263211288208312
-0.699190465264368
-0.012292813959817
-0.443975575934927
0.387622158447990
0.328423745674568
0.316175080500888
-0.370191697193042
0.392705036065800
0.352309256754722
-0.399836870588776
0.268568512957092
-0.512953197290597
-0.171220212242179
0.299398946943701
0.557432205911423
0.674563151176714
-0.233427224551781
0.019174163373247
0.133048518124501
0.837450595329097
-0.227533253276299
-0.085685280627706
0.197251907635320
-0.279663820220143
0.044025846551459
-0.113314971991378
-0.853602476114916
-0.201177187853720
0.637593982479074
-0.195874664721467
0.589830545395308
-0.047910458912189
-0.705080327121726
0.180238185354746
0.045853800799410
-0.176538469196340
-0.659500683413664
0.268782539592779
-0.527446129671923
-0.046016445798159
-0.067355927742399
-0.010779351636397
-0.257647052605342
0.501282907587301
-0.233178832193129
-0.186327440745851
0.011732315824789
0.252614082254175
0.090129083813997
0.161712294677035
0.816216564079758
0.176182632042956
0.016536096867201
-0.228221735272207
-0.838140533145603
-0.316322724566978
-0.182988898323509
-0.579442145628354
-0.399068779873786
0.288338401099061
0.610158516728073
-0.335572393474317
0.257110433321880
0.455788949775891
-0.637350920048385
-0.572098945905716
-0.286411676506089
-0.375533518398022
0.368512938319633
-0.302347565272234
-0.499953994536734
-0.720509416346003
-0.663518764088084
-0.111523877285046
0.413479370095237
0.546915522298596
0.640514991158227
-0.300886220079505
-0.040065124451332
-0.761778018469114
-0.491589573463727
-0.073231536569059
0.748055132572762
0.103467842478383
-0.665620347982794
-0.234304655609722
-0.189317434247410
0.040521046636464
0.722251804220199
0.032324890515747
0.205954859024017
-0.722883061183110
-0.506077653262770
0.244123408401802
-0.335735018103006
-0.456899326896971
0.581020417499450
0.365270090017707
0.334519719394091
-0.906733685618311
0.212405222909291
-0.181507281492396
-0.590848210417368
0.463174809854824
0.504312105696513
0.401489780366379
0.624649164529631
0.245223794074415
-0.141064711086599
0.350545542500135
0.325931455844879
0.006647715161695
-0.034408204105335
0.242658176810510
0.292745010062654
0.533936417427974
-0.128344593719700
-0.687690709001770
0.098871948610972
0.215191583311754
-0.241749801839137
-0.185201824006188
0.595278126528198
