-0.064558741773203
0.636371964103067
-0.332796164317285
0.686711898063298
0.481513109349444
0.357892396230151
0.254652274609934
0.907335406715892
0.333502866334684
-0.149494462241565
-0.425974705269432
0.825125255529671
0.026024000482783
-0.209647783045395
0.933173904416336
0.038783422172913
0.817242947714477
0.064179722998651
0.972470703843758
0.081328234736741
0.154036275675265
-0.178495335109159
0.401145126798566
0.829877366508685
-0.155371558436302
0.691104110221615
0.605732570492293
0.403730576248371
0.477212201707379
0.780254291630556
0.406272358105037
-0.008374621461681
0.772075013980395
0.486159466699581
0.815473391732177
-0.193701534673986
0.279734820205866
0.826324311679383
-0.110876697919807
-0.031360655396147
-0.592284739340446
0.616759013242955
0.052855914101700
-0.131810809512956
0.790139553317479
-0.367222082630114
-0.538545946518978
0.656119205147221
0.838818665211280
0.334829606400596
-0.248207199700725
-0.313001023206112
0.892134629892323
0.182760369197705
-0.120036979952158
0.218021056233734
0.931422540411832
0.776035777552903
-0.058298793058829
0.513828962805605
0.302891553427835
-0.559843068862070
0.730045459496369
0.732118743978963
0.372566333149253
-0.217894145121041
0.815559753480435
-0.537426914505228
-0.187308723575307
-0.253593516707876
0.078926107589515
0.696341611062785
0.420184058856482
0.611188542715738
0.422146345577699
0.797450594407633
-0.260209788228014
-0.190344605922173
-0.529819619888851
-0.089081197987161
0.822098619477519
0.292831253587226
0.700657662228018
0.179827455801119
-0.558735329624269
0.732952190334303
-0.115421646106684
0.579863313631110
-0.041804283670210
0.724593066368861
-0.293169728074062
0.801751038393360
-0.112110357137887
0.753485129607878
-0.152341743378963
0.177126266794824
0.859093202720282
-0.233295490848357
0.157857257727481
0.798989050277643
-0.012019848804492
-0.430980869476537
-0.076242116058358
0.687305758282764
0.429448376173768
-0.409962026315090
0.031381238838938
0.655042585273280
0.737607011126803
0.352014217386987
0.053493452105185
0.735258314372967
-0.472135942730959
0.421421263232546
-0.077390995300729
0.932348090104406
-0.345032552152684
-0.446005268049586
0.505291731206934
0.635740758043096
0.871090004637328
0.008241419442554
-0.417501305647718
0.454875359717927
-0.329323880669624
0.636675225958288
0.152552972588649
0.763126567543711
-0.305659969417960
0.739818685192532
0.516264260552192
0.323198554060509
0.011442532375218
-0.002653641306258
0.858554434922759
-0.186940349333617
0.893566445282912
0.117880790075615
0.810494229441247
-0.221780144454672
0.106219437408728
-0.532592513896822
-0.000000000000000
0.443232240841110
-0.000000000000000
-0.373510826394753
0.170219240597187
0.024195390194350
-0.000000000000000
0.009224965885346
-0.123669843943385
-0.316340067989878
-0.000000000000000
-0.089965675248595
0.276519800116480
0.000000000000000
-0.045219670226856
-0.000000000000000
0.569601575801807
0.000000000000000
-0.017105174400514
0.153839810143712
0.306606078483056
0.156583114619310
-0.000000000000000
-0.197714418207738
-0.000000000000000
-0.303696969924693
0.015830497156799
-0.014925551769403
-0.000000000000000
-0.476660747059189
-0.107551577186461
0.000000000000000
-0.165746183381140
-0.000000000000000
0.183466723071858
0.458444093735530
-0.000000000000000
-0.128343028908447
-0.490430762647412
0.165231000330440
-0.000000000000000
0.563988571224254
0.193464572084123
0.000000000000000
0.165685976794644
0.342303887280533
-0.000000000000000
0.000000000000000
0.220440381244082
-0.272160992621054
0.252124990659047
0.000000000000000
-0.095696385275039
-0.212988970989296
-0.158573932070757
0.000000000000000
-0.000000000000000
-0.177625603171998
-0.314322548929671
0.244469345786817
-0.045834606450504
0.000000000000000
0.000000000000000
-0.129987649666068
0.510707180852833
0.000000000000000
0.038893483574929
0.097145967885027
-0.624764319293887
0.232892472751336
0.000000000000000
-0.371339338114227
0.000000000000000
0.365777911881223
-0.000000000000000
-0.136907407489968
-0.491313248712014
0.179928316557803
-0.055994386324331
-0.000000000000000
-0.045776812048940
0.000000000000000
-0.623614678228820
-0.001497000062043
0.000000000000000
0.370501714860599
0.051361426551600
0.366521256415403
0.000000000000000
-0.145118030636378
0.000000000000000
-0.487461596418410
0.000000000000000
0.499741199375853
0.357683060742006
-0.000000000000000
0.339443902394785
-0.259597777916899
-0.000000000000000
0.362148533197773
0.211130175055811
0.457579142626419
0.000000000000000
0.357761589337487
-0.106335553361993
0.624946650841698
-0.000000000000000
-0.000000000000000
-0.358383054042140
-0.448020005190963
-0.000000000000000
-0.047111335924396
0.238049372294648
0.039384063689990
-0.000000000000000
0.064335885843725
0.116721704343563
-0.357727968635165
-0.000000000000000
0.000000000000000
-0.254009744779036
0.048020747247961
-0.102411630167551
-0.518450290191426
-0.000000000000000
-0.486410137282398
-0.000000000000000
-0.253658419745238
0.000000000000000
0.278111593106503
-0.065849546311657
0.336576195352933
-0.386604156259173
-0.000000000000000
-0.382926312886451
-0.000000000000000
0.077870866733474
0.000000000000000
-0.531552646433653
-0.009049130016673
