0.114582063213929
0.847122657740107
0.299543931941060
0.619274815770445
-0.593351788791428
0.381436065374552
0.763469672809408
0.349671117497921
-0.053505274172057
0.600061786849915
-0.167449491748924
0.267484104145976
0.021903664069795
0.000525474871849
0.978233720898205
0.838110792490002
-0.450795071983091
-0.079890203109569
0.042254612384496
0.912171313882413
0.102510317330539
0.157114760913399
0.852659312453044
0.125855965558665
-0.415010227920638
-0.331122831166114
0.843178620988757
0.890707429527580
0.135678841822665
0.090704280072245
0.101721164684599
-0.267173579640628
0.806111021017578
0.800709369834486
0.011286323259320
-0.509165099223686
0.325989318935074
-0.259789048002837
0.692553530731929
0.177027280342271
0.454607248668818
0.813637241665422
-0.424350647668889
0.734782424080577
-0.388362049356611
0.914625432578920
-0.045909236862622
0.271772004165601
0.596017829685414
0.799284505420111
-0.056821373461401
-0.218456449370476
0.953390111443462
-0.134437191094244
-0.260470258775951
0.070827024649725
0.677186128099719
0.791499167101903
0.374211649721257
-0.292011271355754
0.501988651454594
0.631954111345245
0.083192214319703
-0.035275497878959
0.084331148880811
0.901064487036403
0.176805573920638
-0.543555437274722
0.816366487463446
-0.139779231613370
0.749429600051360
0.608153677507101
-0.273527213853751
-0.059246954678177
0.761760216378629
0.250696652178990
0.776612911787993
-0.368332100163630
0.178522449574975
0.799875534184736
-0.475695140768849
0.806637056782223
-0.285194025579761
0.421875902310537
0.163540642051177
0.204010280339848
0.830878479362024
0.737612486623293
-0.140424474645818
-0.335211806100320
0.045723727380012
0.858584927288463
0.026016990218004
0.759168862435909
0.400210898135378
-0.347719081775796
-0.175744909101709
0.605318285538313
-0.364770584355224
0.472101344291069
0.367475779487956
0.700419211005259
0.006580128733143
0.622170976530136
-0.236314976935311
0.075331821732221
0.642104922476398
0.249692222521575
-0.493809891797327
0.289184017615395
0.815441866788790
0.668665969334073
0.496877069810723
0.504195687101105
-0.230824620536553
0.668566721688131
0.485712699268424
-0.566076212229621
0.728339828493185
0.120283272915469
0.893624939578126
0.284005959017946
0.152456283274439
0.540111965233999
-0.003246381173781
0.830397545419847
-0.494607612870198
0.703525655544708
0.339484522129079
0.732980219497156
-0.186576124430950
0.267597742872616
0.891876272743529
-0.195293397781062
-0.264735078554323
0.750310172010674
-0.112736798421680
-0.132880288383200
0.250318674456989
0.703362557875600
-0.503241560954351
0.043243556799458
-0.292896165225549
0.744939658114249
-0.093392077587103
0.000000000000000
-0.413286227951320
0.000000000000000
0.050758144768345
0.341119474761776
0.000000000000000
0.387758303942760
0.376330774249540
-0.000000000000000
0.541759512428519
0.496825325841942
0.115234196519659
-0.171171903730134
0.000000000000000
-0.000000000000000
0.288907202990690
0.067113978385647
-0.039688137092485
0.000000000000000
0.392523283993687
0.479192843611982
0.000000000000000
0.053118201725836
-0.049055649660782
0.069047358715991
-0.000000000000000
0.000000000000000
0.376935993472587
-0.194739614016874
-0.502025803445267
-0.128164727855808
0.000000000000000
0.000000000000000
0.310245741078027
-0.056882386043710
0.099868780801354
-0.580203798824186
-0.000000000000000
-0.268539353819686
-0.166957018114174
-0.000000000000000
-0.325577623306616
-0.000000000000000
0.152300515123272
-0.000000000000000
0.043991129882054
0.292501997076992
-0.048272720409166
-0.000000000000000
-0.018657493794083
0.078906258517323
0.000000000000000
-0.137929399142295
0.419714049150271
-0.540738237715487
-0.000000000000000
0.000000000000000
-0.215304337944485
0.319167932526707
0.275400151233274
-0.000000000000000
0.515630882649512
-0.234308423150336
0.353307585002730
0.000000000000000
0.023502573366583
0.079250633003293
-0.000000000000000
0.203036099170854
0.000000000000000
0.087991408356195
-0.257885302308667
-0.524298774782774
0.000000000000000
0.034342644366389
0.000000000000000
-0.444044615548253
0.261422369940985
0.000000000000000
0.183579253603937
0.000000000000000
-0.083501190712343
-0.288182755553858
0.353956264377264
0.340573309809046
0.000000000000000
0.000000000000000
0.089994287772459
0.561910010337188
-0.509412766189623
0.000000000000000
-0.023727900256337
-0.000000000000000
-0.041315074519771
-0.375337688099484
0.497970103506999
-0.000000000000000
-0.470820238435187
0.278322260371577
-0.272087339736182
0.000000000000000
-0.504424695903538
-0.000000000000000
-0.550064483227266
0.491767084461247
0.000000000000000
-0.527110343114992
0.082809889186762
0.026860358519955
0.000000000000000
-0.000000000000000
0.227120685887579
-0.014209225926645
-0.433629762230145
-0.000000000000000
0.275294272157904
0.307900692146720
0.000000000000000
0.199519207623216
0.000000000000000
-0.284282688396140
-0.129288504418199
-0.100534061639032
0.092743436594695
-0.000000000000000
0.059362511062196
0.000000000000000
-0.376352644200111
0.000000000000000
-0.544845089448516
0.243853694110929
0.000000000000000
-0.305897762635604
0.052527134869580
-0.000000000000000
-0.271731706022427
-0.576914004822453
-0.383298317843889
-0.000000000000000
0.206038841636868
0.597834115183309
0.001052465256428
-0.000000000000000
