-0.136158878666360
-0.144542914751982
0.071809117117576
0.568277712211795
-0.539807218465368
-0.196592456358150
0.004822946566840
0.466083660843107
0.509993877324007
0.166028775991576
0.017789118386813
-0.594264264585909
-0.177459572525807
-0.432931126670621
-0.825484249031897
-0.675899037691612
0.131344445102866
-0.116515952921936
0.317524640431056
-0.634422061983294
-0.018529538906212
0.680603019473112
0.317204954059010
0.625258640399317
0.133701829968030
0.466588042643682
0.219297988901974
-0.052470273625211
-0.187957830588313
0.404819740250959
-0.500784583351020
0.216837574397057
-0.252831296042212
-0.600291241644087
0.270934558302662
-0.544331239219257
-0.256145873804325
0.706473925360505
-0.008507493452863
-0.701040513968121
-0.000152448297586
0.325345306968686
0.338949218433359
-0.355396528526878
-0.689189429377864
0.050766491576166
-0.806724265580379
-0.409388164123971
0.187774619293681
-0.713482010503688
0.147769491320885
-0.058796623695634
-0.296621433508851
0.437339238330933
0.147906525948651
-0.785594796678117
0.173195521317225
-0.254226598653540
0.732691352625456
-0.092599541814925
0.154367079435867
-0.461780854521275
0.675274653364737
0.099192164853214
-0.446006064664280
-0.393653568516375
-0.144100495616629
-0.709524971396414
-0.215346825969252
-0.525648956569105
-0.694982439272204
-0.061055497184651
0.405336082341279
0.425897064530558
-0.319964322068592
0.520623986152591
0.180762972708730
0.190200101470888
0.317862267457105
0.508874409188844
-0.174409402063270
0.282187322929900
-0.674401221746927
-0.578737393518423
0.125153204032320
0.888465285456212
0.365277560340663
-0.405932846256951
-0.269980318338901
-0.076991254773269
-0.416551558960055
-0.021684113539375
0.036156631712894
0.587484018183246
0.333155695257191
-0.531899391388833
0.046921438121886
0.650017548503635
-0.204428958366179
0.154362092720414
0.019814581816446
0.163306296082167
-0.557422989292780
-0.142239546676357
0.647427429446942
0.401395447811985
0.384240090893187
-0.652404246147673
0.226074688736641
-0.163619293213621
-0.754086633131699
0.640693809060747
-0.002249567155497
-0.353008844140903
0.033426901771071
-0.669664490796602
-0.030284128914262
-0.156292492167214
-0.167343592688598
0.875798332642123
0.450537963646690
0.122602144422447
0.358918984918689
0.084423260899856
0.567052542803132
0.194528927411896
-0.815693736783773
-0.203061573831653
0.071175523822900
0.197722461372490
-0.123400105581411
0.664133210441616
0.097012912951370
-0.056682142328238
0.317943692389608
0.778103292770601
-0.288069003928367
0.307581067653081
0.220710211618766
-0.178805879951407
0.874843209308309
0.571513943445009
-0.575580365208359
0.357950986269785
-0.891216965992824
0.087496080474706
0.391775843668575
0.474522097381726
-0.263108140906804
0.229396817946746
0.393295545778993
0.203478971054711
-0.571457721430419
-0.558440602789788
0.191344634964077
0.520095472458826
0.092409985060689
-0.298011097531213
0.048002861250509
0.296056127352282
0.031244285113550
-0.650928355817888
-0.070513925813206
-0.161959772442741
0.682011894729573
-0.181998563020930
-0.107975218333894
0.020737764936609
0.755826714366876
0.341044931268059
-0.169535081603852
-0.168571211460571
-0.647918327104779
0.591460303213864
0.476902525761982
-0.093720690598720
0.634076506602084
-0.076678906051752
-0.168087968017270
-0.485608044318978
-0.196575583814478
0.629603267662319
-0.013010452367851
0.347780110190944
-0.512084767177326
-0.139681036468090
0.357331946161651
-0.333776334736550
-0.211499181772495
0.348168826008109
-0.128620523076123
-0.203113966461711
-0.290906620456611
0.209461858655074
-0.552582444902813
0.205408633143297
0.807352332433117
-0.152586295538868
0.434693924120743
0.320532797437487
-0.198160804674215
-0.349331657173706
-0.311849600347965
-0.413128022820632
0.491028301297993
-0.123932351484344
-0.224644985003324
0.769843949464808
0.107828149687560
0.178856803941366
-0.255872166405269
-0.187495216158738
-0.573419641318285
-0.099400701784261
-0.438396849238584
-0.186795377049543
0.668993305059142
0.230214206886131
0.226686038638244
-0.136036462151806
-0.447188858684720
-0.664541601236545
-0.535334668213112
-0.340341237325985
-0.455166354486182
-0.305464903625927
0.160497333350803
-0.107462248568951
0.143493627618911
0.069546025830374
-0.190029853168378
0.082077369583724
0.850623410177967
-0.161569236512450
-0.862169715350677
0.120832173864007
-0.258399426513621
0.105238909716303
-0.453694011528898
0.209855579677297
-0.261703509598319
0.190148068521200
0.654858268150290
-0.342942471888824
0.721239815342974
-0.557955526970701
-0.376158936304545
-0.316248711861346
0.091522963529394
-0.460136120777253
-0.224041385388661
0.060746642902216
0.332908895858912
0.347041299301244
0.349580198767477
-0.562408588966563
-0.022876094038799
-0.384791374403475
-0.607465714525974
0.276567305208155
0.322507232330325
-0.221173908376153
0.034683504571173
0.361144314898892
0.076929749575075
-0.331500061880244
0.733042251418539
0.742546992764367
-0.152860486002184
0.242363896806612
-0.390855372795866
-0.357289716961619
0.088993851042444
0.037555256162909
-0.255131771250723
-0.661893271632837
0.747669201959100
-0.572076678719032
0.002544806294778
0.230391156967194
0.384737696723239
-0.125945309908990
0.250201344488111
0.301439151230538
-0.022328104059589
-0.309766870964257
-0.251011788481247
0.234494594307619
