-0.695983020404318
0.120821973255703
-0.581412347072077
-0.244825091694088
-0.644505957826675
-0.154221053193136
-0.654276242025644
0.314722845430697
0.288578575978781
-0.087422519922139
0.644856987803934
0.523923681527312
-0.481015936060424
-0.379204523107500
-0.524177843500228
-0.186546813351602
-0.597106689272106
0.631838153011974
-0.922132583849233
-0.042923038359576
-0.170897287388870
0.203363937966562
0.202744278590095
0.451492937617009
-0.070425645406186
0.147871162593794
-0.574703674065709
0.574679906535345
0.012446286274038
-0.432134441541488
-0.360896442814874
-0.704698484102357
0.286544207797815
-0.478830416978451
-0.167902231661804
0.524464347009249
0.682090926628782
-0.404007670848400
0.048349399205334
-0.845934591523120
-0.106100206979018
0.157162474284662
-0.132459493516864
-0.243940841808026
-0.184324551220036
0.072829159718016
0.092608743442875
-0.431833263178080
0.493125369737393
0.487582917605861
0.299887426157401
0.353972039838896
0.056645241155120
-0.208311984263178
-0.438943733989476
-0.408191111606762
0.275759187261952
0.209664904608284
-0.645474472190980
-0.190698257828213
0.584645098465368
-0.394832395348681
-0.618630849991817
0.070024666636801
-0.081812663145100
-0.176209302986559
-0.545186255153178
-0.603835785352608
-0.276017826074248
-0.196342394479358
0.072695528206337
-0.290874302668601
-0.085525018696792
-0.828130586032232
0.053092089894959
-0.820309725647666
0.431401547215533
-0.172495646879169
0.202880354762794
-0.207967649177590
-0.787336368755047
0.838416392435411
0.065821066889795
0.247213886584998
-0.105548058239954
-0.536638840738964
0.619683559433687
0.281398034269744
0.255209105366787
0.674525176656608
-0.302148169306534
-0.550313698386148
-0.048554990735021
-0.481195140638029
0.100399038313809
0.443307460330601
-0.181760005462341
0.000163331867393
0.262983301111931
0.351087201280495
-0.693775872204466
0.411585072835134
-0.078586000041648
0.235615043108696
-0.045007194774224
-0.697461954644904
-0.046463064622851
-0.072069305669630
-0.107455188926447
-0.019329965979065
0.741266753234569
0.070762823893134
-0.475373059831111
-0.575941521089943
-0.393836059939785
-0.538815329462579
-0.664754879465783
0.457965721729858
-0.611839783682377
-0.233441324090135
0.469867410848587
0.581880467920103
-0.371030726203666
-0.515243173441168
0.210230123456978
-0.622485015479606
0.071376283311194
0.248959365584636
0.186186515537793
-0.500780982782038
0.195200171544754
0.207732152711357
-0.427566429432649
0.738759714290445
-0.343557824909317
-0.558453111380728
-0.199719715935973
0.736060922229231
-0.217794241644307
-0.109419480536292
-0.085145229208712
-0.282573675505320
-0.014399706266010
-0.255037604803723
0.305172242437492
-0.269430161582621
-0.166422463889747
0.088511498535331
0.363737247454460
-0.151096982765716
0.252213938927320
-0.169057537956323
0.639293586254245
0.170649409186591
-0.460687720941735
0.385019659353445
-0.443777718846721
0.033566990914806
-0.322421056387287
-0.111497808049137
0.116087884469260
0.569347898190436
-0.355561878019049
-0.026259128139943
-0.286933172606761
0.151135779513787
-0.156021426502029
0.267279850283701
-0.540777932063402
-0.014352282931057
-0.648879984036783
0.110697093675446
-0.504218664179843
0.613514243438701
0.318957715072340
0.614283689386208
-0.061395800882786
-0.227933353441498
-0.470934990228673
0.131578274848723
0.057282734404136
0.640941833864142
-0.231040418622904
0.288444653536123
0.531530310922327
0.058883917329479
-0.265374408132659
0.346495605721558
-0.240737592295504
-0.177145503386538
0.689234430257906
0.618503984522145
0.210177552944808
-0.853935567336911
-0.162046320602446
0.645998766865894
0.012101499520609
0.108152423597916
-0.405868308473858
0.655283744931043
0.483709994402456
-0.580475643795413
-0.380626912739044
-0.287813247951314
-0.317041492442323
0.632725119996315
-0.046702490107623
-0.176121509825135
-0.149780365860407
0.257177789946337
-0.831965135876803
-0.432832224669990
0.279005006631103
0.468241527197240
0.056178042867228
0.198902868044942
0.710437531204944
-0.581820577983380
-0.168286938431000
-0.426683152665328
-0.101522498256778
-0.334217149806366
-0.095540346637235
0.283768867319494
0.146891738979022
0.419837795240245
0.299033703333329
0.173221046472563
-0.209845876275360
0.199781170279162
0.384269471257781
0.298675094119418
0.035932833206457
-0.475786367848245
0.412274052411834
-0.479473958835112
-0.028880329123645
0.049661824980273
-0.743023211588418
-0.221255373287190
-0.320086204371709
0.280165585944837
-0.617172448810170
0.384198518247080
0.836033516943151
0.226368094478256
-0.107865387727038
0.062053286753559
-0.458830024951328
0.053158425507715
-0.205944211537936
-0.943951962765296
-0.393900812239001
0.233458492565114
0.544548714988605
0.459950502926863
0.315295011557944
-0.357264504087814
0.061122644110647
0.566379352798681
-0.335831642532906
0.113593622446297
0.315733207377870
0.009009969593833
-0.451014561930186
-0.396881791623770
0.022256087603748
-0.444192361777529
0.152769079639583
-0.286933252748584
-0.235214022366523
-0.120640549576952
0.482659708694257
0.177553774076719
-0.128904310434076
0.922018209127618
-0.768102674371226
0.028627983738191
0.277779360668709
0.325273091538874
0.114310579587450
-0.185794405788817
-0.315406536059162
-0.070911651041215
0.044121774448254
0.162942128104186
-0.891739488301901
0.334056706893737
0.611815004832136
-0.520323039418226
0.458090516186135
0.259669183679550
-0.140951234176661
-0.848107020734632
