-0.355849746168190
-0.063235630196341
-0.102857854600881
0.161431628379888
0.205151668893960
-0.092261624643708
0.296303253417090
0.217099970021782
-0.359655118166692
0.142698696263403
-0.034166696526811
0.583458929429527
0.153000549087798
-0.274253145404150
-0.132134851134850
-0.611253721371761
-0.141349867285093
-0.567116740485462
-0.166311591546110
0.450809545860924
0.722172642361824
0.433105037257068
-0.021894407932308
0.285645461398411
-0.529425302247341
-0.422861504137560
-0.324714037818548
-0.077720958071633
-0.171924997154869
0.387370164105711
-0.525167374831711
0.449713998237013
-0.427283912859774
-0.231042877096002
0.187109907371071
-0.082129508073607
0.074619548066609
-0.099700715770009
0.631498996876725
0.389070094473973
-0.444649017934369
0.046469523274699
0.302180927760819
-0.448350539944119
0.537545520332280
-0.291811700089244
-0.714213177888499
0.009751104527561
0.369583829020014
-0.417920753424253
0.259152888846995
0.174885016207431
0.224302302956574
-0.314656353548848
0.794856210982286
-0.076421627314065
-0.490816423351432
-0.344218645205605
0.471526947047619
0.518764826586877
-0.466441609930935
0.080247159866219
-0.244097262184269
0.250469313483659
-0.293771271244262
-0.913613009724714
0.181240269404097
0.036757539455588
-0.012014455602589
0.716279556824275
0.494723764599419
0.251960920248527
0.075574761831789
0.153017948213508
0.138901887301435
0.503202595421375
0.228425351424953
0.070099339697492
-0.409583962435956
-0.275210976749697
0.597615993565331
-0.439555765666175
-0.025351360475389
0.374929900491034
0.675509161145593
-0.499126088089737
0.350644508155497
0.065888197943422
-0.452139233698130
-0.125414289923313
-0.443227715447886
-0.630763927227820
-0.293156139305466
-0.226710605350855
-0.541077035878281
0.280340887550781
-0.160348183250977
0.489733944170689
-0.254441432923413
0.424256991346659
-0.025577308277403
-0.299465384491137
0.556236288335557
-0.166665838998996
-0.328228447945076
0.010036424639433
-0.223943079088989
0.225452567247843
0.326106184780144
-0.283364252934778
-0.406973241662412
0.277757953903173
-0.316670529669328
0.296601051097901
0.025443654925458
-0.391717898578381
-0.693123557889354
0.204382372201791
0.143022657895529
0.423844749857882
0.396837069329498
0.346274697303450
-0.395295369107764
0.026094337054669
0.237779006947564
0.161478133825443
-0.301588022040055
0.578123633489673
-0.024979137556300
0.033438474669863
-0.242555761461262
0.234776087865163
-0.216759485421274
0.360136746497378
0.462658795618507
0.447513951326229
-0.298090422459304
-0.168761517748320
0.298969840475975
-0.079510247467611
-0.123895118394015
-0.116664260950886
-0.147930160210984
-0.313551069716618
0.379918602246433
0.366322983103011
0.602193591528420
-0.111832345479040
-0.078698723073982
0.029949731383166
-0.109477034320697
0.160420884630798
0.262668915190783
0.078218078594969
-0.150904228112270
0.284039130845624
0.193116936213184
0.373596363820154
0.055257425573136
-0.720031665533474
-0.248007413242549
0.616296757338648
0.164332764028826
-0.480700748833778
-0.282161969661924
-0.402244198538477
-0.025194690007430
0.257643526133389
