0.274747457246317
0.303830256876402
-0.569890189200244
0.298842008867557
0.298220402043551
-0.314892266558707
0.626081959209379
0.347281677653191
-0.298112980417237
0.308118172547899
-0.150696556725259
-0.704036857390713
0.131354606764320
-0.250963950590386
0.498496787793581
-0.340332744326404
0.003523975798256
-0.367284157480642
0.165410965589779
0.066636273358821
-0.470662714332983
-0.304953527563987
0.021920865301796
0.509115628107724
-0.229623642726745
0.108739517680349
-0.140325612490189
-0.688465815371057
-0.125628735535344
0.249948851847222
-0.581832194344396
-0.046584502685686
0.201028588105463
0.205726066153051
0.095249550834831
-0.489450239726739
0.251490913076060
-0.084139830079879
0.311557008207482
0.086890685268071
0.572521386804132
-0.373877078669442
-0.104123561690528
-0.469105396068143
0.155364218882326
-0.049282758760080
-0.358595859281617
0.353209528635062
0.271799599678499
0.061224601834832
-0.593302814305895
0.334876938697167
0.360426720077737
-0.085976240521103
-0.161684265332170
-0.055353309301061
0.294296572197566
-0.553816582662211
0.178424207568819
0.198740522404228
-0.363303518771068
0.403289073588978
-0.070746914607692
-0.189265038869074
0.110033350750478
-0.059879540601265
0.336263538664914
-0.499009488542415
-0.656878340305221
-0.293904500498177
-0.156322934167019
0.204045694583915
-0.514139621016406
0.007730047413902
-0.019648917671662
0.297617118737160
0.421291878052017
0.304175610481409
-0.311158713203865
-0.273579603247486
0.226789059843036
-0.123104637846765
0.069107459740499
-0.285633224248811
-0.410821209802802
-0.122179927089192
0.098294113757636
0.095309694903735
-0.340925420773870
-0.431912629201392
-0.109007251408846
-0.321649487920010
-0.177032670682280
0.390611445814710
0.124898413493753
0.315922122051968
-0.243857097505691
0.056332659042078
0.293975233879169
-0.385685627507809
0.479870389986250
0.278307644526326
-0.190308887475526
-0.459879799126986
-0.201863131776512
-0.385612078136346
-0.148607413042001
-0.788517080859714
0.223401905213700
0.270642078881813
-0.374396100246381
-0.403079052109644
-0.073706570675765
-0.288430719860222
-0.564530256805544
0.185614907729587
0.234069658846489
0.476907572479358
-0.529151839519264
0.137160733647323
-0.011170838281620
-0.630394720135564
0.182899297881405
-0.487499573741858
-0.330855387667772
-0.051957970814502
-0.684456269096816
0.494378141202524
-0.280496304863977
0.346061930184002
0.167805956904826
0.273747561158709
0.807934761087993
0.040485193603118
-0.252529087621837
0.043779431209700
-0.384481583977471
0.482379272187945
0.271594743239595
0.062818603936363
0.051567155282225
-0.094766058691177
-0.766840342900321
-0.483540056386269
-0.177786749560650
-0.629354314416948
-0.315606668756936
0.089672607359378
-0.319854202563726
-0.741014038910115
0.077516570840759
0.084408293391200
-0.172435625624030
0.641709048053545
0.323959246661965
-0.275225951562104
0.387050139413951
0.356637574047607
0.344362368604359
0.143093937140015
-0.669511348363934
-0.091542228970199
-0.038231336786795
-0.434225294923704
0.408881921247903
-0.453998466448280
-0.420290820687222
0.091549988231703
-0.658246933062712
0.432164240257772
-0.413599569715836
-0.236495731835490
-0.191100651336558
-0.519347175826766
-0.679336557143137
-0.172665058419515
