0.203399988924327
0.234531450798682
-0.021513179940245
0.347593583990452
-0.333476427401931
0.641959433106757
0.335319335549717
-0.265883664113323
-0.136945172254146
0.241599969443670
0.524565180705154
-0.269864241591402
-0.007479190818022
0.170865476535142
-0.503943278543095
0.337359964838560
-0.148006497303566
-0.285855292419146
-0.588930438283765
-0.442757449855669
-0.549394427597051
-0.407100674693770
-0.000680089992225
0.070077103876930
-0.367714195687707
-0.032201054791512
-0.102967923094425
0.181125761235118
-0.419529664921632
0.344977719048854
-0.041232667552826
0.556737952311554
-0.384438832025913
-0.133955990147962
-0.031259659662673
0.054780888954254
-0.695233710441128
0.532401967947724
-0.076678727505758
0.306931918322434
-0.143450241893157
0.089300449885106
-0.123072686509896
0.094195028132614
-0.484052701703333
0.202171701000647
0.147705803874333
0.494199251231065
-0.205368737042377
0.104985962665336
0.498302743962964
-0.077739419603953
-0.325414152164368
-0.418217826059039
-0.344847396146164
-0.384677887614201
0.123075469887354
0.243350719836809
-0.532300438572396
-0.396578117813846
0.397182544571525
0.574167714019969
-0.518268949380800
-0.056825038576572
0.032650233648775
-0.284344247164752
-0.176342467165466
0.333781447109262
-0.340256260239574
-0.274854151973464
-0.023293765855159
0.122781189637160
0.598332845097627
0.519127975334917
-0.014678620698978
-0.252641851574151
0.229690761646112
0.442682561289918
-0.639022373575595
0.390252626966330
-0.718778728283365
-0.448725499493362
-0.120380421446140
0.083214826629185
-0.032454944506016
-0.123071670497265
0.524298320887325
-0.388245443289583
0.368745110037341
0.357580296550687
-0.222378554642987
-0.238795361965752
0.118405762822056
0.555395165451063
0.136431565031668
0.105475484841482
-0.423872330472841
0.016768530513177
-0.302029467000379
-0.714960552378101
0.052510873014027
-0.054762909380371
-0.247142081099863
-0.476143678628413
0.266686285041580
-0.606820919230702
0.346902029094477
0.123231150396431
0.588213292999647
-0.038640992347583
-0.076603665469337
0.499622208127357
-0.049721968200174
-0.014305289191984
-0.592248200961690
-0.008530008743723
0.455317151985469
-0.447249595849727
-0.165138979084502
0.304806083085683
-0.779444887536216
0.032374550385132
0.323709530612380
-0.327062873714530
-0.329641000698763
-0.374098603401066
-0.331559329170849
-0.186503109959261
0.600957733363298
-0.218039413656310
0.649199194716567
0.011553674731762
0.238935412295097
0.272470949524001
0.036084933488261
-0.021879914229038
-0.181503127991224
-0.441959229502389
-0.722975753753095
0.443240997352058
0.145352409966317
-0.221544934621165
0.284002623305830
0.554889817611384
-0.549318660456197
0.249656689832526
0.519217274911790
0.242459389212138
-0.279865492699084
0.475752604802336
0.327822272903739
-0.200424544649109
0.357104517909107
-0.392557276947845
0.445594837874799
0.069536202781751
-0.248148598296395
-0.000075723583071
0.310925832806439
0.287216064116127
0.215412577001493
-0.817765720812605
0.243935216253369
0.030460613773752
0.022469733299594
0.355239928065150
-0.020697617415149
-0.816048016774347
0.160817817333841
-0.112924275623138
-0.439714162347835
-0.276582316251999
-0.114605179580633
-0.223441880952079
-0.320237793995149
-0.158160459998464
-0.315807334167691
-0.019674913215446
-0.395008670655794
-0.066582191432162
0.300295926637923
-0.245453584442104
0.135541142864474
-0.624003429395958
0.119490031166942
-0.060638633055101
0.313957179460754
-0.716354595838397
-0.169598032497146
-0.659726732151527
0.077020837255624
-0.421713851528242
