0.141458206211820
0.638576835595224
0.151085000000653
-0.335769803228540
0.641810743001732
0.520687031773875
-0.077254004607391
0.029295574795681
0.047815043664180
0.899017247984524
-0.325954099679407
0.160566762010559
0.276405918937662
0.200972551250914
-0.022251548367135
0.715031808420415
0.698606243289305
0.201425532759929
0.627728618685242
-0.163987349069494
0.683403717213201
-0.573589616494303
0.197984307436593
-0.127595564621403
0.112339624073039
-0.113493191138939
-0.121837061319309
0.714025716802563
0.244175074042044
0.581906186752777
-0.168670841645230
0.422926148789950
0.126524768061757
0.795380430915097
0.521900725354919
0.200448525712174
0.615926197456095
-0.357453134508922
0.351441046173518
-0.186167162391281
-0.273980847377716
-0.423709071554911
0.454399202050221
0.652076534159900
0.327453043128003
0.143442061797282
0.539749700975546
0.727151929543546
0.561205704173565
-0.021417738865375
-0.315584730184076
-0.524807793158333
-0.209919234457427
0.118262241913498
0.806640366530357
0.131507534525519
0.689654809420272
0.423164286974204
0.050936601266335
0.087301265017432
0.136546045140393
-0.401077000247383
0.836078629403600
-0.106412690531187
0.462469785358127
-0.513471460225970
-0.032945812579043
0.644792351065008
-0.021708347640908
0.746631728262845
0.138798592357413
-0.241788051504229
0.726446071710724
-0.244105411863326
-0.198440160804468
0.143834156359238
-0.116523411549278
0.050049732539642
0.040114814699447
0.699411051998518
0.895235841063230
0.000985913392908
-0.186803890667260
0.007099247187271
0.680237830214400
-0.186231076828144
-0.485840008825091
-0.170996736402528
-0.167812674259061
0.302940528813489
0.759698065387074
-0.496343515966523
-0.033973475124775
0.641961800184192
-0.104953315582125
-0.404785850193542
-0.075371475489013
-0.155795588396774
0.789809300825089
0.067628686864482
-0.279687390371598
0.212204238724754
-0.350508972272718
0.854716441559820
0.484620864197891
0.000000000000000
0.069777180554500
-0.443750972966989
0.000000000000000
-0.109233231653896
-0.023512036534246
0.545575712820912
0.225575995661190
0.000000000000000
-0.072477294522102
0.036283070784818
0.242732972668512
-0.479879372806314
-0.286776349611935
-0.000000000000000
-0.000000000000000
0.008423171505108
0.191010535158720
0.117838991248381
-0.000000000000000
0.223772348993765
0.132829267163170
0.284179905443020
0.496033929778881
0.272197246669822
0.360112635262049
-0.000000000000000
-0.470102145610460
0.000000000000000
0.192872962850974
-0.369122385906523
-0.032853929151061
0.000000000000000
0.176204574518534
-0.081694809236190
-0.000000000000000
-0.352834896502834
-0.303894603470964
-0.343291072443959
0.083611373301845
-0.061784553908683
0.320802873863817
0.000000000000000
-0.160286620544177
0.126397934088716
-0.102229998748373
-0.000000000000000
-0.000000000000000
0.350441322518575
0.415013374100089
0.120529146555366
-0.164241536557930
0.496887704096804
0.000000000000000
0.010600555442479
0.000000000000000
-0.152315159531038
-0.512753594506920
-0.221305276367644
0.317356212783586
-0.007968620539675
-0.000000000000000
0.096761652900022
-0.209071409621567
-0.014406107452526
0.248410475529317
0.000000000000000
-0.350637348105762
0.000000000000000
-0.334764206033883
0.359624353145320
0.000000000000000
0.371047494206556
-0.246880082476937
-0.392423078779312
0.297690987469229
0.366486442155040
-0.519807718790053
0.000000000000000
-0.000000000000000
-0.266241769749625
0.278391681151690
-0.123365780821365
0.000000000000000
0.010569380348580
-0.353906592284235
0.334593028125156
-0.027825297098668
-0.155014964843967
0.000000000000000
0.178224632083075
0.203716293125388
0.000000000000000
0.560977910061350
0.235939660638223
-0.342844322150976
-0.254708853016568
-0.000000000000000
-0.399068509564091
-0.124172677669118
-0.068959366608178
0.056332419577850
-0.000000000000000
