-0.173213281806446
-0.412099215074259
-0.488440206809571
-0.188435877037422
-0.075554997608404
0.076567882301338
-0.364409509080925
-0.642523494663140
-0.254894512289693
-0.153562402290287
0.310902263125876
0.269798468157034
-0.538802493385236
-0.475042612926820
-0.360837329200760
-0.180152408621065
-0.801322376435361
0.400898771617519
-0.343118451947210
0.209282486628632
-0.097790571804133
-0.315091798257313
0.118994220603768
0.311244842777637
-0.299784913942350
0.123619212961180
-0.079997072664670
0.042979247907790
-0.192673077297621
0.389305077971785
-0.440220997148808
-0.031561925123136
0.343795675521281
0.814123856369034
0.024081011421758
0.064414054372013
0.051551618625642
-0.079307631389195
0.097594846426622
0.054245679881914
-0.360131648148786
-0.232365962176214
-0.430973216164956
-0.123846702686536
-0.188193032322792
0.120496208924761
0.099904889819075
-0.036044735168808
-0.187439807833163
0.760522093214609
-0.088113812011688
0.431361345543448
-0.469971728213630
0.594061002943975
0.255050045788245
-0.280545849591963
0.064360510019843
0.312375999968425
0.124031435648157
0.642940247525939
-0.185459832217187
-0.112284271738490
0.181009109513244
-0.781553984558031
0.207684864736414
0.377875655908794
-0.194927699913626
-0.654619893124943
-0.673246762124372
-0.002795881550459
0.609884792739417
0.144891652351097
0.165762632678321
-0.580702406585338
-0.330374803741010
0.054643748798789
-0.079113778191001
-0.727250645885493
0.343312063135800
-0.213639382251488
0.307958785020023
-0.026243888412202
0.429296860298613
-0.760358605703357
0.802504195025354
0.162825406826025
-0.114651194591295
-0.194719790126755
0.028918218224097
-0.003412949289803
0.293421593116033
-0.383315181183526
-0.358258020944614
0.010793205865263
0.046569857036441
0.268936552638935
0.681800159843468
-0.230355795849322
-0.013787428932472
0.503962058594229
-0.475032070793948
-0.204271040198593
0.131162224742072
0.102917691006401
0.345510345783095
-0.349502423058103
0.127938552357726
-0.092438773162678
-0.104322027210353
-0.521653301421039
-0.115180290443887
0.479393084020302
0.243260794993624
0.115727442851620
-0.596859647295536
0.118270775147079
0.096336672235067
0.016660417188080
0.311030254729437
0.797306592406896
-0.159325916874709
0.024734262644750
-0.543150254032108
0.018952323264261
0.007576099385007
-0.024348519936547
0.133734805316154
-0.130759117485152
0.193384787497688
-0.567065341512526
-0.471184452884859
0.446257347081000
-0.190798680993572
0.392058451714186
0.797050898207235
0.247379157593015
-0.567242161190673
-0.452574485179964
-0.057131092410797
-0.294409008547041
0.004599453290560
-0.346230037574858
-0.099599287591905
0.290622439762431
-0.259606345474778
0.735519401476253
-0.447852381587796
-0.411860877157577
-0.531359223109974
0.188724580748222
-0.024647937078522
-0.544672584807437
0.466815017191593
0.386424970528080
-0.505391368617760
0.562248061517525
0.182490562809244
0.212448790952915
-0.234812075152032
-0.243026346198634
0.423780856743325
0.037317965292020
-0.314814072055717
-0.048691424720229
0.408711487972743
-0.502965961223004
0.221871933775573
-0.016613456258937
0.362317892956555
-0.384075596572992
-0.091923471687565
0.148888281480936
0.540620147021974
0.053171250663944
0.106631483402099
-0.202695274850273
-0.230754547232221
-0.150376500255242
-0.261326760362088
0.098109634699482
0.340176982125397
-0.192866719155824
0.528542188481303
-0.301494973147769
0.274436335871555
-0.107711898171507
-0.461393581182221
-0.039260127427862
-0.333873878881205
-0.167037431977214
-0.042211962932938
0.029606097770948
-0.260925457680796
-0.373219709583680
-0.181635307369603
-0.195058400997037
0.102675514213822
-0.228950307190990
0.838375400362345
0.017073742552101
-0.047649285302309
-0.541157197726980
-0.366975352669848
-0.606008745561969
0.391960743336290
0.115923381586140
0.223426592269508
-0.104527521776221
0.128395855509887
0.123242513342204
0.645200957653531
-0.506817328993363
0.526589188585195
0.377966307323887
-0.131071151539948
-0.544263821595072
