-0.198225821367826
0.222452427152901
-0.142675532058227
0.768935235981922
0.193901901935037
-0.311839299180652
-0.151391415171888
0.778352987630631
0.388729280459952
0.158834717391619
0.706248894523581
-0.306032278640831
-0.096607632896080
0.750471541783560
-0.182455351667713
-0.444994859506588
-0.474554157158151
-0.375568463487811
-0.252192798061301
0.671872082559033
-0.155988553544664
0.211975339338093
-0.250969116106844
0.815552736035858
-0.239951086719180
0.182723449256375
0.665917247338029
0.184730342524058
0.458955991904174
0.782869459938137
-0.163777775129365
-0.114899131756144
0.361522073343389
0.688976295976787
-0.055628862972273
0.062810734889526
-0.381832288884142
0.104068624351174
0.645726552984991
0.170475565290287
-0.070523257279142
-0.505795223631880
0.855289195584058
-0.027356360953985
0.725390079510376
-0.141507258916300
0.221619226528483
-0.114739685106510
0.644149785237110
0.151492346247242
-0.379561618255705
-0.220836383314265
0.837723025079709
-0.148339335691435
-0.076027058235574
0.025983513100866
-0.315560650849419
0.289955904494895
0.764131654817372
0.082531997147590
0.281283895462885
0.216000174763806
0.810836073263653
0.166118868294617
-0.235301738684409
-0.225050563321970
0.539251172721415
0.774358645851997
0.180737531798687
0.510747137855016
0.349757156498461
0.699886241713755
-0.025762045401641
0.036085778759121
0.041301778577322
0.715137467733967
-0.338047473914129
0.868819298905189
-0.148959269290888
0.249571889615812
0.452966768639481
-0.132924898345419
0.606484268727504
-0.333633114695598
0.035901461691972
0.832072594722919
0.482418025554756
-0.055424513331977
0.728594940877721
0.127325601439170
-0.188783995673516
0.413437003482406
0.341952241066099
0.693481660127139
-0.137228545900496
0.380756669275867
0.822782179415597
-0.085804906041036
-0.007588823882066
-0.410619199177704
0.182738380046517
0.103798887706991
0.741653211907564
0.100009421591570
0.643191792372333
-0.367355030704964
0.414016879789163
0.334490897451264
0.424271900811781
-0.275603111165657
-0.318364067282654
0.674436735957109
-0.041603559281269
-0.237190516909820
0.491542001620761
-0.000000000000000
0.410322010970395
0.202653891022137
0.164234033434054
-0.000000000000000
-0.130332839700685
-0.421183017005445
0.000000000000000
-0.191927172542294
0.193066427939729
0.000000000000000
-0.315237677719325
0.243925420668830
-0.220712299582688
-0.241741168032826
-0.107613507201317
-0.000000000000000
-0.005913098565468
0.291304969489082
-0.343116181776436
0.000000000000000
-0.441001824271467
0.072004768287776
0.000000000000000
-0.481453260094774
0.143382807208333
0.000000000000000
-0.023286817550403
-0.339630579913261
0.064825847735268
-0.000000000000000
0.455531302415726
0.419359675266339
-0.142306785222793
0.569669370758850
-0.000000000000000
0.229291761515759
0.020232178426932
-0.069409210364166
-0.000000000000000
0.041263832095064
0.000000000000000
-0.371599013802737
0.353464061490277
0.358443833106574
0.000000000000000
0.217236586294359
0.511071587319394
-0.246778222639854
-0.000000000000000
0.476981653743980
-0.066785516544065
0.194392682404735
0.343929811887789
-0.321515004308371
0.000000000000000
-0.063077088838596
0.005421259046408
0.015256701178303
-0.000000000000000
0.434638380226175
0.009656429402538
0.036434997048059
-0.046275699829399
-0.000000000000000
0.228636771407952
0.169340866600909
0.115539532494877
0.000000000000000
0.319993412868935
-0.557799676538063
-0.267152457394641
0.000000000000000
0.145729910165299
0.000000000000000
0.155872723026989
-0.029469081007986
-0.354444266482483
0.413748415759984
0.000000000000000
-0.034631847865000
-0.255072413063649
-0.000000000000000
-0.072761989030893
-0.014526222749487
-0.000000000000000
-0.364136661829712
0.245477414369264
-0.231329593914548
-0.150430912434016
0.000000000000000
-0.381134827423402
0.265426676877751
0.000000000000000
-0.174867286085071
-0.141506647593894
-0.310481218913700
0.388794819779733
0.391607527568172
-0.000000000000000
-0.302098058075964
-0.000000000000000
0.034414039499490
-0.314655327166391
-0.260515184554862
-0.400352469729163
0.024715405710301
-0.164081497599424
-0.000000000000000
