-0.122969687393266
-0.029877774997879
-0.502084838251145
0.127924850135484
0.369009088808851
0.530163701420871
-0.432388861389782
-0.396326443575730
-0.235523531717896
-0.319203251988500
0.389320722240169
-0.488559278112884
0.814106188745403
-0.251093594215304
-0.304269145258181
-0.181461876401985
0.049397905312439
0.395475208776415
0.318464485839899
0.185200511820351
0.237279698948912
-0.404714085241371
0.431521914568447
-0.038407205682874
-0.381863722313323
-0.217918635762102
0.172661829303792
-0.233609419496327
0.425832066979919
-0.175936528349972
-0.057333012429330
0.644775586763442
-0.283250466595748
-0.463108242269469
-0.548130651901412
0.116527307421341
-0.132123600490901
-0.093814627205388
-0.546145636564883
0.190679416962542
0.374616471708804
0.060581282887765
-0.526160387307539
0.386577857798000
0.138234298536921
0.630946245124541
0.238375814463799
-0.530908341940921
0.764693524780465
0.458256478770832
-0.132574005723887
-0.043822110031353
0.481822678295551
-0.665533290506579
0.352496734271478
0.107972282144474
0.249973155937685
0.006878589895755
0.230038278958897
0.064468952157041
0.381652515101911
-0.199315065172506
-0.445357652666536
-0.076977527806121
-0.001998744453814
0.475834796657451
-0.191858505373407
-0.371087347777766
-0.343841028344754
0.193779016974462
-0.021796944116305
-0.044279862476635
-0.487333056013790
0.113209477158873
-0.280005498788497
0.675470366319052
-0.552101747964771
-0.340392370006498
-0.113268551688043
-0.101311320540156
-0.658101435900082
0.258947481050698
-0.194862316597799
-0.160826889360086
0.158348806379685
-0.134917350356914
0.029413035341913
-0.718602321095331
0.289279002576965
0.275897574746250
0.549028107005261
0.222803485259973
0.609236341399085
0.097218194140190
0.557214681364761
0.247637127190434
-0.050069209776454
-0.241245528896076
0.375821408248845
-0.659458439511469
-0.379195927579772
0.745986709389246
0.262226902381260
-0.278000083100158
-0.503318069349995
0.474820446540624
0.316394905430525
-0.098817023926958
0.139602778305827
-0.482833032635005
0.274196582645632
0.187019005018008
0.528588820801916
0.375521213639657
0.588885069898836
0.073638965965729
0.161317928945040
-0.329857771827090
-0.700061241809039
0.301025673892859
-0.278844810770355
0.386361283553235
-0.107614981609109
-0.010654133078648
-0.440883727517606
0.228808352623750
-0.245823745643267
0.381072328553265
0.266988016975044
0.123522561392477
0.142103322724675
-0.204795547647850
-0.183624839138623
0.117777197719650
0.685718208750965
0.433175872146860
-0.185114507055800
0.140254018365958
-0.730996984016362
0.062637180982555
-0.575176569571814
0.235142538193438
0.267585850986337
-0.514377109222524
0.242245765685308
0.388922065128744
0.149515482393842
-0.369313544175509
-0.096149106707108
0.380436752336138
0.035537643802164
0.485833723418812
0.454610213006679
0.511398831156845
-0.011786823194407
-0.413243673931033
0.073357871436375
0.084760330956841
-0.485141283046525
-0.426353677661155
0.310829645095783
0.228825692929556
-0.232597122632306
-0.202567841810150
-0.219521813382841
-0.259363737026214
-0.104700639587438
-0.243571283071295
-0.128762998737216
0.264521060419009
0.222031231889150
-0.230545473477216
0.219416085569762
-0.402046624886061
0.355646793627542
0.737646732336299
0.074302940910040
-0.692196359441614
-0.201239168599668
-0.291876607327626
-0.003277455294748
-0.669637024421553
0.229924004547175
-0.312685483336445
0.379928860787421
0.381335684299052
-0.714909178597109
-0.202309786693645
-0.422983869962437
0.164753226359427
-0.091238222018508
0.025365698676466
0.089128647990031
-0.615739048907247
-0.002337831754077
-0.411265106914584
-0.039380256470411
0.200486112096774
0.338651680409947
0.528754806091453
-0.054201663081965
0.534494035832465
0.262765574456461
-0.286008915627495
0.004149895732143
0.312494584225126
-0.502724078036655
-0.372455831138426
-0.420691354885742
-0.084903881325288
0.164663814511357
-0.190429247244442
0.151647091706179
0.133121497333037
-0.433227653497682
-0.367099620605536
-0.031049769885854
0.019705308276135
0.389070876367856
-0.030639013748499
-0.059360685185680
-0.075385084253224
-0.267372274620371
-0.575022946588512
-0.311435867810635
-0.684555627716904
-0.033206681823368
-0.265541073654798
0.174219777779898
-0.107860372082194
-0.240402709085919
0.357196725069456
