-0.352624093979228
0.212159753139089
0.136281192664866
-0.254042243212247
-0.194025367560122
0.169727227487724
-0.436718186413882
-0.173797806834755
-0.129040252490152
-0.336274480418038
0.263839818346975
0.506620059088386
-0.280339653084969
0.302665567164695
-0.367223280318419
0.103431070290467
-0.085215860049337
-0.335258047666682
-0.410479430116151
0.355023318776478
0.456029750557204
0.414046610272761
-0.107819460065502
0.133259940718625
-0.144050064583896
0.154791369216270
0.157666874796794
0.351219613017391
0.085605139875343
-0.141041310330069
-0.141576575873047
-0.341438877538440
0.114551436334770
0.387486517771623
-0.149845580049864
0.632771271648487
0.303261449567571
0.125166969030476
0.465973052175410
-0.043200861493333
-0.211348740919627
-0.235377059079045
-0.646847501276789
0.397970818884398
-0.248070081146034
0.039349564343915
-0.392531512971642
-0.451310981824488
-0.178792561488136
0.209341113926030
-0.351271397803419
0.155198894013672
-0.406944642595561
0.031059998849780
-0.118211540970974
-0.175130400532778
0.329682641146630
0.021881841693032
-0.466717327263564
0.214727438772355
-0.628283559784575
0.431683316862403
0.463523205034014
0.341660688797921
-0.012001872952075
-0.133514642462083
0.233633284900711
0.019958677555411
-0.337498050652017
-0.074409307253314
-0.196194094306576
-0.151522402478644
-0.118282338910685
-0.724982107174283
-0.413564990413537
0.133716563726485
-0.535991555129711
-0.349764183478433
0.389088204581062
0.019246098980297
0.136829603419311
0.218780857924374
0.243943151151635
0.533080708656107
-0.238028348521582
-0.786269649435992
0.149351414006921
-0.120954670350445
-0.157865190543623
-0.314286574415461
0.018098616848934
-0.555007895058371
-0.385750841319582
0.251497828812514
0.040544451847831
-0.385858832732067
0.700996438237798
0.084976344106432
0.590193038952174
0.124428135667114
-0.453530439369782
-0.234127732927606
0.396293148017878
0.222279901032143
-0.381580310115154
-0.122589367291810
-0.122851052729645
-0.262480651558571
-0.226953714666188
-0.028930336444533
-0.389145302254334
-0.161903008281969
0.595744171299133
-0.229973048483820
-0.367993485290701
0.267765942170629
-0.223058874284008
-0.539860224211897
0.534001483390831
-0.208071992536669
-0.047239766646981
0.834747978404926
-0.217549982010894
-0.034215274453206
-0.402575925429389
0.063842414922886
0.739034783681301
0.017399190150892
0.251863574437439
-0.559160825052955
-0.206418929907415
-0.353960294403687
0.791993623226020
0.197684868474003
0.081044117409274
-0.106540856158144
0.595820440396104
-0.371161399157398
0.261897773458756
-0.156371845567846
0.376582821935738
0.204920938793409
0.182044169855587
0.611777517278755
-0.149803371577566
0.470541657559704
-0.742554623964125
0.108799263452066
-0.755370087513835
0.247047401060032
0.005241964037849
-0.452228713383510
0.287079939009350
-0.320709115029177
0.197907362491008
-0.435249853443034
0.199394785390778
-0.502478472278037
0.226313567316130
0.574376006625633
-0.210063792374408
0.079191123719833
-0.408790080652248
0.325006963305472
-0.248779513391717
0.313218651897622
-0.646885204286344
0.026317635349451
-0.614876000995830
0.603036771221891
-0.129190767886969
0.135333395011403
0.005961436595259
-0.707367944059360
0.360012888332316
0.398462648124385
0.348382719152853
0.262114610803472
-0.025629724846336
-0.660428749831678
0.012561585813156
0.221217238274838
-0.143355127184109
0.132958422576995
-0.064125587844107
0.335615210494304
0.127609677427370
-0.891074095889899
0.488510980680139
-0.122224407787730
0.071203425778846
-0.748635724341095
0.029457302095622
0.088952860144432
0.457700894813229
0.230702533104708
0.339139820980923
0.468281345884070
0.044060907982365
0.319958473594664
-0.023125288333243
-0.007673183736664
-0.470510335973037
-0.606428610746797
-0.040096680943788
-0.338986560922505
-0.392944645326689
0.131383179786248
-0.043807270803320
0.361347186985557
0.599452697953696
-0.275874615806305
-0.256119421037185
-0.289156296821252
0.373752736150376
-0.590351259460955
0.222659987265788
0.207822671840700
-0.110705957731008
0.180414213435865
0.189596355597351
0.321612942085903
-0.436001215680230
-0.451175142292732
0.395466154930382
-0.194187128599371
-0.729337795937558
0.171301194297873
-0.659388424897044
-0.076081759236828
0.047931752855414
0.571952283644788
-0.449481297358932
-0.266817397867375
-0.149561869085880
0.299148393220817
0.319752207572445
0.008240901253174
0.241053472392143
-0.412223210557118
