0.613350858323443
-0.119911484207265
0.233142837003718
0.528571026494090
-0.383005864823397
-0.104691057993053
-0.170117644096687
0.616909304629456
0.275073236941546
0.675791124431302
-0.417768853802474
-0.092931949555262
0.881670924365307
-0.189147706624607
-0.275111412023766
0.107174685852368
0.793714917471480
0.483316068677707
-0.092476682132048
-0.123550775802879
-0.015888770545808
0.150447069820503
0.872548083424152
-0.283108194576059
0.794795661750612
-0.119130118823971
0.026784066582747
0.018019570332575
0.354336540481263
0.083179395328984
0.202652101055389
0.617940514149817
0.245015194774795
0.680539431454456
0.003170692490076
-0.235950914992231
0.628902470278975
0.301626444865544
0.257782106790571
0.232963522765809
-0.507152311480423
0.621259648438388
-0.185388496348142
-0.311254502085402
0.545770468410906
0.345647462108903
0.616851944182872
-0.260572933363124
-0.208104281413579
0.179895095427125
0.774195430151587
-0.168284783550490
-0.289123325975322
0.807262073788850
0.064180510964160
0.205526652842368
0.149687946712516
0.941032508847414
-0.113404604775143
-0.063459986710581
0.648091450850736
0.107217167774922
0.317634077715820
-0.494755909047678
-0.422492484529632
-0.271739480327829
0.603539861641470
-0.346115106183778
0.808259469423489
-0.022565956612982
0.480761859965131
0.202207472348444
0.703875241135564
0.088978933570869
-0.222942080527050
0.255696335172295
-0.393489555879607
-0.351780467316290
0.656608113287335
-0.318449237046557
-0.435231726623991
0.610766096132972
-0.385389795150334
0.393564755762694
0.247832095402849
-0.032717317847078
-0.247514145598151
0.919271198417019
-0.099704088530838
0.609501256152402
-0.230446887568184
-0.459058603043853
-0.184523553400174
0.240838244554757
-0.197076159958318
0.661498446708476
-0.288717231741828
0.204413698584922
0.011747954159583
0.773112808712453
-0.152923594961551
0.700621460194473
-0.127115020966327
0.147244370648120
0.097511937598071
-0.035692532030814
0.527502737662417
0.706920985514789
0.014149413851414
-0.036452924414409
0.689320244253363
0.075150679627402
0.129844346486772
0.721109618683594
0.281027285768766
-0.084477750038140
-0.018521941561924
0.376403999075152
0.724977546982367
0.338343100808914
-0.429977602281345
0.658837204326322
-0.061874275261385
-0.425954411779719
-0.561455336475572
-0.069945733815626
0.747990451260531
0.321560262114868
0.745508437351648
0.363103171093573
-0.036537462974474
-0.113160800693480
0.071463789201394
0.263241273737405
0.738993537568958
-0.020544932567209
-0.286167184010393
-0.555296464082952
0.081942375906301
0.685528187980404
-0.258882633642759
0.344561829021536
0.255250443811562
0.747733558401780
-0.362051482645719
0.710057143833186
0.485096299044331
-0.022121937955583
-0.055539163681193
-0.117611957662189
0.313647788225232
0.775495882135290
-0.145016159306283
0.347717087309299
-0.449724630844874
0.638155057103738
0.213967097147827
-0.359479847509849
0.880934238134752
0.156639398846985
0.362938346527934
0.667297773719291
0.076846926498705
0.638091970102488
-0.000000000000000
0.430386830777847
0.242109415504106
0.178407552730282
-0.239797190458246
-0.404886977442974
0.459774977419601
0.000000000000000
0.298518086853031
0.000000000000000
0.425758618392983
-0.118703237902371
0.000000000000000
-0.127350209852620
-0.049718949585700
0.284634456798189
0.000000000000000
-0.214355119033544
-0.147690669706758
-0.211765969001648
-0.049098392002576
-0.151931509321335
0.000000000000000
0.331856870966676
0.000000000000000
0.441715166469386
-0.342182056746704
-0.202150764196505
0.465934975085351
-0.306640605308369
-0.365355428796265
-0.000000000000000
0.435641576642204
0.000000000000000
0.000758176793269
0.481005811666784
-0.000000000000000
0.061044804001811
-0.537067536238134
0.317193232174672
-0.003573226803797
0.000000000000000
-0.273201712515547
0.388500680648567
-0.152537317876457
0.294436555663078
-0.000000000000000
-0.155876022687526
-0.168977285626569
0.167775387857470
0.000000000000000
-0.489826628949387
0.461184583429143
0.000000000000000
-0.046104890387036
-0.059652516062393
-0.182615761380029
0.000000000000000
-0.204286774958893
0.009053114177273
-0.000000000000000
-0.277173839316328
-0.052436461215075
0.378460319899491
0.140117969474778
-0.455488168709080
0.000000000000000
-0.191047655899362
-0.000000000000000
-0.260080712448670
0.054249676715124
-0.060021457889812
0.000000000000000
0.179883493381258
0.346523085315258
-0.478667198958963
-0.057377217521366
0.420530642679032
-0.000000000000000
0.093456806577043
-0.247205035556613
-0.000000000000000
-0.132650011829975
-0.235400198654940
-0.166238002608723
0.032718948641262
-0.049803995616357
0.000000000000000
0.312977885484548
-0.000000000000000
-0.326725445939416
-0.387326826638372
0.002545771818638
-0.562167525166609
-0.339838171888639
-0.000000000000000
0.252419357547828
0.275406609384600
-0.370744707239895
-0.000000000000000
-0.043802668355534
0.000000000000000
0.478669557545092
0.465684003698527
-0.269591592127457
-0.152079598694369
-0.339725207036064
-0.000000000000000
-0.661199116479206
0.239180213581430
-0.000000000000000
0.152543463975291
0.026638348792760
-0.000000000000000
0.230724326247274
-0.568405859910588
0.070592163889625
0.454943980421654
0.000000000000000
0.077143961156594
0.113981624157947
-0.000000000000000
0.401476192484598
-0.147011118969006
0.078208291300329
-0.060513680524587
-0.000000000000000
0.084890162899078
0.000000000000000
0.357436851387904
0.253815192503157
0.325652651285971
0.513589784152861
-0.232244176803211
0.000000000000000
-0.247692534740208
0.206427806008996
-0.170046757927283
-0.248117696491806
-0.000000000000000
-0.311943815241445
0.146927680618169
0.266649540322335
0.000000000000000
-0.325519199198140
0.000000000000000
0.148104154595349
0.032127671329795
0.393774554979938
0.151678337598560
0.324421503909312
-0.000000000000000
0.314980619447833
-0.025004993969893
0.385656556908325
0.000000000000000
0.082601425722017
0.098627170608620
0.000000000000000
-0.088662128722786
0.082412737518883
-0.000000000000000
0.055359415306959
0.008130265604021
