0.685483361706177
0.599016812726024
-0.051348111240237
0.129387975878287
-0.326462809644253
0.184269842880968
-0.022095454975818
0.312749604781234
0.394791664303379
-0.103815358211466
0.496618960601834
0.375590765479821
0.194904354147569
0.519277842031904
0.001603718882937
-0.035207323020380
-0.489228489635020
0.049668928435338
0.128906401930134
0.074128619155202
-0.421924432008147
-0.309149303541922
-0.468190318744394
0.378269012075361
0.119843448871547
-0.222671923230504
-0.468572176048326
-0.104641269904234
-0.183482933815577
0.019946566842983
-0.003712408360714
0.157151818547755
-0.412539894113064
0.120174995078901
0.144811261346354
-0.396998641822697
-0.471890255521975
-0.048401318741222
-0.198269052827189
0.019477711710034
0.467992374917157
-0.483719965279634
-0.286068339464614
-0.385083410749332
-0.065269345709566
-0.313977176985653
-0.501163699334922
-0.453241246221241
0.170159961389142
0.249067182829580
0.718769629431220
-0.335100180852429
0.095193211198436
0.031356994485825
-0.023125850986890
-0.500811737616087
0.023117391200846
-0.666498333970074
-0.058690380902758
0.071688850703912
-0.342125022798188
-0.013317903207836
0.323792822024861
0.547629935890438
-0.154619203218536
-0.205335605582928
0.447324388897052
0.674669663484697
0.347750644522546
-0.188860556980725
-0.284469246290994
0.460111668355762
-0.414528084263223
0.013014968367864
-0.677094609613783
-0.004660905427112
0.529219248722978
0.341684212884957
-0.002184544231397
0.336547939953405
-0.852028479926902
0.168195893121106
0.059730596269660
-0.131582105703856
0.602208309518882
0.090908788141100
0.236284578717999
0.702844444475175
0.602036477073780
0.039133623320884
0.091865355807208
-0.298210445277906
-0.244461177107653
0.024745677499517
0.911616535617081
0.266696956659100
-0.502563850390659
-0.427430973723358
0.064734874929034
-0.352756255875736
0.253300450299975
0.638820455117053
-0.393920807310423
-0.326632060159970
0.017856717773883
0.385552190277217
-0.042700192958622
0.668563324012331
0.720364907726544
-0.108697222370108
0.336646302625146
0.291024908123019
-0.671204925849865
-0.192715633907477
0.255115501393288
0.244098983208601
0.408790854725735
0.531817484081548
0.153971580557241
-0.524820190266334
-0.521036249795128
0.467517172117763
-0.103762362199573
0.049912768757323
-0.216316205374711
0.132023467447435
-0.182919912317228
-0.026860214892894
0.005582411335683
-0.038510642703337
0.026450374620594
-0.506675740103902
-0.420571013379078
0.277792759723439
0.012921987952474
-0.228044329861652
0.366326200522859
-0.355186447225145
0.142434172154275
-0.388411161895756
-0.270523157184199
0.429458397110427
-0.196760852606848
-0.082434535243310
-0.298704823220124
0.112612770141411
-0.575783846803317
-0.101483660617752
-0.275031925268278
0.338461980201790
-0.085352376705614
-0.319698654035036
-0.329855924077948
0.291237611579671
0.503188849222226
-0.064852647045942
0.527684704769358
0.208956087511588
-0.533993234401520
0.492460059692181
-0.377850134702785
0.152451991647953
0.506143705497030
0.317181995674464
-0.149372713504382
-0.260500698257431
0.568452802748423
-0.061068525136295
0.309130587462573
0.197137655629314
0.132210236408154
0.003003345244185
-0.794732915552409
-0.047518147101988
-0.342488539438070
0.100046756516824
-0.460883682606742
-0.215848552860935
0.407556716032914
0.143374525645892
0.161228517003349
-0.792112635750401
-0.187565720853384
0.050027252080187
-0.042193149957078
-0.779094799583829
0.066538588175737
-0.350542747012122
-0.057562182041273
0.308924238638742
0.508443554455562
-0.082791446686327
-0.374899335212264
0.457077592573802
0.452354520011752
-0.389167102775716
0.234013321043177
-0.401149508519807
0.693995357050593
-0.493875443003379
-0.089156145524160
-0.705785679355663
-0.017752651850253
0.361099962870675
-0.543783171208634
-0.299613360998036
0.155302317851489
0.570701136512591
-0.412149276700355
0.256681138966788
-0.264967875480553
0.104468156431985
0.216354782581244
0.484671638757046
0.383212255851261
0.109535116011655
-0.483895244877383
-0.162653946407712
0.126759608991343
0.058397789416846
-0.149275732221051
-0.056085889109219
0.375638922315310
-0.756355947140713
-0.037288358529760
0.274561854121433
-0.685438019699864
-0.007860829657862
-0.008948211521670
-0.160766575528739
0.123245260174988
-0.660997282520150
-0.042538304714715
0.520802257588378
-0.029515298348389
-0.068820604716419
0.181346722730754
-0.465996594354023
0.082011447421649
0.542227205611880
0.188062545860476
-0.084030015783603
0.098464966998173
0.563377607927344
0.202818107919938
-0.264236711496754
-0.468540014595128
-0.399278884297993
0.198534125558561
-0.039238128049246
-0.170736999812533
0.393407503041515
-0.031337703506498
0.222476135168972
0.020787350831688
0.168375273066396
0.139910258087575
-0.577861982619353
0.375239423415708
-0.210589530527241
0.135606324908649
-0.015955161525014
0.062046830333400
-0.122314994753606
0.117097911712640
0.161278228646519
0.376487663897568
-0.504617884999139
0.074305922809966
0.320994529885061
-0.356433336092212
0.174016152660707
0.166129260257679
0.521353855138957
0.320646354171086
0.002750215343967
-0.057086792084258
-0.455588829197970
-0.225290111565828
0.098271897591156
-0.435353715826808
0.315169215216287
0.296009165949479
-0.105785069256156
0.024596104392904
-0.236102610459478
0.214424441849171
0.385473045371364
-0.022491727539301
0.133302977351440
0.240609694641806
-0.648477001246843
0.519116030917276
-0.693055116576271
0.357679432171196
0.154449064429164
0.258768260988667
-0.178147087549455
0.791190425270627
0.128008407604659
0.268071869982839
-0.508873779419225
-0.577368630486281
-0.172076799336027
0.060990491212639
0.554940588362954
0.260269869117560
-0.434830630285089
0.220973453399152
0.467929299473750
-0.096774246552925
0.647858062888820
-0.289252692766004
-0.656660764849907
-0.192501349333993
-0.065883010807417
0.004287889366540
-0.107437668814811
0.458931591181269
0.691468890392218
0.060002752867793
0.436482390434069
-0.537766886620287
0.256242867775024
-0.165332197362429
0.091030131411198
0.335601313856545
0.044396609037556
-0.408659408028018
0.115481283263336
0.038652243466462
0.543478943910813
0.730707380800029
-0.111035713537958
0.042780997519635
0.186726551854769
