-0.279024104610377
-0.343505021274259
-0.125492873830358
-0.332621079815317
-0.389290903206623
-0.187587608957575
0.310645888166353
0.495985905892294
0.433764037778770
0.253504240263329
0.094175764029496
-0.468552919454702
-0.473208730470037
-0.061648817032851
0.300304917797372
-0.179268466951242
0.345191486048375
0.091223424113361
0.106560248469116
-0.231495934233464
-0.094042857919001
0.199988311240399
0.106237159129044
-0.757855317808793
-0.606547627694777
0.172450012136741
-0.091568915925300
-0.039749912383471
0.477677227121897
-0.328716093147029
0.480858963602527
0.108629345358723
0.198801179484248
-0.156623573863810
-0.244247379852252
0.532122998277495
0.014305734167192
0.592126645012971
0.173039506318573
-0.092241013234115
0.489127222812008
-0.784673746556265
-0.022644316287801
0.199160404008180
-0.243333153958622
-0.225803297522720
-0.760803888651881
0.213197336753452
-0.203688964037378
0.308375702516787
0.689024464210152
0.441463218219165
0.122010109027507
0.358571511645031
-0.018514646416940
0.268136148434814
-0.151047826829589
-0.724115025241192
-0.208580518990680
-0.390714223759859
-0.000085151749632
-0.549929862515792
0.203920061380653
0.103746867447021
0.106299312192850
-0.166078888060111
0.515992903365027
-0.075696925918995
-0.107179104995591
-0.617709090179924
0.112399437896508
0.620962824263304
-0.094373666486796
-0.407249372358064
-0.383838599151918
-0.617045261040360
0.354591123558776
-0.403452540560569
0.187385889530344
0.452390344911807
-0.299296674571311
-0.223383920332612
-0.232982037764763
0.261361583331961
0.240214065854967
0.090975737397441
-0.420067732223518
0.136760027284225
-0.224330423153045
-0.245690790237409
-0.250740385507390
0.134620186300659
0.379201889154549
0.221642617511467
-0.012311648845036
-0.551979483465964
-0.064760621377864
-0.474917251753677
-0.223629267262836
0.370369636780288
-0.188694984259197
-0.067250383514021
-0.166392383791267
0.843432753505730
0.408546767451247
-0.040222449618708
-0.483975212362339
-0.013480312166428
-0.294697528657568
0.440173302913676
-0.173284945883162
0.447970469128341
-0.129066637410007
-0.497336267538050
-0.050966338128115
-0.728120462876632
-0.082433476084288
0.296146808172769
0.632914019768359
-0.091944441531151
0.145279782556368
0.656518944588492
-0.238209629176156
0.072936770917868
-0.636471326201012
-0.324091677073674
-0.327983400662361
-0.284641050840003
0.178486020651519
-0.402551596550912
-0.230251449946010
0.516124082062350
-0.328723541489856
-0.317924757483988
-0.022349628385761
-0.434186968713698
0.131406913876966
0.772714498243174
-0.202281139462883
-0.332883395829598
0.264188681041646
0.141960855883113
0.318977279832186
-0.400438222616400
0.099032852135135
-0.016346497684818
0.175293619010422
-0.118517903155596
-0.541423731079251
-0.395627207187398
0.194847275324561
-0.410710192184079
-0.082753488122616
-0.120153765859081
-0.299114824699180
0.149074372096466
-0.222020063702582
-0.212712539936448
-0.591066264486230
-0.354427516486896
0.438790433585612
0.525124218453057
-0.154043539509906
-0.076673098125524
-0.031895372537136
0.433774929346280
-0.522215660371616
-0.226316716317988
0.335436232533993
-0.274419067261829
0.041152142297182
0.103126939220626
0.496550569614572
-0.477198065265386
0.093018384620385
-0.441397466838075
-0.653880585894512
0.027887077240578
-0.205681698329997
-0.010868498194575
-0.499501248544589
-0.443515711609444
0.256878971053153
-0.083540153979655
0.298282508668821
-0.184127443686279
0.645866175874685
-0.331563276364939
0.393705414357226
-0.335102479482453
-0.235934504506814
-0.696141476472969
-0.539212566437572
0.085460300357330
-0.244998829854768
0.086322176520287
-0.745783981927824
0.126644178582412
0.115736819024672
0.082271135927273
0.401544314291463
0.007595380348284
0.492410544066797
0.130310587423791
-0.528549133889873
0.338321513570509
0.416985938195357
0.159475932830760
0.031565595117364
0.017491459059696
-0.689289410404802
0.366480664885392
-0.036834844667342
0.264738263854435
0.168414951822362
-0.071114623370069
-0.017358197272230
0.105009049847735
0.320266732007820
0.389393372352935
-0.147047013060789
0.300749107148116
-0.283938004902286
-0.032819301908626
0.057768087211724
0.659704178224196
-0.588000888407516
-0.002901494046549
-0.090772863383591
-0.455522358441690
-0.167798174774438
0.113057452008025
0.645850557876569
0.370212010670802
0.183314208446339
-0.239679703252658
-0.064806182129666
0.006225618331321
-0.016353357961003
0.827425843425836
-0.034991072412329
0.119370172466201
0.294903914528139
0.326002645047138
0.238414184433205
0.165212871341152
-0.443616240317393
-0.127407419514927
0.098209664185273
0.197756619796357
-0.523245946992743
-0.386240271058118
-0.362040042122360
-0.476315991260794
-0.589211739874905
-0.181135936598600
0.553958556288738
-0.434657009742073
0.284731804525095
-0.402481570187612
0.015711460568301
0.279224120920724
-0.853401882494856
-0.042553831949311
-0.397876082126684
0.355546317240144
0.409856309244868
0.222591095599795
0.067045975707692
-0.333553657073750
-0.509347705569299
0.455946991113698
-0.307788577396878
-0.301830661508057
0.152301672256239
0.108512661879654
-0.443887300074356
-0.014514076071302
0.425781436955941
-0.467462878447862
0.135029661566751
-0.513368433338172
0.441728772011363
0.108587063920174
-0.233425856684708
0.288798544249636
0.168566352590359
-0.192183815816548
-0.683608024478513
0.006461562826591
0.007986410805505
-0.170418272490930
-0.495882296817330
0.218510539238378
0.427492246390971
-0.097042935926030
-0.294796136270298
0.351392029246484
-0.275621057601713
0.122176549594459
-0.587706277761153
-0.027324491622777
-0.200730816013900
-0.316633853211301
0.485214026071159
-0.227296016592804
0.061725678635223
0.557620536297959
0.216244809635554
0.397978976600381
0.156195658880099
0.066101022877814
0.383596936677047
-0.672841274088249
0.207115426160433
-0.072079063026348
0.561766141462101
0.260669703149349
-0.664421271754684
-0.346648845063634
0.455915732593815
0.340477638206288
-0.141085537991341
-0.001351782764060
0.152281764176611
0.406630928937136
-0.446128078029832
0.692425718692650
-0.560443114952805
-0.302187971492549
0.098205281984893
-0.124193158378366
0.484953250850007
-0.432413090468714
-0.280653213452663
-0.034239918325101
0.448207627295496
-0.133449649843785
-0.114893582388288
0.504969427169334
0.220287228150861
-0.551698909243251
-0.649861265888373
-0.156940213996494
