-0.385356931828116
0.091180509794015
0.011363154864017
-0.197041240258538
0.055568288790548
-0.093417020736304
-0.152602401627023
-0.082760805498800
-0.138811254354070
0.555154271195631
-0.613000275499805
-0.117096626367753
0.568730925944381
0.273145675702353
-0.150124125754624
0.525549262115788
0.154705623748523
-0.271332887258212
0.379613455256423
-0.019505138142960
-0.242736464194643
-0.211832880743185
-0.294461243007507
-0.803029952594235
-0.682792589894961
-0.216088606939412
-0.029267629638644
0.047886977755453
-0.115709203189166
0.168882628118018
-0.224081213464200
-0.248934173534630
-0.062255952190910
-0.300642468966664
0.763132396355437
-0.050380159364890
0.167700180914811
-0.128674355544111
0.143700435965912
-0.537536609182647
-0.173017463060539
0.149849596715677
-0.098202273865094
-0.392599253424764
-0.162390353448260
-0.744159105748439
-0.024444625195302
-0.169214718824071
0.166650392109861
-0.439952225339208
-0.509910312174997
-0.287722916709157
-0.334408377632198
-0.425930674974188
-0.058330522523154
0.112285888370737
-0.237685799114660
0.507507025059816
-0.247712203736571
-0.730463016482978
0.078698536130122
0.554198744694856
0.186285711547185
0.459831100739046
0.013512566034842
-0.030253925262528
0.129190419772763
-0.345576639041394
0.150080595796546
-0.240383971703198
-0.441188663434097
-0.096787815751761
0.564089022333103
0.540852579326232
-0.497696430664617
-0.349217891326593
0.729089884582401
-0.134425290404850
-0.107511222484295
0.139656792214732
-0.585002967295915
-0.146834291923070
-0.342874223484231
0.298010231011318
-0.107132317585224
0.116076345211357
0.043840134831951
0.194772302609988
-0.112172863745466
-0.624961238193590
0.343721584870156
-0.287761217312597
-0.145636772928745
0.230439916546635
-0.147556077579607
-0.315627456371972
-0.113425591470909
-0.800253989927232
0.056388022694962
0.034426479723822
0.216399250250626
0.142538590794955
-0.333349945780674
0.459943388006852
0.333681386485654
0.647723740450220
-0.044499117337358
0.012624277125734
0.594559377666845
-0.239715895425462
-0.113224838019849
-0.176242392914113
0.018969786736778
0.141606155353716
0.090537052313526
0.289483756749528
0.228385018565123
-0.456295150093280
-0.077233176790383
0.119250340139068
-0.562752253379653
-0.365562216486103
0.030595774084868
-0.570590447135433
-0.054438647817638
0.003241568761992
0.040951159567798
-0.560219262087720
0.103197682283139
-0.069735618583958
-0.589429853505601
0.256555926202177
0.253887699852660
-0.130316393958777
-0.204220999374620
0.732651548749092
0.057335760285637
-0.516521729623512
-0.536953839209477
0.031758419550602
-0.501970024608572
0.586655261985367
0.123586162745019
-0.162379074150457
0.529093788863192
-0.121994958891842
0.522317394398171
0.097252549957044
-0.109925825189030
-0.174512329429512
-0.145559989629907
0.147654360944214
-0.022990281689757
0.074989639269040
0.336944790999498
0.432641322144010
0.132834330488680
-0.634936752138658
-0.081633830236424
-0.578983662056814
0.573033364333042
-0.160245837368023
-0.201394755031195
-0.329462312853365
0.499487384946653
0.105707278876386
0.221745426633533
0.291409428453697
0.276313935740784
-0.361807576536124
0.268663202916407
-0.306529207262068
0.185471247261875
0.046826829275204
-0.601988500176748
-0.402890559481045
-0.252121733899798
0.463286884652370
0.219044267048218
-0.073557682456838
0.249022196913241
-0.186857461858758
0.380909043378103
-0.221007824904950
-0.426122475274167
-0.550186937432816
-0.557556331538626
-0.095271638908662
-0.897033384737972
-0.259383989096042
-0.221179389611771
0.192819376841706
-0.058148307420478
0.476969705172906
-0.203110247213075
0.104494570848438
0.202386031388831
0.267335165015736
0.017371156566317
-0.436425641363738
-0.352822824114065
0.742703110213532
0.127433261217748
-0.256177120847547
0.044913123412446
-0.076799058191434
-0.325057457668071
-0.225972733775378
0.322863010594921
-0.143573640787100
-0.335621112624015
-0.496442132754704
0.771170072121704
-0.081519124447291
-0.212352842319060
0.446617339350468
0.172248172462188
-0.042584276386544
-0.167717679378646
0.511093938486382
-0.333876730165425
-0.059545444730677
0.225022168045087
0.692870717372466
0.385657664892633
0.373785253856214
0.514094879697985
-0.480719668451176
0.195307917817807
-0.444322859061212
0.026363446873078
-0.392889832514533
0.228594753851860
-0.060312093379362
0.528954180242561
-0.316529695406620
0.314494746148126
-0.230939708568650
0.726447249063047
-0.103816311245334
-0.075045496840704
-0.159201255856149
0.179284267186723
0.166987458097300
-0.050513222504682
0.443384013578706
-0.401505996653738
-0.283152343734281
-0.128923257900482
0.251631439781451
-0.581840417025252
0.666566481121632
0.417539721309652
0.457129116137019
-0.420536280011204
0.394358761022970
-0.087254904621532
0.039948066557864
0.019315870410247
-0.100223851196332
-0.056624871792007
0.589302626107641
-0.258443233704212
-0.044924744151777
0.196500210539083
0.230687823429903
-0.566425329768494
0.131040181734512
-0.688678795199024
0.512874444480878
-0.270578313402351
0.353071435949019
-0.445683920453221
-0.068692052012338
0.424115750769015
-0.112528788712990
0.218884408668359
0.082659667001906
-0.851150669547423
-0.158409030072064
-0.039326897964856
-0.385705465430879
-0.281466944415123
0.335893500130952
-0.283093607155028
-0.573614778255704
0.118055252449218
0.432517122465368
0.460357190249993
0.157687730399502
0.354051780967530
0.323765838243849
-0.162365339205668
-0.580337369634737
0.146149888988980
0.400799744114989
-0.415712182465350
0.609384351132015
0.548229549240485
0.207047086380227
0.508973988298492
0.324602861904274
0.169936480404429
-0.571094971071168
0.311458576015521
0.054498399119236
0.350073280759488
-0.025234608337327
-0.641406969185455
0.235095440541940
-0.450238450925240
-0.110072148143167
-0.670588890802801
0.007452603945256
0.348557613493571
0.001129026563851
-0.352213072931605
0.417644960657217
-0.064573605339699
0.193450387557729
-0.361819213414831
-0.544815846269879
-0.110304486101172
-0.026179411149219
0.463337026313157
-0.054107890063006
0.346532542606505
0.156612668166513
0.232248109798205
-0.103966389259699
0.465390313826908
0.376254082798953
0.328616270093627
-0.379503440130603
-0.648550733176014
0.491775021124842
0.217513813695082
0.443385729262469
0.316524940916644
-0.590801568090199
-0.422493417057465
-0.146980209481976
-0.184398397350958
0.056723539007960
-0.584264836991720
0.141340820146187
0.346395982222756
-0.124563109859968
0.182433790570026
-0.057025354424678
-0.616156520579939
-0.434816050077410
0.404568266548842
-0.039274363390773
-0.394281229211058
-0.553109545518980
-0.050804350793745
0.567273847619682
0.311114037369803
-0.132378482895842
0.189464879024850
0.149866848428849
-0.017931431674828
0.780852240405023
-0.165172279702951
-0.275648955121893
-0.777974585090501
-0.025047812418819
