0.280730850104815
0.273512568199654
0.022770672641698
0.335185141153346
0.502489843676044
-0.060361182748173
0.236735708649137
0.233848280333766
0.339469536008259
0.002406404200106
-0.020256905837041
0.431518970182896
0.417275831041086
-0.691528818877055
0.134866225998222
0.141456646330340
-0.023621272339267
-0.548610734540419
-0.000620816032084
-0.508508076249417
-0.092209567520349
0.154518801848092
-0.535444649040959
0.670488664046649
-0.006461363341909
-0.350626271218691
0.735409470130102
0.165424249870027
-0.234828598896246
-0.101097306203803
-0.191924402633212
-0.299109491190291
-0.089912305968692
-0.443464874101213
-0.014231089000039
0.036922027522986
-0.827788689736315
0.109534962630381
-0.265576024305230
-0.295643331421282
-0.290944937676188
0.041827282261412
0.289700669689404
0.329044821110183
-0.023453706508294
0.036506731139611
-0.450334796232444
-0.531433946488808
-0.196285730840508
0.601600889400675
-0.071645647645748
0.228255104367827
-0.527006533096809
0.042682082674943
-0.431779601209458
-0.136525645586606
0.299450038371987
-0.270135215386072
-0.546106102007945
0.571424079245156
-0.251098028916511
-0.115534014537130
0.309268553925155
0.285374772867600
-0.644103135765498
-0.107196160973733
0.252825930359872
-0.635185297123236
0.117599402825763
0.420604013623747
0.395149756265201
0.046495394502479
-0.139451875231677
-0.627966937075237
0.413530035643722
0.123120189869688
0.066116111038828
0.232944684135986
0.398879361739067
-0.247599275613013
0.461710332733665
0.479626958580675
-0.280384860471941
0.082245778956320
-0.575410128057666
-0.047585380954983
0.304162890066543
0.074052469182933
-0.355272488560955
-0.495952962603141
-0.094776466396910
-0.178122118672504
-0.001357838860243
-0.657522173645545
0.265373422788024
0.172892049334039
-0.491068391106833
-0.049246489119243
-0.405557155541081
-0.436597213432679
0.388118207382712
-0.024812329850194
-0.054910260390290
0.052002955217344
-0.186642846572457
-0.300720337022008
-0.511170704827710
0.046396384349634
0.211526293814749
-0.135920662651594
-0.306579028438878
-0.412125085528845
-0.125338958768185
0.037360538692821
0.014858535189643
-0.182279448025617
0.288904427837940
0.147087040667800
-0.429195164596624
-0.139447193145377
-0.171616832310646
0.022599539573191
0.107764928486135
0.132240174559562
-0.277839340042204
-0.238552301897486
0.028484519854207
0.233880906380599
0.206073278193123
-0.481678036878393
-0.141528097675266
0.465401840367290
-0.256376205073470
0.399134098166376
-0.407829272059704
0.458253052035192
-0.661564921732638
0.458183501307300
-0.160319766359130
0.515411564392529
0.412189612628503
-0.393668094499746
0.462855120134822
-0.117589654254051
-0.217507838190786
0.300380906548540
0.279659466698605
-0.085964763565622
0.057546899773537
-0.196461972435995
-0.712305461103185
0.051299735971411
-0.166126076000545
-0.394770642808465
0.141340078023390
-0.631936707437350
0.011840139747830
0.263589542973596
0.171796253495299
-0.046633869290156
-0.022849960409341
0.469065178316853
-0.159938309250730
-0.196158296126613
0.192184233157989
0.343684224587636
-0.444796658182300
0.414078370588524
0.118316964049955
0.289625071186590
-0.687727706407812
0.292713841262025
0.556016620252375
-0.215112434238845
-0.124390273517088
-0.359840337001858
-0.312523792589505
-0.075572935887005
-0.133057557033559
-0.302143800062907
0.202359693463192
-0.173501732836060
-0.164803323383156
-0.656732509039143
0.077142408819162
-0.289838944393479
0.473535276290494
0.152587228767930
0.292420868464182
0.587620527387501
0.058133327508718
0.606688805324224
0.415246242495343
-0.394544793525978
-0.165539136284866
-0.536785316283717
-0.128163535907198
-0.734690482023398
0.406122621706068
-0.111273996424570
0.438204642631009
-0.309183751490849
0.585903451506149
-0.047232564601701
-0.311743390279703
-0.029130935297861
-0.233452634271178
0.738649439353203
0.000021032178367
0.307010245963569
-0.450284080400228
-0.111619206029263
0.404116303742770
-0.459083244992683
-0.141505719748012
0.214000389979866
0.131605345503006
-0.307590602449915
0.112893102754905
0.326632081096435
0.096665988913078
0.319440106016548
-0.259577967405095
-0.360638574762012
0.744046279237412
0.476280491642988
0.051101588231017
-0.158978159147963
0.068633165315037
0.540444933736274
-0.096597442727056
-0.698259707372177
-0.029981697798865
-0.199453768204845
0.226853753887834
-0.229540932078645
-0.526248462791132
-0.200346233354516
0.552948252528479
-0.313969300406317
0.177539316152647
0.204565501611428
0.097303620718116
0.655788430989597
0.398343714067105
-0.519586281646690
-0.240749274028529
0.236023216414626
0.185726509626178
-0.269434646870710
-0.477144561655307
-0.424986093818223
0.121252199976396
0.370431946062194
-0.214823318393536
-0.120533423363394
-0.565076568706800
-0.105777995526034
0.310163952226863
0.565520717412760
-0.239380923549577
0.191758435478801
0.094969979923010
-0.056258329182220
-0.211699860627041
-0.215394506483897
0.707554137282755
0.243131674187746
-0.101220970130846
0.512430374357031
0.147306666846951
0.324831035226306
0.662154979343017
-0.440199295811750
-0.287636424703550
0.077433442195730
-0.008306659241738
-0.401526847166971
-0.458408718825512
0.316180562389222
-0.282609382085120
0.514948097637706
-0.223717201884033
-0.416594517054968
-0.720985569816857
0.062130075344988
0.086665052755722
0.236454817033074
-0.422210916688978
-0.168136582156077
-0.351643703387550
0.370354925214079
-0.050898455329367
0.581284479433150
0.246166275247835
-0.015898161002025
0.488274196230110
0.397350794347813
0.322744198022307
-0.585291380004788
0.564289879206525
0.297920923712068
-0.092250188979579
0.442259619276720
-0.173438773987989
-0.531579213136277
-0.222543606419356
0.557459674568028
0.428775937408873
0.194238924161844
0.819075969807942
-0.238714796034421
-0.674042206470386
-0.007939350156668
-0.274266115110083
0.402029593154558
-0.248267643582718
0.580176712091089
0.550197575747818
0.489874440686444
0.439973268018393
0.229487327849533
0.634247017904077
0.402338494565297
0.471086004112531
-0.210874394817545
0.221255409026784
0.416589735436305
0.029721165260719
0.340537341836570
0.513864435752714
0.133180145380971
-0.084765517375144
0.164737793878380
-0.162288777970773
-0.019668353887222
0.255840493913476
0.555492949442612
0.256890241713416
-0.083926122855615
-0.841009764645762
0.158504566327909
0.206434452567968
0.042731585908456
0.272014016502844
-0.372102200309190
-0.425124140983110
0.234303450655933
-0.221208785645006
-0.041922091658039
-0.052273539786384
0.586356491402213
-0.199837108909404
-0.851632522742043
-0.361378210723462
0.053709015731023
-0.646102136180738
-0.490472164757291
0.229309970662190
-0.069306713026097
-0.175351503628726
0.365948421850200
-0.516223298885271
0.210923015776336
0.534713653406674
0.033267952866971
-0.185038324731318
-0.149006690064578
-0.269381529979974
0.173551649623465
-0.208410515989311
-0.594552456393369
-0.434570887914965
-0.042365312277152
0.768982862468702
0.075107269612189
-0.046282377494338
0.284825382681902
0.566346865991973
-0.257824842930305
0.135873742908061
-0.185506036045235
0.258472658020626
0.736777874555521
-0.237043717118522
-0.215567598087566
-0.293076587120162
-0.095855944614344
0.223837060372686
0.541721169581128
-0.112325204688179
-0.013471295350515
