-0.293903353441562
0.415754237546309
0.034824273355442
0.107781147053747
-0.085729207177254
-0.430280568104469
-0.254183549678153
-0.242164648297416
-0.467418118906131
-0.269113983114201
-0.196448896233974
0.365037346988222
0.403663796100774
-0.420145666914431
0.113995320304770
0.213316032327989
0.029387729903615
-0.207797141807914
-0.244204892767119
-0.099619824716426
-0.419147866884281
0.281571647379845
0.131830979808213
-0.125788731780849
-0.055622061138754
-0.021598232043961
-0.217805207469177
0.481242959771944
0.452148332487436
-0.195753376778398
0.135033044434434
0.236290452000619
-0.069074676006583
0.323452609972781
0.222912556740586
0.124462562805048
0.337639840093786
0.092298975852221
0.638829994726979
-0.599614517674755
0.702776608319039
-0.380157333327297
0.205589332133501
0.079816390358645
-0.210073332089195
0.473502571379628
0.328491120791507
-0.048425487334101
-0.468698997874008
0.476296662006349
-0.117173388341566
-0.367279260097909
0.121403680974602
-0.659537666340986
-0.381566502949596
0.148372005193606
-0.105740690375321
-0.006303476101429
-0.394899097379951
0.230084242978100
-0.298446396607926
0.599414310980820
0.542115551225482
0.255112825166041
0.026171421155391
-0.199209621715690
0.013036441398681
-0.152835120593319
-0.013625153300179
-0.699630823647138
-0.314980341017733
-0.404824707333581
-0.329141675537787
0.038012333337747
-0.038970164600047
0.388041147246109
0.224703041971273
0.443163974509086
-0.201157893202840
-0.257294862769654
0.311019555236180
0.312961218502304
0.337325025941033
-0.043260784141781
-0.414232558002010
0.082750644179122
-0.081039916330261
-0.618544071700693
-0.224008587810522
0.339852428493434
-0.277292370402063
-0.396093958553813
0.484502075615100
-0.177913945308460
0.220187769885617
0.356988969285401
-0.074341005527257
0.157174229763474
0.070581108438191
-0.603679220898265
0.346948762014495
0.283185917394290
-0.159923045552464
0.110911218161595
-0.108602512126978
-0.668537064557478
0.260677326610146
0.071933951185996
0.028853359274496
-0.612390987186752
-0.165662778037308
-0.037131571437231
0.498133691749386
-0.181903727024995
-0.382701494251932
-0.009377184765330
-0.921654022503585
0.245113069376723
-0.073935794066190
-0.221855267421566
-0.258188691691748
0.263230980624600
0.551893246430821
-0.438846230774592
-0.363848980406201
0.111317600927595
-0.111822761065345
-0.087310237946822
0.212564972051988
0.037612242720740
-0.263404840687627
0.067100548281928
-0.067360382082139
0.557200367544196
0.247016894337035
0.266020478956450
-0.131130544105850
0.059909780376807
0.626165121175853
0.074462585293272
-0.581164921671048
-0.016719419710792
0.308676570186300
0.376135408863927
0.126033228374638
0.457222271517036
-0.249208004823911
0.518651826847644
-0.288417352079397
0.033567561395179
0.132672832594744
-0.301048509961398
0.606204038880166
-0.112588210991227
0.282723973498841
-0.482186953106439
0.121753038232581
0.313805164474981
0.164455500673332
0.589697275847594
-0.243928605000116
0.480496903217777
0.210747880924717
-0.190179287688255
0.172459664824313
-0.624011192161400
-0.171196629604743
0.006040280906182
0.235322150191254
-0.039781131414665
0.147791972254300
-0.402890649944078
-0.527605064046958
0.522495367103148
-0.324593569381867
0.166732600745323
0.477211866060654
-0.488526866823615
0.386920980128120
-0.254635381242301
0.473959965120852
-0.145809147711072
0.191244657601953
0.256624584051338
-0.359740281670138
-0.791576998987265
-0.206731044233821
0.069750330265970
-0.300712359448148
0.047170836489232
-0.138179111932874
0.117076953814196
0.047421023642696
0.232799271806869
-0.071436975039363
-0.029476061625316
-0.283044660969607
0.259707746199875
0.318123434453617
-0.138503627778855
-0.023753228066399
0.097103552611167
-0.081385670913113
0.415018908188243
0.173634594568489
-0.223804973474073
-0.110152705875841
-0.137318467255159
0.374401982852135
-0.186545082862540
-0.013788107348388
0.532732087735227
-0.237103005384215
-0.557211392761453
-0.327391056829814
-0.151016761783544
0.265113041185378
0.145205070662894
0.119532683563111
-0.252015679037974
0.364540878967832
-0.383936036342394
0.051676918592182
0.128537838335012
-0.384224748402783
0.210860680985876
0.540606984354414
0.038615824956019
-0.104079287035811
-0.525894161470309
-0.277540956065337
0.350857158476406
-0.362454772005961
0.405127504079290
0.015545867792562
-0.294642202353728
-0.438892175654254
-0.085614184309416
0.176478801057417
-0.447391222822558
-0.093129527195959
-0.477408248704364
-0.047943686787737
-0.078749469238044
-0.439564276155967
0.341620181304807
0.009878920303832
0.305641994340283
0.029347676752065
0.490163211512312
-0.069409015074064
-0.120460539770322
0.371224890817530
-0.473282104422488
-0.302962101007580
-0.295452701977404
-0.119291243615654
0.760524184211068
0.223804261802292
-0.140545458813549
0.072698853428185
0.020777133011234
-0.103150939888696
0.098399652538914
0.279349911896175
0.158930980381475
0.147218861288943
-0.251984339657780
-0.360489227516993
-0.550553789995719
0.156676335970802
0.030023394985071
-0.098433883811553
-0.022351205693276
0.007846574082465
0.148420691035940
-0.137808909103982
0.387859899794708
0.121146171405268
-0.168398653163659
0.474595368798212
0.153795850803400
0.730833924892227
0.268536619189950
0.256433941994370
0.016950843876430
0.021427144241550
-0.530296436100883
-0.379884843920659
-0.351873743221407
-0.100027803184000
0.604367975714227
0.051794432474330
-0.137996087151655
-0.337386237159319
0.471766330590407
0.414208519268645
0.018488876993288
-0.095400438439418
-0.075822813489785
0.237848447995418
-0.358741306071532
-0.164925987551918
-0.324184296205438
0.240767209016616
-0.114145278004184
-0.268873712346808
-0.140198997304254
0.342306533443573
-0.457737575010424
