-0.084035973144183
0.088731012584535
-0.559525365673492
0.231942548327637
0.625211500331751
0.130878139741595
0.575197296393499
-0.327964672384329
0.121148302591421
0.032295299725568
-0.053678079935259
0.134876609634296
-0.335135837006544
-0.022723403184325
-0.560183359044329
0.505481673893163
-0.110445182105752
-0.047371218901194
-0.513323798511087
0.494131969585050
0.724541043140443
-0.124387363940394
-0.145270066573973
-0.198497421391048
0.232875289962071
-0.235752363619808
-0.116807822755257
0.258795563161916
0.101694585889184
0.070769605514677
0.087007501029035
-0.367065875740102
-0.316945584515978
0.375854882968653
0.005640102376450
0.026666497177941
0.064585444262074
0.241739820481081
-0.276001104097387
-0.216173119178683
-0.471756285645496
0.268627013542735
-0.014469773214515
-0.110698911531777
0.141130273670221
0.115669522864100
0.263773952098338
-0.273949806367834
0.176443035142430
-0.287356784556108
0.667980059429852
-0.373566421923440
-0.465348846721277
0.060131244821019
-0.170744248199122
0.351778561646035
-0.125568022363330
0.347044295170315
-0.137602159725910
-0.233621426111134
0.162373408959458
0.469397657743997
0.240085718952233
0.297243358691446
-0.426842761139388
-0.421042142588134
-0.218967090911589
-0.394727772012148
-0.347031890685091
-0.300073103333371
-0.042027030237040
-0.098166853467955
0.527077413672944
-0.216800242446465
-0.450129147537439
0.141567083629156
0.313237097631971
0.101437257831337
0.082344660765304
0.764119255750857
-0.154981336666651
-0.171688507596846
0.364731156772386
0.420303161130128
-0.054366915699507
-0.383088434438401
-0.108739588094855
-0.073991835781415
-0.024514738165733
-0.198175819456029
0.438389249877013
-0.596544036699172
0.361212986155723
0.388715396163819
0.021888609653893
0.309598590427921
0.029406879077035
-0.427169400067104
0.597794982423996
0.011091978256609
-0.068279160034171
-0.053629708954381
0.428061222278555
0.187642137427672
0.388439582223317
-0.691569263745682
0.186975638101371
-0.372059571866497
0.298530027871050
0.099435862300757
-0.100712827463411
-0.162919505929075
0.000128001723876
0.055289466655337
0.289369437900324
0.383634773234447
-0.485304854072758
-0.132892561091185
0.210995150535378
0.624169536025782
-0.241708823608909
-0.253902224353980
0.064285153534754
-0.343946680990785
0.465702422497566
0.343311228835422
-0.390936824018394
-0.272414855780483
-0.175760715048320
-0.296807161085767
-0.345664849496217
0.233872698105108
0.051974503042810
-0.158934122569913
-0.107817397818043
-0.806548629008641
-0.206291385321472
0.073906924018343
-0.241609023015072
0.156181044212388
0.589841566557944
-0.015706211471776
-0.153716825759540
0.368719467946002
0.411196744913718
0.100294794920713
0.381340273036030
0.638733766633440
0.106647930116287
0.044793140521468
-0.273115462513876
0.114196489603090
0.334647202151343
0.266725100323831
-0.225748109025114
0.061444832325821
0.368936489427578
-0.018623973959333
-0.253785561171834
-0.512455526269941
-0.126918309702609
0.022588671826107
-0.179193606392127
-0.475666806478626
-0.192924271979394
0.159438744464753
0.053993600231058
0.133035452542212
0.216368975232143
-0.366687025596834
0.311662476253342
0.414665586136776
-0.072302803709381
-0.414608046281464
-0.287279800762239
0.439372552190593
-0.222235697605812
0.532885055213271
-0.010969624052612
0.160516124514504
0.152264328063313
0.082059126938410
-0.317849030169125
-0.201583623574526
0.225380327571864
0.021174943298276
-0.198624891607221
0.539662562142665
0.021902231126503
-0.114964893703812
-0.148835691859001
-0.305471947802602
0.854411441280661
0.042941734806718
-0.033517287624626
0.102890503151626
0.090016183115310
-0.375881109935342
0.478813086908538
-0.476131473879758
0.439882110061860
0.260693176681532
-0.135560756272010
-0.297505941604961
-0.667404183041289
-0.479229223900231
-0.292669780851386
-0.266601245907110
0.526732008419742
0.095210684142646
-0.235119652658395
-0.455689333868847
-0.535910947856621
0.307747657383545
-0.288870414302787
-0.181735111143996
0.234282786351043
0.046472570592633
-0.017651858330613
0.273028372245154
0.358649470070054
0.334400095231735
0.516973873779412
0.352943131993944
-0.185061451284710
0.317182311584365
-0.438557244098836
0.134094155251600
0.300705508898026
-0.154172256944714
-0.128404657887215
-0.135653877036622
0.289110995341984
0.532407861492640
0.080986934991073
0.022823529195850
-0.203715231620678
-0.163626224001388
0.538717498220066
-0.319619945981488
0.281918508229236
-0.173913845497435
0.161474170845433
0.001750363145961
0.380909229999000
-0.325534682692569
0.326154589773919
0.071769029474905
-0.206284389173230
0.611400709249115
-0.034509794352404
-0.719473285323562
0.211333155177910
-0.075096348204880
-0.476377618725004
0.227615233807343
-0.151042993932266
0.060158400972480
0.207587222138768
-0.220368594350390
0.249146258565727
-0.265728922635396
0.222273241943676
0.392725726067260
0.164328239934211
0.028733893225366
0.195287299868765
0.232241720028836
0.516006171044244
-0.513779299544096
0.096591742090380
0.331422429770406
0.334528391551814
-0.071040756765226
0.114931481580028
0.159080001910517
-0.700533708449208
0.302288149170814
-0.438907830333871
0.276496682683493
0.185118593755014
0.296502946180110
0.149142663092861
0.011191044684302
0.144861654865725
-0.626174729472488
-0.319797691784383
0.069592728147169
-0.077581588476723
-0.180478398225196
-0.139008616912530
-0.359396760171590
0.206422505553541
-0.559714932289243
-0.178126761834404
0.164789251016532
-0.303604728954028
-0.043889964604685
-0.794849744170034
-0.182180141217197
-0.033786183001751
-0.083662641387401
0.062266187742337
-0.037719312422685
0.453048267851956
-0.067274475164786
-0.141705093868394
-0.486083517854570
0.213152880890688
0.129834679848045
-0.320999421524640
-0.462786680070314
0.077738235147104
-0.277156717551441
-0.151948346623712
-0.032859638945589
0.746007880071802
0.331810306041041
-0.020305387075158
-0.100776818659297
-0.294039143764577
0.221856604515177
0.561985651145077
0.282027123577138
0.041221692352498
0.421436854805043
0.559978210451063
-0.056396443024016
-0.404365471786240
0.172961984738216
