0.159122966199702
-0.042112459543540
0.682395685685514
0.357120072855841
0.105951144226987
0.281203528721047
-0.058093681240773
0.792437958734154
-0.302743647849460
0.371874860461791
-0.108672277711757
0.365456813024796
0.623158943547665
0.367406093534874
-0.088667923509814
0.656349161072734
0.068409812149115
-0.536320713321504
0.054543699349510
-0.210366943271140
-0.373588944566890
0.788627415580882
-0.199578141704096
0.076287124764485
-0.252140114997293
-0.325573726949901
-0.305298848002839
0.592830090332437
0.163155830678455
0.132441184280038
-0.120403291094557
0.085444458177460
0.593364395271127
-0.128756545262988
-0.207768743085763
0.249147597462558
0.186714657994080
0.115810834359656
-0.090188421342441
0.662205176568199
0.131526408099521
0.467282683420110
-0.359350654867554
0.596214758609175
0.188970820349356
0.217996343534301
-0.096460581733005
-0.226215881776533
0.032305245981531
0.719464301157830
-0.030563140321233
-0.153040280923934
0.163559007074190
0.764392590203197
-0.003299560198109
-0.070023695845335
0.653509196884903
0.224017509106423
0.169040173605595
0.026252291183165
-0.069185830753877
0.247047628368019
-0.107490979977824
0.597119248357229
0.295443268911486
0.286053676815994
0.388873353907277
0.631203359147474
-0.317769676623143
-0.495197333611407
-0.148919188421138
-0.351371395166556
0.272663221242656
0.215049597186598
0.829689271730954
0.027188153473581
-0.271139923804682
0.615819079726676
-0.052037434882531
-0.263883425414058
-0.121724002941939
0.219546835676533
-0.401166093477946
-0.286887885609021
0.643113910186165
0.410903398656421
0.650741420846976
0.051255348632109
-0.370106746470807
-0.076262264735632
0.751622815365428
0.135552023089841
-0.106060494084731
-0.265909707168755
0.120798450053139
-0.078833728314988
-0.028164757549000
-0.031429052600042
0.780756113163767
0.393256896566499
0.655177643541451
-0.108522934731485
0.235239091561732
0.333972482976842
0.262016005398288
0.375242583380100
0.073006270491306
0.097967533242086
0.192756433741915
0.651552936334155
0.314651413679740
0.502199662355722
0.182290446184549
0.336597848473745
0.302070801621888
0.719386012250197
-0.129016388251667
-0.034802701987408
-0.232655131622202
-0.432071522238372
-0.316776141926167
0.652997289341993
0.135176585545813
-0.061525208078334
0.620227517503081
0.067989846035762
0.732858352785629
-0.039932192738731
-0.005246712094518
-0.213752293955072
-0.173523245530548
0.258492377038260
0.014476914454273
0.802561207492230
-0.464385709065355
0.101500714515242
0.677103551825474
0.263870930111052
0.160621318790932
-0.122467255652359
0.350961004180065
-0.348582793431980
-0.326257855759009
0.685637241887059
-0.202829942229591
0.081480527299062
0.749794869562076
-0.319737622234022
-0.188862228613254
0.066408685114503
0.719660567007575
-0.295550123668626
0.376367916680147
-0.127148545853923
-0.162538532539667
-0.185933576464673
0.065057339384450
0.683389044095454
-0.178175577503222
0.067824645866300
0.230238732031288
0.213505057797636
0.046024341757713
-0.137610313208542
0.668355237686230
0.671509491089759
0.266831538142774
0.206181728880801
0.485569299247922
-0.351947847505087
0.244438657149032
0.055265769376870
0.000000000000000
-0.517099925251246
-0.195666205740151
0.023626586536049
-0.132939131317369
-0.000000000000000
-0.008305948105476
0.203339951889948
-0.339227510072206
0.448481223105148
0.000000000000000
-0.078590467114336
0.032682933347983
-0.000000000000000
0.201880737839335
-0.025203933938276
0.414642529640856
0.127817075853322
-0.034990227392527
-0.000000000000000
-0.075662664964852
0.143223764860256
-0.319076950823097
0.259722546382443
0.426523819032423
-0.000000000000000
0.301944330469050
0.254239267901054
0.572176844040816
-0.301323154533820
-0.000000000000000
0.370264939655529
0.105341245865804
-0.402118191569522
-0.328611089675313
0.050713890433019
-0.413213174601387
-0.000000000000000
0.070864235149095
-0.142511596033632
0.328044525113654
0.000000000000000
-0.333299099883472
-0.460939579198409
0.052884215852630
0.079631246812617
0.389517193746480
-0.000000000000000
0.102244301324724
-0.081507853126952
-0.420493054748339
-0.000000000000000
-0.413127416969564
0.600236017844421
0.000000000000000
0.126769992887677
-0.323447276236129
0.087193780837557
0.409215614267388
-0.387326824893465
-0.294593944538665
-0.000000000000000
0.272989518222027
-0.116755803946380
0.017965101343535
0.000000000000000
-0.081166643304858
0.042337628630450
0.122191291467656
-0.121281706483053
-0.071100813009654
-0.103392839385081
-0.000000000000000
-0.419800490819502
-0.330179728533871
0.000000000000000
0.352780768895859
-0.253895793796036
-0.164568820202179
0.135457494664582
-0.457661093921373
-0.158942608443594
0.000000000000000
0.224078303154542
-0.000000000000000
-0.124597315667426
0.304146262222216
-0.322539031370711
0.000000000000000
0.448744667959657
-0.068995656877072
-0.326197533146535
0.087193565302044
-0.181345056921410
0.334229749107119
-0.053106845900095
0.000000000000000
0.283473486389166
-0.000000000000000
-0.287328820795808
0.326840971406960
0.334518740968334
0.148835249393958
0.253116597914226
0.463256362364662
0.308579853690074
0.093237242605518
-0.000000000000000
-0.387109776630580
0.000000000000000
-0.353109246512914
0.342977014256810
0.137265975372347
-0.000000000000000
-0.148625032568707
0.399657116016452
-0.124646112770072
0.162669094049163
-0.049568469752750
-0.000000000000000
0.240332268260839
0.024600978330032
-0.075401203873787
-0.281667847855645
0.000000000000000
0.253107390328783
-0.498991974797464
0.136347885739513
-0.137770476751196
-0.029817663329362
0.099285445393261
0.000000000000000
0.115653870183438
-0.013526048028517
-0.000000000000000
0.547407674325445
0.343193402199098
0.056420327407223
0.210876573897823
-0.097426659011960
0.284070707439355
0.000000000000000
0.054559675274388
0.019932665128017
-0.000000000000000
-0.264272961263464
0.108727062127123
0.454750802186567
-0.000000000000000
0.192390491669196
-0.109134849356613
0.143143594703122
-0.375613965903012
0.048286332974142
0.299972152626925
-0.000000000000000
0.219276221521813
-0.563411057320917
0.478801770153110
-0.186098702271932
-0.271469537014746
0.309955775673244
-0.000000000000000
-0.000000000000000
-0.144226694781788
-0.121889579776712
-0.193283094303734
-0.051994546631623
