-0.167193857419891
0.244276017004345
0.257685869499444
-0.289873059953810
0.726588216782098
-0.138547313408882
0.492898521369843
-0.143556888807087
-0.367831394048443
0.405455885558174
0.535904633571728
0.425018847121476
0.365676826451475
0.041854781510213
0.140237611277002
0.742960920047251
-0.390738228214081
0.154643726597032
0.116830824255648
0.213534790129204
0.313871844048641
-0.134634929659861
0.061170757532998
0.612260785930478
-0.078166681636947
-0.220213923381023
-0.494444227372364
0.034077533261824
-0.701120624498765
-0.018051285337850
-0.524848596582735
-0.453460567509902
0.405355028671627
-0.232353991359424
0.213396235980370
0.061964053636655
0.490092205290631
-0.112326825412949
0.126484664534046
-0.176756877192148
0.009470008488971
0.307089700591728
-0.290998807963278
-0.359701451341572
-0.224288131901910
0.120505323858779
-0.105646438032986
0.003316163593349
0.481412339198694
0.692631224609979
0.438882079496848
0.366220302585792
0.428826877799236
0.260511514870910
-0.012788662976387
-0.054936582290208
0.538328474421701
-0.129723953946795
-0.210307893049448
-0.240730388531275
0.047391445773683
-0.081955509035363
-0.326336757878087
-0.341273527563601
0.240918921086559
-0.487278997087945
-0.160297330674654
0.357085317581701
-0.447982663192754
-0.109019977499101
0.060471048478042
-0.153098921244362
-0.173356257155151
-0.201103406514750
-0.578116140204629
0.179202574490520
0.148528729051617
0.243833197184285
-0.496873307734030
0.385132620438833
0.095265076523905
-0.576471328222017
0.021571502555196
-0.340637359919711
0.637271187305850
0.217230098204313
-0.017855491778751
0.377075086678396
0.532350083842843
0.170195256942544
0.609165406596795
0.258501978332413
0.146643365633624
-0.113787597824959
0.224845892594125
-0.328045579738808
0.271847536458747
-0.520188539260398
0.458017161169276
-0.136339139371631
-0.037532100374598
0.012289350182746
0.585393956775584
-0.009347366991840
-0.337258752253192
-0.192071326005584
0.207989217905058
-0.522985759376146
0.388683987573290
0.198279730122982
0.171722773032167
-0.348704984697963
0.188711733936041
0.291959038360436
0.178778529409119
-0.257238789284601
0.204936108767420
-0.785656465716455
-0.124134448129082
-0.458008977977190
0.166534798987499
0.261776798629333
0.490407240615554
-0.035622284191010
0.419496159432234
-0.545032662346027
-0.103624935800661
0.349055354955686
0.438905601371090
-0.516415328777183
-0.252244405317813
-0.138046865701006
-0.233248470606297
0.852807968563422
-0.103771672810865
-0.108343949215489
0.239907958285823
0.631354717655809
-0.001556113469281
-0.383910266140885
-0.045538513027658
-0.270684837459234
0.066530583928693
-0.034959197758220
0.343212198248221
-0.135520368061797
-0.231468016705279
0.171517302267364
0.577670928949221
0.253045082838963
0.626752170482725
-0.099409558259938
0.162657178329857
0.040939426368849
-0.425253574232168
0.000639629777166
-0.477423602115145
-0.591387912059715
0.073360393915559
-0.166595721156993
0.539476131729182
-0.232965075386500
-0.308436344412154
0.365384898057983
-0.327199118803815
0.026467459494122
-0.308017789113131
-0.181511932018566
0.142494716654719
-0.201907296539623
-0.125838535317757
0.139883680638576
-0.136683663726026
0.255814109154387
-0.338364512194108
-0.089464576642583
-0.105503644912070
-0.560815195868838
-0.283546798465893
0.059205567914007
-0.056055058567036
-0.457905646820400
-0.333072402089121
-0.208675324981192
0.098614827900919
-0.231962128577380
-0.291800698786518
0.074654558585732
0.212674532997279
0.149711859975679
0.553634193022023
0.015352055374808
-0.063979483962523
0.060843080706109
0.429069900389426
0.073103099080516
-0.216063336695357
0.042740609049726
-0.352900445688996
-0.188628110062217
-0.210898102501093
-0.019483146511618
-0.367861198502777
0.201070060112153
-0.185633513149300
0.289602983389302
-0.195938506830615
-0.445613510270578
-0.502848710948560
-0.349887687094914
0.300554559675995
0.306963962695977
0.276408378692238
0.291102952006870
-0.543629644215561
0.005637318692859
-0.108312611631593
-0.131829264018077
0.363302543965168
0.318871999351724
-0.549257877358412
0.180469231222920
0.147966512722018
-0.124229263267004
-0.223075238134928
0.064956686098792
0.629201925691426
-0.148497634790797
0.048422684255088
0.404555130028656
-0.439462178843948
0.669183667272387
-0.000663218662660
0.256113628794890
0.059192067194566
-0.257214030994041
0.402255579011140
0.351292961013463
-0.133316782312220
0.166227197649678
-0.503061950231397
0.272114717400519
0.258635725647902
0.375531200483567
-0.182090259825655
0.631344643890244
0.223544064491623
0.158336366732678
-0.048265705547089
-0.123259138112092
0.131732304197843
-0.250700833158043
-0.052107509311277
0.206477830484245
0.102171773712487
0.268076254910119
-0.179736169229390
0.175473775872819
0.503192438813062
-0.331330593406572
-0.319617136578021
0.277097347154298
-0.285509516404347
0.234808434159806
0.401868046229235
0.286176384227182
-0.370247185643983
-0.145304189975324
0.012764623875737
0.281539824347117
0.400289327626315
0.274518275039980
-0.034090087017941
0.251106349837751
-0.492051854319174
0.000855875731607
0.343234814040738
-0.336554215606810
-0.455244346873935
0.132732314760574
0.607631311295811
0.376945043623887
-0.150040103209151
-0.228521378985871
-0.331760051967463
-0.144293716610471
0.013967496513560
0.059595574359795
-0.012556699634335
-0.157056227407470
0.034921556751397
-0.233493491516145
0.283025423099562
-0.309378150216703
-0.504417363112625
0.113519380769437
0.020507179228530
-0.266159767405824
-0.161293291789919
-0.029579860546801
0.179937648827552
0.169044021455698
0.190328608931786
-0.041520734260494
-0.161116706413823
-0.054543854393844
-0.023922534349136
0.560886486284172
-0.226752211205104
-0.123085057140772
0.350536308584492
0.628393370189146
-0.298341595040739
0.113965138854815
0.425984969135492
-0.372432479594095
-0.148737161208960
0.565886991125027
-0.104323965915511
0.094672141804375
0.174904493731111
-0.205276075945361
0.339717023399654
-0.226689197465264
-0.385745981590286
0.299164949097927
0.066106766001454
-0.214018800122236
-0.455565046344905
-0.204883921395998
-0.295412174964388
0.453405434790128
-0.055572339959514
0.066713269050652
0.136420763321048
0.063536362580898
-0.730207026034667
-0.261845843168675
0.377890961798413
0.248601364051320
