0.194996137977539
0.732358039349444
0.074566935051898
-0.264806258089045
-0.112854575832363
0.016770213307815
0.668727573847470
-0.162853567927450
0.317313710459245
0.373410453131177
0.824587950127102
0.008376389494859
-0.261587462115419
-0.130081884697796
0.383072588026723
0.686361695869717
0.205835749870655
-0.144607081526217
0.136981656044127
-0.141317735793899
-0.357740562828696
0.117401690013365
0.252577246818334
0.054352728289546
0.657119914198712
0.016387125399976
0.857487596457655
0.237727361531473
-0.054549197806239
-0.031081261183574
0.613967833200487
0.055423678455537
0.484231210901947
-0.100593955442677
0.215708847917780
0.772658233539055
-0.312115796124459
0.036160638654851
0.314500151620035
0.068739301202107
0.257678726469832
0.215089548088438
0.027139789319776
0.646111715815506
0.053420378607281
-0.349897819290990
0.467002898198314
-0.383993451947063
-0.032387358876444
0.545793387699838
0.251454890440080
0.034123152682040
0.416155793637413
0.770339777069920
-0.088043391174915
-0.075918516764742
-0.184568986892286
0.680303472764827
-0.345719176933355
0.446953505353964
-0.105248919070714
0.138433756002623
-0.409772355978537
0.252159227320773
0.612678857938874
0.294814277000308
-0.010108300967141
0.032953408442204
0.654851678401810
0.603538909603229
0.711654965947066
-0.131490408462701
0.357562345306944
-0.123653690800219
-0.236547665273698
0.022449312920398
-0.183448894615563
-0.200182951525553
-0.305050960384038
0.629442789239346
-0.517416300260183
0.583056964342032
0.334317636399759
-0.103895074124800
0.350553206275191
-0.283834468582114
0.149104534806479
0.740522077272792
-0.381844948435696
-0.269668291233560
0.610993931026484
0.441639765071127
0.166147567573459
0.049027064002824
-0.272422085339819
0.547502182259841
0.390693052606263
-0.213998367645187
-0.134133522778528
-0.436357709166509
-0.148627324505421
0.691878508854291
-0.181369685111073
-0.395656578007646
0.207820170118883
0.456480300900923
0.423943325885617
0.253631292581006
0.006169329364956
0.621722558618752
0.210792153447139
0.425547748582897
0.642952707019255
-0.274023210426705
0.108231166622332
-0.423861183001369
-0.263298171433248
-0.428678850500863
0.586220077415917
0.124254788341870
0.363040430387394
0.326748498261914
-0.103406180552313
0.578858326299643
-0.228484062287624
-0.107019645233021
-0.183683092385651
0.115860716282831
0.018501989180737
0.843910301831542
-0.024785983929261
-0.251941660992994
-0.150559042415087
0.645414203186690
-0.511317588850604
-0.119480709467706
0.115793104833753
0.139556002399840
0.739202273584822
-0.331146783424701
-0.049864638231389
0.395849252859277
0.660781667753218
0.130489614679124
0.152415509413138
-0.499490836928699
0.139520369262283
0.219967599809490
0.710031367890990
0.247529733290988
0.229434630282869
0.198341319055741
0.594195261822157
0.112380891136796
-0.417516913855380
0.586071897423009
0.434333523502631
-0.312672985934279
0.456733916145182
0.040433409884487
0.106776565597161
-0.346730483378053
0.644309326221595
0.044889336410813
0.098000823807031
0.272578055101042
-0.320198189760625
-0.065558772729453
-0.076635818272468
0.762940990679091
-0.185372517105898
0.126364498113913
0.707226967046378
-0.016590151469326
-0.181941968305592
-0.018243992882858
0.106394492064116
0.774691747370735
0.265249640040042
0.332181220984365
-0.459466010499347
0.712483873253976
-0.169967993855866
0.373556185553597
-0.180655651890899
0.022468685227033
-0.000000000000000
0.021565796721567
0.511021657140306
0.274037244715262
-0.213787674321007
0.000000000000000
0.270197413197098
0.245404183682568
-0.327020679503678
-0.000000000000000
0.207527806836975
-0.100886666963912
-0.086113831586496
-0.165012550044072
0.000000000000000
0.217848010397795
0.001969767670231
0.060802478627546
0.612972107784514
-0.193957606838134
0.412686076267101
-0.373164119520989
0.111810803040928
0.000000000000000
0.247737441750567
-0.000000000000000
0.000762056688126
-0.315934024969841
-0.206885951515475
-0.000000000000000
0.254143930932557
-0.199838207406738
0.445424793367061
0.160980451586183
-0.000000000000000
-0.306719961629750
0.121348978942045
0.290677672752716
0.085695602441607
0.081398444308249
-0.214894601429712
0.598224530220746
0.000000000000000
0.235816710353195
0.103908902437915
-0.029021977277294
0.207233252786603
-0.398126259732079
-0.000000000000000
-0.031487989003150
-0.114414819441669
-0.199339990829384
0.000000000000000
-0.327760151296517
0.009854945387734
-0.008623554492106
-0.000000000000000
0.268799486613487
-0.325029257055259
0.406470419894595
-0.248591494250060
-0.023470008094707
0.367857231923241
-0.000000000000000
0.035801509687520
0.292257661328874
-0.056435135158345
0.000000000000000
0.170074359937037
0.000000000000000
-0.202558985709365
-0.293811703510759
-0.332121274667183
0.198750137234623
-0.275986870893587
0.450963768922001
0.178189798642874
-0.353873318928201
-0.000000000000000
-0.098145468249521
0.000000000000000
0.273633305946174
0.166739764535731
0.185916813531756
0.293825009617303
-0.062339149793629
0.000000000000000
-0.172380563954867
-0.101842862149269
0.000000000000000
-0.104005782751948
0.434702999727157
0.194162829816938
-0.299891928968350
0.000000000000000
0.203719215061707
-0.062537328689125
-0.477930902709652
-0.139909833819114
-0.414817933231511
-0.000000000000000
-0.297667409168539
-0.035378876933119
-0.068222171946142
0.219670208060873
-0.266612505655695
0.201883999541582
0.029959647485424
-0.000000000000000
-0.184076404649379
-0.120351711265061
-0.000000000000000
-0.159124969614133
0.447878867406131
0.206512298835688
-0.047971890416084
0.162459492280318
0.000000000000000
0.369885473537375
-0.353792293825924
0.460867859951780
0.130012345309602
0.000000000000000
-0.094820443604625
0.223090444523506
-0.224814230543186
-0.173042477751525
-0.314009882947043
-0.000000000000000
-0.331071585917582
-0.199014211957441
0.286758132151742
-0.000000000000000
-0.061583934126655
0.329086454867986
0.346476363513735
-0.023625312407181
-0.000000000000000
0.260500144048169
-0.480938868040682
0.153715527038091
-0.000000000000000
-0.050909406735408
-0.326196293109389
-0.300908333259382
0.086477448705893
0.131811416837490
0.000000000000000
0.042933546308833
0.171527751782274
0.499285281531014
-0.000000000000000
0.126324310381814
-0.270808476573099
0.000000000000000
-0.336381068876670
-0.144986873225026
-0.129258067677841
-0.094804691453193
0.201478205840036
-0.517873416891466
-0.000000000000000
0.150448369536672
0.331966805331056
-0.222364290490358
-0.032395048333309
0.032030504699437
0.423560027027785
-0.000000000000000
-0.197258418978685
0.045618811498246
0.000000000000000
0.573065683457719
0.216158993027330
0.354513234863995
0.230341583457246
-0.000000000000000
-0.108169831735383
0.130616763704988
0.047655861341586
-0.000000000000000
-0.179675782434536
0.179137772935159
0.116374819794144
