0.574995265204692
-0.032998111846134
0.354756081242684
-0.497754073891529
0.392413100294623
0.591776039613033
-0.172452596207682
-0.481998074242759
-0.470647552826168
0.027858071435695
-0.174977019067031
-0.084601610662768
-0.098276191594066
0.133246141443283
0.752950106285580
0.441267540464889
0.232600482767323
0.276093668786906
0.225378341284548
0.729099148536513
0.351349324716216
-0.380006257981259
0.517590663377300
0.429025686355760
0.088132684689615
-0.053847187739536
-0.132007071298710
0.756238489160040
-0.265114817352399
-0.299643232527223
0.328604752429301
0.458009210646727
0.092738057467961
0.635355831196846
-0.009554034330604
0.237671033139976
0.329927383357292
0.638707142095924
-0.192686748712607
-0.219156390801561
-0.055771786271701
-0.421408849945559
-0.032809612648625
0.660451824939085
-0.438534015595056
0.030146956438401
0.776054717313513
-0.396546977359111
0.143879983538148
-0.133809187733788
-0.117884903831860
0.568110773196346
-0.433639193991445
0.116358565805385
0.586791014686254
0.276087282867800
0.624962667897017
-0.082143786991820
0.167321467174675
0.042224690582328
-0.254612542817716
0.102172379265341
-0.439199718513213
0.716978012803880
0.087855055929296
0.829255909520819
-0.185098578571946
0.205585246240098
-0.215164635244824
-0.369486057203257
-0.094233013545767
-0.205777856669489
0.067345004771682
-0.081951292641674
0.714991416447824
0.675394590167356
-0.152295699657131
0.039670591080270
0.269281569339174
0.093430396084634
-0.492088667122701
0.599034730346476
0.160290658147044
-0.249433628535700
0.173430019527374
-0.283321377627756
0.186919523309354
0.687605749151602
-0.000946720149115
-0.167596190347656
0.627638485509470
0.010985637622317
-0.372174684858066
0.477971531956478
-0.303846799826298
0.063686436026723
-0.552065492212326
0.278747763587947
-0.098756484996864
0.623652610334521
0.356729653221069
0.164264377392808
-0.219481771935874
-0.000997934255792
0.589047334611980
-0.036151056048544
0.132154854444893
0.893261243503844
0.001561985243726
0.388057728880053
-0.303042854708794
0.532060748764299
0.156514742219220
0.278359922496940
-0.348842750698711
0.591984068604956
0.360686888223277
0.546071730181270
-0.115751992701694
-0.100410864064625
-0.284466692374608
0.167183956903055
0.149350753412316
-0.241816633172154
0.778466950624321
-0.182577202453961
-0.176260896976512
0.674615521537292
0.369223491154935
-0.144777996140557
-0.086542853527865
0.676328173447979
0.503034837199025
0.101289234899067
-0.414704948684100
0.323921301086953
0.633490456381357
0.038966465802473
-0.531797239613544
-0.216414712984080
-0.042665270029089
0.339956429050537
-0.015343704788684
0.782345242332697
-0.217049010026394
0.611189276902279
0.221390353550216
-0.333425860081069
-0.113953672041356
-0.461408039719018
-0.289500177130218
0.139522849368088
0.076230728719858
0.715280354476778
0.450505057736091
0.780152093265113
0.442880461482368
-0.245404415293647
-0.018399141022639
0.238331036073399
0.657735639131432
-0.317524241183042
0.107205425855946
-0.123648272231169
0.361091534935712
-0.069302119310111
0.822823947971768
0.172944898827887
0.167953815826895
0.268911306671869
-0.259454148096319
-0.263942714222819
0.615837329057911
0.261768571303021
-0.004389703546417
0.148736169616451
0.120797715575582
0.121306300390616
0.137386626369452
0.732310372612084
0.092384913288703
0.650304218533631
-0.122799397317138
-0.008493337832495
-0.150950300289230
0.268242427443138
-0.046184738593527
0.696207074081802
0.231228027552496
-0.401715881890288
0.386962767446406
-0.237924771696897
-0.261158867251233
0.685886858371370
0.375065940428956
-0.285671913184187
0.724047643531246
-0.146737132778190
-0.362999493409751
0.046489388985617
0.110314954845099
0.094365604824723
0.015052027876247
0.606053755569098
-0.308397140328661
-0.042135031909957
-0.297082407179662
-0.432154791112634
0.605490909260301
0.014037551720075
-0.096874826323487
-0.127872219760695
0.384736757017232
0.661903281834601
0.358599947658277
0.610019341025901
0.083271503274466
0.394289738590781
0.487619295683243
0.101227612997608
0.688254651925331
-0.326064337253923
-0.320649667366888
-0.077148175729052
0.030885644482402
0.327452643629835
0.342327268999470
-0.294269705021621
0.592571868667079
-0.035036808122386
-0.000000000000000
0.161469085120643
-0.243768268485766
-0.234189962421754
0.018771265282629
0.000000000000000
0.109111919339385
-0.037975049673764
-0.295632726052035
0.254377008099066
-0.240419817444727
-0.329951829546930
0.434529205771194
0.111325983322811
0.000000000000000
0.067745024901635
-0.280587542937683
0.000037150258281
-0.096190098536959
-0.000000000000000
0.351343193442122
-0.322799408128352
0.000000000000000
-0.093377975389064
-0.189887987202121
0.360699557867780
-0.294132770120847
-0.000000000000000
-0.175989396047047
0.010747223245201
0.122210054229744
-0.329986665021509
-0.327941989159928
-0.000000000000000
-0.196227867113363
0.105377449503139
0.361096988033812
-0.000000000000000
0.019348429734006
0.446862482459866
-0.146118579991974
-0.118792775696652
-0.220207331953760
-0.000000000000000
-0.325215759826303
-0.241078989552972
0.000000000000000
-0.375066333353565
0.029638150555782
-0.036085031908641
0.314777142467116
0.034760231792002
-0.110823079215533
0.069804437449455
0.000000000000000
0.223208412329904
-0.000000000000000
-0.159005051367806
-0.548709608646436
0.347107533833336
0.157508244080041
0.094283529642064
-0.398659919627077
0.000000000000000
-0.132033787662546
-0.000000000000000
0.180305758817589
-0.001470822921705
0.115952256461388
0.083873933822469
0.594506685263579
0.169778610531672
0.189043882122857
0.091164458260639
0.000000000000000
0.000000000000000
-0.281957302096745
-0.239463875110796
-0.098550199936962
0.539701398504106
-0.058392297174520
0.000000000000000
-0.361897626972478
0.340053268556139
-0.176074289684279
-0.522942481837148
-0.155159731219264
0.000000000000000
-0.062353982804138
0.287171799706937
-0.000000000000000
0.269359925097353
-0.235807473161568
-0.131418210301986
0.034998692153168
0.015499270954840
-0.222319412530317
-0.345705678227071
0.213526176889158
-0.000000000000000
-0.045851510980394
0.315081630949517
0.432429018493367
-0.402787178393293
0.000000000000000
0.014905452286284
0.074550612127343
-0.000000000000000
0.046657046840330
-0.157367275535496
-0.148718032421880
-0.000000000000000
-0.153460430734608
0.447191665545917
0.394659941509657
-0.000000000000000
-0.423821436874844
0.112945540362051
-0.012758366076034
-0.072391642436720
-0.030462856725387
-0.013266797418290
-0.220057954872684
-0.393455211668950
-0.000000000000000
-0.027024764174752
0.306644886756062
0.000000000000000
-0.473237406930360
0.067006246607798
0.029276912593730
-0.000000000000000
-0.165666153840858
-0.203191114610775
-0.173832517390138
-0.390329253316158
-0.000000000000000
0.026537290428345
-0.031611419239232
0.092424992606044
-0.437743141117587
0.158352862092412
0.064733310284311
0.000000000000000
-0.048108552889798
-0.000000000000000
-0.448959581046603
0.158162944313319
-0.072562913934784
0.092372927032857
0.135035082974668
0.248767174127589
0.300993265813059
0.000000000000000
0.074930492966383
-0.000000000000000
0.105890792073861
-0.068600623069142
0.244922670289869
0.044159373478285
-0.000000000000000
-0.206361214526403
0.482100399814888
0.185414339495402
-0.002994405376935
-0.292730225914644
-0.000000000000000
0.285878185124233
0.012812020612541
0.141932321899436
0.277985061816835
0.024283182495538
0.000000000000000
0.325844641163061
0.480811834966412
-0.300810766835090
0.430475666568127
-0.095713654089319
0.329331379881029
0.000000000000000
-0.051652387819191
0.000000000000000
0.330134940554117
0.443543833002049
-0.471427034960195
0.048379690719719
0.073487415063828
0.000000000000000
0.433759416587770
-0.174580650201403
-0.066976064153456
0.015203123447406
0.125599119769007
0.000000000000000
-0.306333733865619
0.119568715313310
-0.000000000000000
0.095508396339779
-0.394741465325473
-0.243814540940870
0.417839510181368
0.052892620346183
0.309580263685256
0.000000000000000
-0.493012985426321
-0.381101812190818
-0.306948078620369
0.058566424817694
-0.000000000000000
0.336907827979304
-0.390379591738103
-0.241691919473484
-0.204900627153870
0.000000000000000
0.082074586089495
0.000000000000000
0.415827204628950
0.177685991749208
-0.070078853667722
0.089792169469986
-0.000000000000000
-0.346406312252823
-0.296450129526888
0.165177005071639
-0.274047720969989
0.093139601503910
-0.230640807324323
0.475243333429823
0.000000000000000
0.221126111044520
