0.122578593981844
-0.177232007235168
-0.146512492678907
0.075755025456540
0.757483215023552
-0.052434122342418
-0.210384041026694
0.830793234053664
-0.249660390327998
-0.328228193043583
-0.127532548317866
0.435023156961592
-0.204163539097149
-0.020860591271845
0.580834246498536
0.680743210797566
-0.125439829771646
0.128737824288549
0.055074598280229
-0.071624923669489
-0.541340076214989
0.030832151684438
-0.288526576862022
-0.145624432426543
0.616858944673884
0.073066290913505
-0.284339454091845
-0.096133113754002
0.718496364418600
0.203092460061115
-0.139885734586897
0.046745845916741
-0.196833122438368
0.642201329792646
-0.116169337537661
0.729826678790884
0.351150580199973
0.083241465937932
-0.210216852701296
0.100471890451970
-0.403800239957052
-0.058876644070444
0.704776281456700
0.418647274524571
0.190377080824123
-0.431627439021719
0.551932187371487
0.305384828015446
0.245886746746527
-0.048463310531430
-0.348002121893224
0.252574270156196
0.769703491662358
-0.116189343761100
0.105469453895041
-0.015347138627340
-0.185504478625677
0.638328511495196
0.231365767652357
-0.050237043567335
0.726587104780437
0.122638398008429
0.007502831331282
-0.324107632900271
0.031971434221398
0.126531386041085
0.065913418233818
-0.277094255190169
-0.525498805832961
0.623480217387360
0.262814875815570
0.098109031976163
0.305888142319424
0.637844864473392
-0.032155905596070
0.194576542181920
0.118434473925278
0.313247637113355
0.832888253770302
0.087684123848835
0.039560119672751
-0.487329238897533
0.636382770223351
-0.130332724854911
0.412511849483019
-0.442713280343443
0.643879718915759
0.263774037252563
0.143442871514985
0.338327632356037
0.095490531424351
0.713771084469121
-0.301144917369718
0.388808843592915
0.024383076808168
0.536289181907512
0.163676778603148
-0.434401876676807
0.047683017790102
0.122718617839993
0.461358303510428
0.113797382823271
0.821819287886935
0.051647809718068
0.183295173500307
0.118712610264335
0.622234917407234
0.584483581890283
0.324447306186530
-0.274581513052252
-0.312205466928334
0.540980108895996
-0.170178136751524
0.253331990066172
-0.473796284493762
0.228139936605112
0.710630419891954
-0.085201329039831
0.119941276150316
-0.066192602599521
-0.529383679194323
0.167958246829590
0.291329174221718
0.604720349727093
-0.173421858801144
0.868704967733479
-0.028537578060297
-0.124044914002948
-0.012919383606389
-0.056520704455091
0.173511124186575
-0.128473178109356
-0.454294523181829
0.030506283907968
0.707445498670707
-0.078399868377967
0.660974882687131
-0.351243269148495
-0.469490577159187
0.015204680412623
0.349709719295549
0.682592405500488
0.157074437789025
0.004947361111956
-0.279580319527783
-0.016983484582611
0.731388369571166
-0.074602531052092
0.338552348965811
0.207162975409709
0.260342532012496
0.730266812768709
0.295179012261171
-0.239509911071829
0.362261654308866
-0.186657900591317
-0.019610661070816
0.625854199508654
-0.020456466734398
-0.254844764442573
0.416944334554203
0.618919711623669
-0.108813873234531
-0.227312025090483
-0.476567879973232
-0.175564150779553
0.618999921423529
-0.383350508261201
-0.134180814598968
0.162630628182345
-0.196760895076443
0.112600333154613
0.407722783202878
-0.009264355319811
0.856333721687756
0.072166522777942
0.125909214339318
0.525690162286521
0.369666992163822
-0.154077368433866
0.307741087152854
0.171073522387960
-0.314590462330195
0.628400463193718
0.290571113509670
0.422238419645211
0.455011056677879
0.042528395988239
0.388934790973771
0.572623918519678
-0.382980332567836
0.095733334848372
-0.124354896577698
0.660139870760172
0.584204118390370
-0.162275144169976
0.582300241026473
0.417894006009661
-0.478105103764901
-0.257681242181869
0.583191092803189
0.302817931361561
-0.366035454159933
0.527953232625635
-0.317138897401207
0.253246606291148
0.091147370508330
0.026403382459380
0.296629691195594
0.623051171548348
-0.427998801933366
-0.353330357029545
-0.048168744205596
0.686818815001472
-0.071799009557696
0.001772753470060
-0.392761270024193
0.055192168232861
-0.086678406372442
0.734194693732348
0.670344447785270
-0.211198648841359
0.308577997176970
0.321275248552186
0.260817216828356
0.646147999024522
-0.125523511029047
0.073455320263617
0.238761670434901
0.280437705105560
-0.125504194470749
-0.033780850991105
-0.518204103955037
0.687286244026572
-0.342847927860371
-0.154331858229273
0.453734074860779
0.248455297545374
-0.247294926031397
-0.000000000000000
0.005034208346846
-0.276396789762806
0.000000000000000
-0.112850469703676
-0.059598707884689
-0.509033823794574
0.250152174381410
-0.302911134521299
0.039462205015212
0.000000000000000
-0.000000000000000
0.145469299201029
0.158874378668702
0.653526672824782
-0.150390372996773
0.185403840285477
0.072116854629530
0.423458542394349
0.046246296777192
0.000000000000000
-0.252759045586455
0.099666743290522
0.522492163746553
0.000000000000000
-0.016388635756702
0.540185221561251
0.094681166206720
0.435207615886615
0.000000000000000
-0.153020914698738
0.000000000000000
0.014022961290678
0.370357107192735
-0.089626975872654
-0.370725499895213
-0.218152908126131
-0.258539065524040
-0.000000000000000
-0.016886019608689
0.102674482397388
-0.341803646230212
0.000000000000000
-0.231961379127744
0.401128850285791
-0.146490846256292
0.268192803245801
0.269794665771962
-0.000000000000000
0.190328477260122
-0.130736590819472
-0.345193669332655
0.170626743792719
0.000000000000000
0.122938923434721
-0.581763914513791
0.000000000000000
0.228612740383742
-0.521659233241071
0.123704037920947
-0.105886495942396
0.184520248550602
0.373926045222857
-0.211159174084673
0.139752712879931
0.000000000000000
0.020956591109826
0.100172935103911
0.229715292233004
-0.000000000000000
0.597170343167981
0.159001598831961
-0.021115998958456
-0.236619398769702
-0.000000000000000
-0.258614925904365
-0.151128760987450
0.276815040309340
0.000000000000000
-0.249334438116568
0.084707753528868
-0.118025487668377
0.000000000000000
0.326288864738916
-0.246786987927792
0.059223438277827
-0.128572470272659
0.000000000000000
-0.373282526450164
-0.197189250020422
0.210244999576957
-0.000000000000000
0.314080627071689
-0.117156228704539
-0.496236759572152
0.347767396298044
-0.046463705026289
-0.005277086101331
0.000000000000000
0.200698121426648
0.141706221309116
-0.147544670588429
0.000000000000000
0.040089463772788
-0.208459727294657
-0.098065547436320
-0.004645868418941
0.000000000000000
0.217942192571865
-0.429216877909703
-0.245967765979173
0.237752937837865
0.000000000000000
0.415235913543006
-0.126013276445093
0.414853310978139
0.129111427131718
0.391275907839021
0.026094380914599
0.000000000000000
0.201148959483381
0.000000000000000
-0.254264354912255
0.167198872979512
0.026245954620109
0.363997210209468
-0.274213322509425
-0.371680631578585
-0.168363194716526
0.062527178748118
-0.000000000000000
0.246547310405231
-0.000000000000000
0.266874041495771
-0.170598710174804
-0.227662022347968
0.160123999076695
0.000000000000000
-0.028443866582088
0.531453574590132
0.004130273143080
0.427801981887310
-0.000000000000000
0.019209346061680
0.057579259368416
-0.339092877107394
-0.034069352077587
0.000000000000000
-0.277076413245742
-0.118378345608190
-0.176797915692459
-0.476480751855332
0.367292975175694
0.000000000000000
-0.129569563026091
0.359151976072437
0.049789837397595
-0.000000000000000
-0.222730978847819
-0.308239065262401
-0.073268098550350
-0.125515569037861
0.000000000000000
0.103606521706279
0.459383889694687
0.396337576193805
-0.084110195408395
-0.004838032254496
0.004558488877413
0.204588525269165
-0.000000000000000
0.499629721827435
-0.487222645399400
0.000000000000000
0.007123687301815
0.234794981647162
0.394849694429570
-0.254110268173660
-0.034556472079277
0.000000000000000
0.275809609573925
-0.200010837010355
0.095432794758319
0.226848596691007
0.182017933354860
-0.000000000000000
-0.081604382514252
0.050903936669053
-0.087210279990745
-0.000000000000000
0.186445255505900
-0.219346243659557
0.000000000000000
0.285692593642363
-0.009678028111385
0.187475323469787
0.000000000000000
0.120496181281918
0.109847069908915
-0.053592053519378
-0.159492894081910
0.282246311015389
0.277216477350900
-0.535433600548675
-0.086476254465714
-0.000000000000000
-0.186912552123628
-0.115007165476616
-0.128681479309799
0.000000000000000
-0.384782276935217
0.384878767401585
-0.282747184383807
-0.062784623697206
-0.253208861214486
-0.000000000000000
-0.000000000000000
0.402676262540813
0.027892114991425
-0.198847558868292
-0.192621835788483
0.000000000000000
-0.392328368855703
-0.231183881770695
0.158950585685137
-0.439380997378799
-0.090193664015062
0.081329104192033
-0.083859814679183
-0.000000000000000
0.320754090105258
