-0.114422866999636
-0.181981353347655
-0.558746127337361
-0.031697377913669
0.122492577850083
0.228866644396637
0.052077291564564
0.129369462258632
0.646328247386999
0.147323886315030
0.243948563508295
-0.591838037249669
-0.206715350803904
0.215839571452945
-0.333704573304652
-0.245754552218901
0.145852680450492
-0.227817669059540
0.184420257089426
-0.355501478505894
-0.185466573206819
-0.246336781904576
-0.363565102941147
-0.498411156029809
0.293410489204929
0.685701253378156
0.258486777687456
0.197132597611288
-0.393034270769933
-0.144041232000951
0.251770962356540
0.428564441579407
0.414609213672451
-0.203900669709513
-0.124434010562677
-0.093557220191806
0.616873718840199
-0.335719210687663
-0.081550184689494
0.470250474296206
0.516711179191510
0.248847622684438
0.478723513097255
-0.122391686942774
0.158377697060470
0.163139710344066
-0.535008860735740
-0.114097805548638
-0.102449371681318
0.331221579178443
-0.136253683882366
-0.076268745085073
-0.457749436402955
-0.120265425866033
-0.488735832188180
0.382185852135576
0.270272068443902
-0.247447953365201
-0.193998090786971
0.062851912378438
0.218014867378911
0.537469155120589
-0.301461162809295
0.332149440720462
-0.307880103104919
0.152742837960400
0.573095820685819
0.383757784484228
-0.037351734111312
-0.156235179310390
-0.187669116526191
0.171301196159206
0.249113632686636
0.289167723927889
0.412811719342504
0.217885832393047
-0.482039592965728
0.384160904222481
0.322041838248143
-0.065268591262693
-0.312648838584767
0.096253389542499
0.244048220187538
-0.486198301504311
-0.213044491149365
0.556624993006805
-0.219105314749129
0.120021007087598
0.061811064027633
0.059102087504017
-0.158803186463465
-0.279708560861974
0.394496900385515
-0.087840720431230
0.089828988586994
-0.233056040977775
0.309510097575432
-0.490142894942671
-0.169953002529054
0.378238721668935
-0.566570654385776
-0.079368605803104
-0.241074238786838
0.298239702413255
0.254697687606502
-0.027285067073236
-0.047984003313362
0.119060858527534
0.017393235387204
-0.071132140473330
0.227328683195052
-0.242181017178366
0.339303039546486
0.188558095247409
-0.263899145271997
0.319551085035469
0.347999076998395
0.042738216346259
0.103028001575049
0.410318931189619
-0.279888758560960
0.032157707490004
-0.061988173998137
0.517372060950077
0.395635217301730
-0.149314898020747
-0.322723471244291
0.415502668134823
0.135737025917883
0.191936838486136
-0.095909668214991
-0.033817408060779
-0.034863092932284
0.292091075353360
0.580218691845060
0.541549933747872
0.261795976531992
0.050721021647117
-0.254466975189034
-0.461986052311162
0.022583010896633
0.508364487387400
-0.147527807301764
0.162576687942155
0.056439163341464
-0.548472898970865
0.361000624803238
0.066849690959348
0.313935039818033
-0.264120163389672
-0.268015711915880
0.527075449365851
0.009838023230243
-0.197017954427583
-0.190447065446459
-0.456158729849832
-0.034957781360894
0.492758345186034
-0.084694748257285
-0.310713051205180
-0.145255655390723
0.083795522179512
-0.268042633634938
-0.079211211946260
0.641475106260574
0.361025354948802
-0.208592843160908
-0.038055358754489
-0.020399531671157
0.354925187577523
0.237068029792603
0.420661324419027
-0.081346021017497
0.105407344806620
-0.110195234164243
0.103446224498541
-0.315262586460919
0.566022464286235
-0.004656865893059
-0.380487059850471
-0.221665186446189
0.461931237635726
0.286351531289303
-0.104426993666446
0.179753273314168
-0.059327344108345
-0.625483655091324
-0.013438772561138
0.074821168392153
0.746496608875347
0.127166010640686
-0.067990165781898
0.126906373797300
0.113785327682116
-0.518112241036632
-0.057645106402350
-0.660756866160289
0.037727065232797
0.294815126997014
-0.317065966564721
0.300841734291874
0.165719113651979
-0.658571207421802
-0.060158243084377
-0.268275165119809
0.290952946041219
-0.059636256245958
0.450546877397353
-0.116010743394533
-0.098696962254941
-0.195278069896537
0.149138349477610
0.266343049499565
0.233846864636192
0.081454953248153
-0.444522073349125
0.133380481427691
0.320995121491774
-0.469103048513550
0.169040188067838
-0.243022031395601
0.115781159832144
0.162189762277258
0.199472856981641
-0.015165519394599
-0.656806646732800
0.047053564266573
-0.426991384975168
-0.378480411871760
-0.047878831565971
0.362370215254569
0.263626792191434
-0.140429193330726
0.316943702115068
0.222708079349426
0.242122982149371
-0.107855215061787
0.242156069595769
0.224586719753799
0.668018533948804
0.036177479104388
-0.376825955929704
0.310573323696036
0.274793182690366
0.416477289260931
-0.027185807559985
-0.523739277743058
0.285127793413436
0.063613183047254
0.170744669321066
0.060323991200369
0.028826120095683
-0.482006338156775
0.590168547164041
-0.347763884970009
0.106176773798036
0.147478924143032
-0.062520819093584
0.621524065366368
0.122526745596824
0.112143239013799
-0.075629886914889
0.034813126352026
-0.401960811847700
0.260447437001162
0.243369288180063
-0.221084744372910
-0.632871754373981
-0.039925137206075
0.117286176013951
0.288745347401693
0.103351375142152
0.187659866664956
0.301659315228685
0.223496267351278
-0.185680164381808
0.400480525842245
-0.337022156268675
0.279869376685069
0.122769781240975
-0.000854631497790
-0.171650837471173
0.438766947691827
-0.346652390509297
-0.460195590709605
0.120312092397757
0.221498028404458
0.032722297881190
-0.662531337100061
0.095927481560761
-0.222202577506353
-0.166304042219263
-0.023407767206909
0.701382510248887
-0.329476103148071
0.028778287768423
-0.140266964081622
-0.469395551094616
-0.354992063799215
-0.027379253955722
0.098869660099408
0.136395735891298
0.252264538450994
0.502814430223680
-0.360995055725389
0.480612901052602
-0.272095334693502
0.338922873428269
-0.446433932495667
0.012268279489532
0.281015114295706
0.462398011067577
-0.044277410244519
-0.308514159832248
-0.273295021832253
-0.333724569813494
-0.051569930260224
0.312887111789372
0.575560783933027
-0.091921729922590
0.189630847333812
0.191771005083549
-0.023147589433503
0.407905235620813
-0.617077226032715
-0.266498216883403
0.302342860979692
-0.348461842417763
0.454098309249702
0.484838313159466
-0.331574038333494
0.295320165513100
-0.020565298055885
0.278065235935266
-0.403486332093306
-0.323382293789959
0.399451869301027
-0.095442817617971
-0.432084719793776
-0.028622663893873
0.056833017051168
0.566397545549847
0.410953580687476
0.448470101948548
0.532325856227498
-0.049912947477422
-0.006693454894204
0.655049547376123
0.484702240362122
-0.052766295275701
0.596355594081897
0.450989238224926
0.008160330919855
-0.035580636816158
-0.188724499254559
-0.291500688430393
-0.135935389858997
0.310514799903388
-0.196576211219939
-0.504055380881222
-0.652590683208411
-0.256510541707763
0.375084320617454
0.051125359794856
-0.103312908835281
0.005611928305324
0.199526224623413
-0.080798570758934
-0.306449804197216
0.652831721776513
-0.288092773915518
0.231551056572089
0.329007629935087
0.314132147897400
0.117860064569704
-0.454663438937041
0.197464187719493
-0.038284686191424
-0.533291202356977
-0.397615858823683
0.288891273287991
-0.320593311825979
-0.210196544188014
-0.406777109619423
-0.013565891118856
-0.342588972531735
0.532202134577942
0.397373778188130
-0.005465036133921
0.128972867983203
0.074984856349622
-0.256223843678376
-0.408819207413184
-0.041050787074836
0.451750906099295
0.063068125585059
-0.384236024965740
-0.368245263357856
0.328242854046679
-0.295473631614091
-0.551809473343040
-0.151802886341839
-0.096456313887807
0.059734340458907
-0.598250495841955
0.240878960384420
0.236632575177242
0.773937606556575
-0.008519633248043
0.154603603118159
0.207071073880912
-0.021609693100646
-0.515210003130292
0.326722795533598
-0.095918299108159
-0.447372643601913
-0.403403351897554
0.042056780205823
0.197230980994930
-0.456864599064050
-0.109551422200777
0.013157416369225
-0.125057843746734
0.116018204188640
-0.030661846768796
0.610995869256660
0.405159100623870
0.033579708955916
0.378157728384027
0.010621055474848
-0.142336727687791
0.349766467595311
-0.051041209075535
0.453102627923834
-0.143888030984451
-0.118171486901871
0.080036329588550
-0.284659826239865
0.039158238821599
-0.519413047477116
-0.749991085200670
0.273881362422436
0.005929557275836
-0.218856210969680
0.012922815666476
0.542979365526531
-0.193551639933417
-0.151683059250112
0.061936788715418
-0.669502500098881
0.268054577135389
-0.288761543877434
-0.391473244426140
-0.252492542452564
-0.246372440646024
-0.192424472325017
-0.786140118446932
0.294219149974098
-0.329120868429775
0.106212828872184
-0.031106332519242
0.101430163590263
0.433404227716599
0.148963932466490
0.131317872296300
0.407132034555198
-0.110613945987944
-0.401673475777577
0.535169608499136
-0.060631301036196
