0.328805862149296
-0.550872067479858
-0.169525258185499
-0.133132180569978
0.093009024012860
0.151366010070654
-0.054944768826567
-0.059436755515258
-0.069667466552485
-0.664675884654819
-0.106614126767813
-0.165664742170797
0.277851944729292
0.211182789769575
-0.274987796889282
0.171462640869478
0.058344273165004
-0.118164591661383
0.000148281100765
0.257465844166665
-0.559868470081290
-0.078100068932564
0.045257840659740
-0.675926698285456
-0.131061282247051
-0.086364096648061
0.001520663508575
0.145754584700129
-0.637261839861787
0.077199748812182
0.681060656488588
0.073869324181716
0.182784244010575
-0.035702931807441
-0.274997378538022
0.482597526280882
0.190689679020047
0.347121074241007
0.157208819629201
-0.377171216275161
-0.810662224990996
-0.029296014893464
0.125644367713574
0.026910435734350
-0.162882575172032
-0.608257727700978
0.305020161731984
-0.416890540339807
0.471009745849453
-0.114166682824373
-0.338147546242511
0.061336950687675
0.506861391164853
0.110140428179825
0.076127948092162
0.210361819050729
-0.365363876037036
0.142203831299421
0.387495232227367
0.054381544784389
0.209109939264392
0.451726427399651
-0.545124537959131
0.296774857554852
0.242940428514359
0.288757486474359
0.099304841522283
-0.152492150332389
0.286974804632447
-0.254485784264523
-0.251943696161209
0.000089673915344
0.339282810375049
-0.414266293123008
-0.394505787829769
0.205850724233633
0.324127564015172
0.001010627759598
0.557539918938751
-0.547776112264708
-0.068347775027238
-0.097467496079713
0.294642820991640
0.087462874064267
-0.071787916754452
0.176379749365626
-0.483094165996235
-0.009494261757575
0.143864886186420
0.314722296213252
0.019434448111943
0.520734960470426
-0.273505998488264
0.636445536137359
0.138261069550946
0.206749191600797
-0.344853585159176
-0.190213511565432
-0.013208038931558
0.705693861710230
0.357260602478030
-0.372583582199383
0.433303800802594
0.413732775478443
-0.110470908977326
0.044961313394869
-0.017340787068848
-0.513358913346097
0.610135026487582
-0.238594516198887
0.087356843749601
-0.273206382007645
0.655009255366969
-0.184946967305293
-0.342308093507806
0.252401085003832
-0.642247323705959
0.106555441974725
0.152631196796454
0.200450938176774
0.333455307723778
-0.368616403404345
-0.317896092548797
-0.052271531456515
-0.222543967716644
0.399048427353652
0.287029750750353
-0.335332711337192
-0.316577692367336
0.563747303496926
-0.317922110553315
-0.098887054192809
-0.053220109675194
-0.267275539254803
-0.261174116245523
-0.100353139523420
0.305024667668095
0.629991286438982
-0.137295977489678
-0.044883197090653
-0.337828621933118
0.280676724288740
-0.151769766073544
0.350136978853133
-0.176765169964107
-0.241525091022308
0.166627736629622
0.191583030239939
-0.178630386761198
0.323653945914888
-0.104889415491432
-0.265891095971941
-0.182768383016520
0.316586997902924
0.100296753129337
0.037650316160969
0.335577740465306
-0.351648841745871
-0.347700838271380
-0.407643165698054
0.193900986005559
0.223684261515391
0.014403592647109
-0.354719041909483
-0.155882364714393
0.234364987078575
-0.408256028557689
0.212082741606074
0.096648433846498
-0.341655183506243
0.625061704593261
-0.244697872200871
0.233313859642352
-0.077852976146264
-0.154740415142042
-0.245854900956821
0.099490482840980
0.544940757196614
0.266071625295442
-0.485897520589501
0.386272600363392
-0.015892135665787
-0.381307727140111
0.170760091447512
-0.118846060003448
-0.130723344332821
0.116395093935428
-0.044657027041429
0.313730775359424
-0.130723276876214
0.079385543817063
-0.004666135651304
-0.224471201826473
0.404829095180166
0.119940842464033
-0.154582089458920
-0.081892186368253
0.416253429214051
0.429401540624118
-0.395227348664455
0.529755911175696
0.090919675336426
-0.485432866071202
-0.211283335897512
-0.251308257080871
-0.186834844790734
-0.441924000236369
0.083606244084713
0.253421364310498
0.247843390039541
-0.129688423278408
-0.390411804848090
-0.707765242663170
0.205205603053564
0.004153536037423
-0.491115341016557
0.064177691127771
0.199148782728854
0.447780018606359
0.214519466541169
0.377167001120938
0.143497455801397
0.060138355109374
-0.170599184720932
0.329738882262480
0.611173664439419
0.479406620498268
0.370723477315851
-0.345038705419888
0.092592014862100
0.197328662503743
0.352085660556451
0.583038089664756
0.584551602755974
0.019141101317577
0.221297420767483
-0.133218326702358
0.017830312300242
0.331388160418842
-0.225957175143117
-0.400145442456443
0.417438930258906
0.227217497044486
0.347231126430422
-0.163536293626401
0.538338885261225
0.250050738954207
0.177364691836550
0.047204840591920
0.371306382397032
-0.435352578608255
0.287276141572641
-0.403233025257618
0.095050091301689
-0.565755792829112
-0.207258777658806
-0.803757902248556
-0.003033562575970
0.165878291727991
0.412840378888198
0.283149474273883
0.252869097210294
0.117845145138812
0.183612305487174
-0.112374730595604
0.031641582930538
0.317702182025697
0.236987860631151
-0.060256547521728
0.630477687020603
0.140550976706177
-0.203333601058011
-0.508425127368794
-0.111049106338695
0.297429358329749
-0.303041980102189
0.437419064948471
-0.223062733840036
0.246053602290423
0.223163742332728
0.399167279419431
-0.179307490839924
0.059602161850538
0.113211835812855
0.301781473593040
0.108249700761085
-0.152817468277208
-0.039776070142225
0.166837030835255
-0.252617093468614
-0.326313335010152
0.183760413524804
0.229575848273914
-0.418826012841091
-0.488559705531750
0.136664812515796
-0.546423769759036
-0.558384167425897
0.121736323513401
0.071108987423704
-0.361044344688940
-0.336382377253626
0.026948167805898
0.223033512735329
-0.118253389850647
-0.015509376710324
-0.320302309266367
0.693897615746329
0.032549650445154
0.388585592483607
-0.422455813931682
0.534312030896178
-0.129574787124107
-0.037988371020002
0.109403653421954
0.096988591724055
0.006029631423630
0.024804984140533
-0.348725930596333
0.331644605780545
0.346232710458191
-0.482289260350369
-0.027639031248921
-0.463120982688432
-0.564345671081236
0.373867144844886
-0.223239210044493
-0.005674772274378
0.649507415010184
-0.064562903336915
0.096253436853944
0.098589857730750
-0.209983772125873
-0.367863403797133
-0.176271028747937
-0.050756322893546
0.236958470883727
-0.400219100943400
0.266726013026366
0.118015684649119
-0.007698466445712
0.132331824260897
-0.237203819062201
-0.463112293466376
0.272223979347800
-0.436473433071851
0.202346050296306
0.043417827021744
0.243441230961570
0.111115198326580
-0.227908454347706
-0.074577656438783
-0.495478017159958
0.171531196138617
0.069887132771812
0.169698510800031
0.383361112086860
0.259689151019060
0.064828596619867
0.448972844936754
0.047384227266427
0.215994671405583
-0.167666840797707
-0.009202352103702
-0.722853811506759
-0.074716018414850
0.349093352377956
0.302873155684504
0.069058045751039
0.062801081311090
0.300769265957519
-0.083562272075076
0.776694389130274
0.047853632110929
0.208991435968911
0.070482779736827
0.388373057557178
-0.251884043538704
0.392606504659694
-0.325190096298368
0.394782881108722
0.353985449884184
0.422540546221347
0.269473280489233
0.312891232593024
-0.654470552070970
0.332646116795731
0.221635980307238
-0.229314115848084
0.315980164716721
-0.234081416581174
-0.011445045195642
-0.079002657776586
-0.065085265001510
0.842143976726366
-0.411616070997126
-0.054286109585063
-0.478939092170313
0.251478177481456
0.101220566416632
0.410355263847940
0.128937962050350
-0.222627890869045
-0.716031416479361
0.121469243718154
-0.294973573308703
-0.661633266822194
0.007899915462686
-0.267088904618253
0.105758754523396
0.033419181966284
-0.403580560939667
0.164515837065783
0.432831614560236
0.294239697554582
0.183656085974996
0.174109436257935
-0.074362060849226
0.338347183748182
0.376502172356811
0.285062327472121
0.673777841763922
0.122369662319811
0.332497644631191
0.033103052862154
-0.023264624303137
0.729554419455431
-0.089752215819778
-0.195245607306156
0.522385455059115
0.644476557782361
0.271528751254376
0.117656217081116
-0.116563947627342
-0.498506173054144
-0.590764579820590
0.009867359306875
0.073513004712166
-0.211262603353423
0.237496498684546
-0.106005767670288
-0.446215536366853
-0.211642792715632
-0.038892076378257
-0.333166532917113
0.181633121528645
-0.354445425120328
-0.085403820855999
-0.659336006523529
0.191094867858093
0.091419911945958
-0.213396300714434
0.065100799573117
0.342835051993364
-0.334711423401425
0.024519693887294
-0.188178212827034
-0.642544495367896
-0.081301766665705
-0.114085496744524
-0.143283787514491
0.206884575812734
0.328438778198057
-0.721225256558622
-0.065846231399766
0.252531951854390
0.130585817762227
0.135531630310806
0.133919124409121
-0.120195510838308
0.018967669813833
0.122249554837273
0.081356800631668
0.013780383017543
-0.364668562422985
0.417144979067839
0.396864681017842
-0.625030032117821
-0.098380600866905
-0.200586287702023
