0.472067591611927
0.620406325036520
-0.226888219218010
0.053341873082759
0.034237135895445
0.717576017601674
-0.589751327869275
0.059872999786738
-0.093487412116898
-0.259014502855261
-0.182758596160914
-0.216017400587715
0.682922536801380
-0.219161346763858
0.337375253640217
0.477386522586171
0.599660350974100
0.552842935713659
0.025822706447605
-0.066117298904719
0.605894623736580
-0.076773403601276
0.382047659853479
0.205595224254353
0.307750297771556
0.075595740630077
0.425517750339331
0.290821679856746
0.031359561482817
0.627107425499821
0.069818872261568
0.813625981549657
0.110701046717856
0.051867035510708
0.140101088427954
0.126529997911015
-0.013234200300517
0.101253714805545
0.521377057904897
-0.459211013845170
0.586289876173914
0.171760982012566
-0.149338482410659
0.290757009359933
-0.551622109864666
-0.157496562441453
0.543434789512555
0.508577144396986
0.134686772143091
-0.017466234049691
-0.340546399523582
0.703626078288833
0.360994261085681
-0.172462176858946
-0.268763334517023
-0.008534518266870
0.789437746434348
-0.190099445178005
0.404984520281375
-0.299002075675588
0.244383044058424
0.661691135422543
-0.116117664341539
0.060330646072343
-0.015101824209239
0.729478425272966
0.382376864613877
0.000374182375529
0.047765552986633
-0.029916644154154
-0.181867440141093
-0.214126665626722
-0.325878249816113
0.648926871394811
0.313170944511508
0.440480424436190
-0.082696833578857
0.475955406758529
0.523031767597651
-0.409015939411620
0.114701106132519
-0.220192489750410
0.360423472296333
0.704978530589822
0.048818452902945
-0.201476195389281
0.201352656064640
0.138738107227068
0.816904102151332
0.212432031801466
0.678800199824297
-0.084128737827324
-0.103576617536557
0.226879396707751
-0.154065854218497
-0.083730308627818
0.279167250114152
0.338668510501327
0.329481739924223
0.671364256625523
0.020824629608709
-0.196475985170004
-0.264218398594102
-0.107318941027586
0.884888279140943
0.149391315739102
0.274644634185453
-0.022542978991599
0.659916089636265
-0.015620136961245
0.062471407064429
-0.252447731345640
0.811449808719489
0.082118309938234
0.050152444879260
0.290082418128266
0.591721328217272
-0.254903814461127
-0.386252769820310
-0.526506237975074
0.719224742323374
-0.012303248669644
-0.023670537979522
-0.483186838305488
0.376829279305450
0.667271855858127
0.094221968873723
0.043457972681209
-0.362206145422199
-0.072841510848198
0.697387845523294
-0.089235801529174
-0.485472738816768
0.181806296719494
0.377852306872875
-0.166911152321965
-0.195888064944364
-0.420634047648863
0.230948241770846
0.585491772864794
-0.129852880143594
0.166773656526974
0.657086479089285
-0.114483786602154
-0.114489708029041
-0.025630329968287
-0.009607924401770
0.812533442574074
0.049642561711140
-0.095310906717488
0.310348628612301
0.228546835612625
0.135006538664864
-0.202089929288000
0.684746086804445
-0.030036006857117
-0.087617740846505
-0.524435811807045
0.696928318110705
0.048621080536722
0.780997308490785
0.059642218371337
0.144772372737142
0.038066358305722
-0.163829477477384
-0.176691599632979
0.039550799498652
0.286831638637915
-0.044972595573944
0.736893701174681
0.079111885609868
0.111903059399108
-0.027066759560360
0.574012094944581
-0.395042150603855
0.476808239426040
-0.474292153933036
0.348810459202489
0.251429203800086
0.246351030045348
0.010859983743928
0.523192913578365
-0.043189540185618
-0.459006851649930
0.599019557123130
0.354679070414935
-0.240981622025932
0.646342650703685
-0.412881110153959
0.187045924711902
-0.444290858107171
0.008884249663908
-0.277624211905229
0.145940080865609
0.608863535260457
0.434952064325498
0.060793918003906
-0.437428006025100
0.599833742282580
-0.062656206797108
-0.217658494627546
0.664005413538269
0.006162217000484
-0.157137057477572
0.175979047052855
0.005545346187906
0.580664629841463
-0.452485509788479
0.291780473762756
0.589770515251026
-0.141890295806442
0.638433073104278
0.200690006120362
-0.285660297442595
-0.362864489075162
0.274717855155517
-0.403347060357057
0.235456370061059
0.020946430508960
0.619983199601864
-0.205891991794689
0.453828275742064
0.468296265716541
0.574251129454872
-0.241173579802530
-0.147169864476983
-0.305172985240907
0.382285984925993
0.640805098207462
-0.101726553926000
0.191190858316914
0.030474736360128
0.733114605826431
0.425605032269315
0.367627007381337
0.464202461193575
0.058000442006159
0.159200735376075
0.352408752334485
0.552210862031474
0.452541740920237
0.303621826285303
0.013726517117050
0.758460883762026
0.136857356843953
-0.237146970988523
0.000000000000000
0.210814133108274
0.429784004156408
-0.226620398663129
0.000000000000000
-0.145680001829694
0.182874735951235
-0.056383226254141
-0.004465986683202
0.101882467536757
0.028085044443125
0.000000000000000
-0.244194893414197
-0.469998804610093
0.195793752064096
0.000000000000000
0.119985856803398
0.059277022909880
0.213519052888096
0.000000000000000
0.069437550312314
0.238465432787962
-0.354003661347087
0.396297318609547
0.197917654934990
-0.294852812763397
-0.136121811683268
-0.435610842967951
0.000000000000000
-0.388247521132949
0.000000000000000
-0.158818820803102
-0.273939852776452
-0.218087740786441
-0.213494369605960
0.510590619953956
-0.429525494617127
0.000000000000000
-0.008895588701557
0.000000000000000
0.352145297911649
0.267737569492231
0.139655150707472
-0.020987976649539
0.342621514198621
0.000000000000000
0.096559486794990
-0.235265804443989
-0.469802000228638
0.048768128184250
0.000000000000000
-0.013557232234063
-0.236314291572909
0.313429624453274
0.225172249346852
0.000000000000000
0.189525338312466
0.005259799350727
0.022641627419302
0.288044187560751
0.000000000000000
-0.611623103751851
-0.078582934391243
0.147861599307457
0.000000000000000
-0.213720867484812
0.017287338403066
-0.376397770458733
-0.361692858560260
-0.435992681015081
-0.148448350861652
0.206446429195198
0.000000000000000
-0.202357574053203
0.024594426779693
-0.358816118514550
0.004022474907943
0.000000000000000
-0.048768212330587
-0.376337553963479
0.249577582920854
0.282565610887743
0.000000000000000
0.159102562879208
0.267874326000107
-0.256575727060096
0.207021484846691
0.000000000000000
-0.081919805350699
0.000000000000000
-0.225902959869710
-0.415543673535416
0.299542969485281
-0.364388937732679
-0.451525843347566
-0.005712281715102
0.059580487005125
0.183336543146421
0.000000000000000
-0.297167574116678
-0.058241798296505
-0.068360685564364
-0.015286619219798
0.000000000000000
-0.181279322306037
0.161479727724298
0.012000360534143
0.000000000000000
-0.637910053172826
-0.445968568607137
-0.179980974834215
0.000000000000000
0.182542719225515
0.007418206146834
-0.002899652608059
0.000000000000000
0.030103111669535
-0.215009604501981
0.164919221538159
0.000000000000000
-0.301775721749130
0.065776665171804
-0.006455795387122
0.105344416405797
0.000000000000000
0.434504669139085
0.350356384707320
-0.309471804025786
-0.012884750349504
0.000000000000000
0.201204474538546
0.098962534785624
-0.007108725103986
0.209404229502244
0.356291426884679
-0.158163046549526
0.386651679517741
0.243390988520115
0.000000000000000
-0.047652075295828
0.136480700101216
0.000000000000000
0.383898739394241
0.573647767778395
0.259544782261749
-0.164231884475609
0.000000000000000
-0.370559226392084
0.309583396936219
0.218650680323565
0.267316067859179
0.450683439427483
-0.033529114783812
0.000000000000000
0.085575009231998
0.461330994844392
0.015397533302527
0.000000000000000
0.089042158426055
0.000000000000000
0.294474711360583
-0.431485044308840
-0.117115072719513
0.225004856244448
0.071844644886657
0.505029750659933
-0.271083383954837
-0.078776009444106
0.000000000000000
0.494509560526116
-0.060320917966199
-0.424937118436650
0.000000000000000
-0.257270958838396
0.000000000000000
-0.039903719761844
-0.276843443415490
0.320914237474007
0.347715541397708
-0.101165282123601
-0.181580115497095
-0.183798396947059
0.278902449799303
0.000000000000000
0.071921254533903
0.386609492249827
0.000000000000000
0.179861571262122
0.076974362583320
0.245010074960878
0.099173514166996
0.036356649222452
-0.512104540122551
0.000000000000000
0.113287950881194
-0.286151071922329
0.353864347437230
0.000000000000000
-0.179205608233578
-0.226621365969580
0.000000000000000
0.595416530461176
0.144419722886658
0.171136767343080
-0.075484533989010
-0.057004427621285
0.126711529807375
-0.009293183707432
0.000000000000000
0.109632120985666
0.000000000000000
-0.138579895604669
0.488708765452784
-0.220593714215128
0.514318023143901
-0.026116069267208
-0.079440044655001
-0.223758412844527
0.000000000000000
-0.157394545216106
-0.141308906297531
-0.310034895657837
0.000000000000000
0.059624237558426
0.310268226194786
0.116814342876697
-0.292295051772051
0.000000000000000
0.350342803490537
0.247527747889225
0.140921408821341
0.000000000000000
0.141310998703902
-0.087598133659680
0.075853548161501
-0.504658031198660
0.201056884193363
0.160689218162274
0.000000000000000
-0.065915232533052
-0.003811110228637
-0.196442605545393
0.000000000000000
0.256689411589148
