-0.348848682875896
0.661071529956334
-0.026660437154521
0.199515103890988
-0.129897114266327
-0.252637425550148
0.750135912610767
0.345375027273953
-0.174725687547457
0.023623810696274
-0.138115454466337
0.312387077416945
0.220194202698626
0.625002256396169
0.378412241743553
-0.269091806129807
-0.225866407934246
0.294883015888068
-0.101982645037663
-0.006148317644913
-0.365019505169944
0.045362133014915
0.483714587074692
-0.235786579527901
-0.227363297296393
-0.321464026488976
0.189069046736841
-0.353461276703607
0.798416581225725
0.130977564948556
-0.049954878180468
0.021029387406874
0.631835994364599
-0.056470903472186
-0.068448571569169
-0.306595392943765
-0.072423553385041
0.619588154457968
0.391561170314497
-0.039702344142026
0.521324060818492
0.160752546033959
0.515962176477079
-0.076267360068895
0.101516822110657
0.234622068444153
0.292995262966345
0.308241582639801
0.325041928126799
-0.050382554715725
-0.292293557912629
0.739953159299724
0.128251470747595
-0.197405324386157
-0.213838938868415
0.199568060373031
-0.318588505246562
0.145449900898957
0.161266872426257
0.684533352252996
0.315053898940072
0.614662266581500
0.000720284955591
-0.052016314764630
-0.026349448699311
-0.601774484018654
0.245632926977745
0.183601880030759
0.114354123734695
0.282223403122390
0.691368836224438
-0.150814691481274
0.260751468064990
-0.071879963553608
0.561860740140672
0.045876414903587
-0.475349949193445
0.278748956402157
0.000588460197727
0.040714448455758
0.457463012981133
0.150232374284714
0.211233373618805
0.734576602138112
0.793972018240221
-0.247725261482639
0.137448354866516
-0.029236619027016
-0.153065889378767
-0.086663887431874
-0.249874406089232
-0.351107435824369
0.210442340658370
0.683534963102444
-0.334870507314929
0.074428810678152
-0.127946760514308
-0.345325385013270
0.590844313358843
0.380253730281716
0.076785391489289
-0.123385355539119
-0.372907469639430
-0.000000000000000
0.241157782543471
-0.215905911325976
-0.207152271917460
0.182561115146369
0.000000000000000
0.200206830840674
0.124864656726833
0.184282979643344
0.170366406056558
0.227166461902295
0.092822961121309
0.000000000000000
0.139285149380448
-0.237249598317624
-0.282357740396614
-0.208036343134204
0.325816926889520
-0.391740389433588
-0.098261397146582
-0.443389671425114
0.000000000000000
0.314360871839674
-0.002741351981879
0.095759919920607
0.097965125142040
0.102194818215313
-0.000000000000000
0.021029706821801
0.205809454947316
-0.065559709751131
-0.000000000000000
-0.522584628961292
0.332353830325170
-0.256439614971268
-0.190073411585363
0.000000000000000
-0.266730902653130
0.031960898545966
0.048198418144426
0.218474028955383
0.000000000000000
0.149485257436769
-0.412569249428069
-0.272910005458444
-0.382260936569897
0.261899832379656
-0.231531753653075
-0.331530142314400
-0.073718396248136
0.000000000000000
-0.184521075138471
-0.020596650499764
-0.017098390836213
-0.195994373414646
0.080016835722928
-0.485546941765757
0.127802964090719
-0.000000000000000
0.303321487472402
0.000000000000000
0.179428321601228
-0.008228343574531
0.159682547578622
-0.087370652592751
0.008258522678645
0.020710789566902
0.316693685533997
-0.320236293027821
0.000000000000000
-0.330376523452945
0.027798168042888
0.054369525318822
0.000000000000000
-0.253126715221634
0.111291441526793
0.474556159738983
0.151043138791408
-0.100128259833578
0.263257954437885
0.276859259359021
0.059008406794951
0.000000000000000
0.000000000000000
-0.270108365416482
0.105388529023246
-0.368570417423850
-0.006849778410513
-0.193901160051291
0.247838851913347
-0.184306020098370
-0.286987294556287
-0.000000000000000
0.059853699130179
0.061363201825734
-0.284561833061823
0.449729946455361
-0.000000000000000
-0.121820894614873
-0.226802891413292
0.007603756806125
