0.011677929311536
-0.013834244121917
0.448145937108976
-0.109649427919857
-0.059069096333073
-0.154242622357083
0.343995864606716
0.022936412945290
0.508454690172935
0.004100129710558
0.559378984251415
-0.085985690319318
0.268123800089550
-0.546881326088786
-0.048263275297040
-0.113073607666821
0.323040152475027
-0.291623907526216
0.577803914182647
0.055352971605639
-0.081715382080081
-0.001360176184009
0.339757371250780
0.186193173344074
-0.024335265045001
0.243728291750995
0.376577407017853
-0.635845694089581
0.194291718877287
-0.361531922478386
0.079425047813166
0.023721915675403
-0.258666561188878
0.163591605840865
0.258202547834814
-0.457740268347810
-0.019860518262713
0.161762745390272
0.312695526167661
0.728826918909174
-0.497758407489278
-0.090279576081593
-0.025221908040907
-0.104210591697405
0.023172110523502
-0.290840190221433
0.015290455668785
-0.717364276875864
0.550376543768369
-0.200919389736705
-0.182587055108884
0.041232862406396
-0.102327424740556
0.146255827833226
0.101276761033193
-0.009255470052926
0.074627772178590
0.380897942429034
0.155667812042382
-0.292093241430270
-0.023886326706468
-0.096982685227070
-0.671629969148303
-0.208652223791385
0.160902479791854
-0.295672186953721
0.018836095156574
-0.185422494532156
-0.549515149941379
-0.141046770521807
-0.221186317352536
0.354004661817353
0.317222096249036
0.353296473235537
0.317584140363971
0.456957714739156
0.397231612933430
-0.008788235614573
-0.064470190190740
-0.270867012867426
0.130215337695390
-0.562852377394091
-0.320258534015744
-0.045101734782084
0.493891634846944
-0.170317828476891
0.268034150359193
0.059759452610145
-0.613074395434625
0.001783878323876
0.310953207142006
0.623253594631478
-0.182697617893286
0.348338234634195
-0.204628907063579
0.094285393500015
-0.163107547258665
-0.353280856723688
0.164806566325763
-0.227109850518615
0.390594213072590
0.156783321033869
0.003282208770388
0.305718527152442
-0.181889268705691
0.013610312688281
-0.687796792367699
-0.216845789519878
-0.211710497766490
0.276095864944162
-0.039011815068742
0.152351859231820
0.398500760087108
0.304674649691883
0.432085866776074
0.150974391778669
0.245709517810001
0.157249637731135
0.151941138521678
0.245651220581856
0.147904507856547
-0.673532836480668
-0.200644055793905
-0.168742239298775
-0.064643804627756
0.437255583268161
-0.005358394426648
-0.144960084213202
0.448457654727673
0.083544260241477
-0.308932814958880
-0.240542386854217
-0.017589718916914
0.177876818589494
-0.191769311676850
0.102834250360143
0.058744948919245
-0.440028368292055
0.655291520839476
0.244199231215146
-0.078980459754390
0.285998340938218
-0.090227366285468
-0.431559543149888
0.308183881335944
0.458372449420764
-0.216641197715198
-0.494324151216894
0.175779679094601
-0.292483161920777
0.174731967438752
0.112003944724830
0.207144972629975
0.326335359703057
-0.395265161682265
0.578653889504696
-0.102012439915525
0.509456429048619
-0.140039296568262
0.086847004002402
-0.148196804243027
0.087062036935696
-0.071165730122824
0.196332139117428
0.287472228690081
0.149803865208420
-0.264253002309679
-0.130769178971238
0.084336460001351
0.136131144614682
-0.193765800816206
0.336213273073236
0.595015968429566
-0.272317103850268
-0.495903077285396
0.278275582729538
-0.262142430801102
0.442073793642414
0.047631068170003
-0.130252071631804
0.321204342900377
0.358911191283370
-0.048874903834188
-0.186700667735259
0.200280306670899
0.530399392236927
-0.077933537127073
-0.153705099582905
-0.459605703049171
-0.331499911633903
-0.201238248566197
-0.027949409789434
0.180145803335760
-0.390148577725981
-0.471507835484467
0.347143278319676
0.246497978716324
-0.127007930203871
0.248189676631365
0.016001422911353
-0.074848445895552
-0.531826657482466
-0.161129000849299
-0.019117759092117
0.173020244893322
0.623545901127216
-0.171573199380277
0.184472661620554
-0.242709096461683
0.148560637361789
-0.331066666461847
0.475133403947810
0.284060863754819
0.057969866541930
0.317601897944880
0.154999358128145
0.000746773875691
-0.277028065530486
-0.112876988122574
0.383293999710388
0.496680104978211
0.376970354945120
-0.126610322233596
0.275708269960529
-0.189055838033347
0.242346647287323
0.028460033916479
-0.150409480380093
-0.257967370499803
-0.355846552655984
0.591569360624861
-0.130914674588348
-0.331017075724072
-0.299491767532286
0.224062330711019
-0.174874801936223
-0.133137087172940
0.159779786816097
-0.277157414104864
-0.318501138561973
-0.528107846048397
-0.292977530563634
-0.010130129052209
0.236869998725004
0.046197007312923
-0.037922357356378
0.458201118877010
-0.214399334251180
-0.024000045682012
0.302921598155970
0.026166579537225
0.396684932721725
-0.202089512036075
0.070759439260986
0.220872586850335
-0.082121868035305
0.321449076069913
-0.143993552127507
0.446298047806383
-0.163089739692106
0.246590143462974
-0.509484285794861
0.232617589085096
-0.151629582855057
-0.162403156500947
0.056091380466750
-0.059099010555107
-0.165589178950759
-0.112064231587425
0.124761695575597
0.342111908748030
-0.039355115041272
0.021049408745864
0.165891779259807
-0.214750390115561
-0.442564648305823
0.133136142707665
0.077024759829145
0.097429970305909
-0.112265266302865
0.712638541642377
0.190287629510666
0.578799302042758
0.164570139526947
-0.371443069279612
-0.257741890898856
-0.294067533378389
0.276559875126672
-0.412739647487838
0.130301869086948
0.119250650838428
-0.104807515136340
0.110037310879178
-0.396791443499371
0.301455389013371
-0.275289747883330
0.182450350578223
0.168990662604329
0.254167957811034
-0.419586461736237
0.121148454566112
-0.178114954064294
-0.030993925785080
-0.327330689082181
0.288576072642587
0.263111153172844
0.383733199794122
-0.304232614516251
0.433889903168284
0.197360122074740
0.083833480462481
0.100339210952913
-0.393088726617366
-0.208505455308676
-0.140637591186886
0.155150722625914
0.176064188250004
0.054253541628350
-0.081057231593002
-0.425337295634520
-0.188338600519151
0.129067746878410
-0.167172602109121
0.204508456902597
-0.158631335677312
0.084970157210563
-0.574333880452783
0.299451353749820
0.040273216227350
-0.373051399989272
-0.091343549451999
-0.255984780655343
0.231529895339061
0.009241216167345
0.040095802269788
-0.473285242460073
-0.096542828942540
0.329630729543434
0.175699763575107
0.577770554518634
0.179316135081027
0.296254615568931
0.196848496157518
0.519620684413521
0.460006156162599
-0.123702716713279
-0.169379481768894
0.240051803821440
-0.060890595554525
-0.145021141647057
-0.247525162607344
0.164313750414006
0.117046873224725
0.365606409039695
0.577464050098212
0.225520597402521
0.341481384082303
-0.270583476560686
-0.012666003264144
-0.207976383152626
-0.029634950803088
0.629597262337901
0.024910598550995
-0.386914001693403
0.342580773335977
0.242216104718362
-0.293199087859801
-0.047110748777777
0.051313322579969
-0.342083042373876
0.001111220116728
-0.143881721217480
-0.212503820813964
-0.181911568554442
-0.044094228655838
0.014152449268531
-0.403852008853243
-0.209026294453221
0.101647872390921
-0.072393778126531
0.398246363795386
0.291278331189622
0.171903604404909
-0.166966902668616
-0.606422326076122
0.221733513317981
0.306291810004006
0.102385155642242
-0.299163006577550
0.250284688474745
0.134073673282616
0.376084047978500
-0.581094119732131
-0.170056180754462
-0.199031421976641
-0.445824487620698
-0.078232186812823
-0.163643551933036
0.204963171354402
0.061502483562669
-0.382900620314900
0.412632627662741
0.106233172804155
-0.223195811428643
-0.099520190638887
-0.064680177643243
0.180338581356425
0.534367822038879
-0.048754027869171
0.052367666011784
-0.149716567391346
0.431966538701084
0.146440382636423
-0.416838890145667
0.553241359849717
0.410507228511863
-0.122978961966346
-0.306893503438257
-0.073610549446911
-0.136291462803941
-0.201954537887754
-0.061240782540087
-0.186751466443612
-0.392745863581085
0.142617438918351
0.376311025755457
0.337653367525043
-0.058300899020885
-0.562321283873346
0.361711043581606
-0.234872625812294
-0.061334041605057
-0.304652841485321
0.214181586644204
-0.029159531656901
-0.079292946258894
0.519222310045080
-0.146261571135542
0.189660116768561
-0.057006953434136
-0.559480419985203
0.022771744734870
0.309579990347140
-0.084254665790848
0.043686895634327
-0.371906582647338
-0.069820085977240
0.220842921723207
0.397508722216881
-0.151390018167622
0.395789948622709
-0.566828431422516
0.395587675421627
0.391180346711786
0.002103329286148
-0.050867797493515
