0.273922305427702
-0.049561954745987
0.081778178081312
0.465236749899892
-0.308155858941204
-0.440329286705212
0.632069637175902
-0.125111379043860
0.253563917275360
-0.260377254467061
-0.462175663459132
-0.065546691654698
-0.006383112384182
-0.124767862899328
-0.128195293466978
0.436165193891938
-0.026800360356082
0.413200714535312
-0.142404934681321
-0.153298241607749
-0.282724572023245
-0.430315849014108
-0.147593280285745
0.555163219675287
-0.027975821341842
0.318765609358186
0.333800629633091
-0.134178263736068
-0.537677192977656
0.223094689722626
0.265669284363784
0.476027896192053
-0.033511764267791
-0.115244867511482
-0.020167297636940
-0.322695228629839
-0.427309953964019
0.258710620003958
-0.288527832288071
-0.214654611449124
-0.206173170393409
0.004004543832540
0.219234419635269
-0.168918776300752
-0.208013050586632
-0.502434792729838
-0.175568898176698
-0.230031790255739
0.014582951580981
0.010578231616836
-0.198005519228637
0.040060314100078
0.349069226213216
0.124200658866937
0.170089145762224
0.135634460194322
-0.123532371890582
0.077162142232793
-0.233640797534721
-0.036359341314569
-0.135141909034320
0.004064970450548
0.061959996391756
-0.213648279982036
-0.189279595300850
0.153340366033899
-0.253082105204380
-0.382310228605389
0.024045362831543
0.497673365259792
-0.475507591478132
0.063174670331472
-0.105089081514974
0.002333653922558
-0.324114726429138
0.100501090191755
0.120491928644022
-0.326899982652554
-0.429460230563825
-0.043188515944295
-0.245921446756665
0.191305766740782
0.147163204607433
-0.009387277802614
0.367881788310947
0.059251300718489
0.136185355358178
0.533953385791470
-0.469681854496914
0.386755619474634
0.351812818349659
-0.246032124468903
-0.513040241292538
0.178704338281220
-0.005601286681413
-0.320706168749480
-0.227457507186581
-0.139989960966964
0.161165437170840
0.009602726166459
-0.389108615662080
-0.330332718034184
-0.113268505306320
-0.102272279611146
0.048154148621687
0.086127627044601
-0.283132094087554
-0.841305464631128
-0.015424914035756
-0.213887333753451
-0.282490752785168
-0.375787137748337
0.351031197951537
0.070198666529506
-0.257182477302669
-0.327589860803111
-0.493448238237366
0.014669374530675
-0.352551628564894
-0.050773395561197
0.090416320407171
-0.341529127157641
0.228344105852334
-0.328923682514149
-0.307252149013147
-0.355977499781188
0.228990973312616
0.138794118484495
-0.175987204227943
0.274570255900690
0.139179302867948
-0.418184559464433
0.577904702953108
0.379408240783450
0.186852914246613
0.138974634939673
-0.022377349368696
-0.343815863486033
0.145885160889952
0.739090609236054
0.066711062446677
0.104388513358943
-0.125687566811682
0.176110314959605
-0.514929447866735
0.169204946341280
-0.255424547005553
0.160513165707441
-0.502067847328979
0.471129193303050
-0.110094345754395
-0.045448580839110
0.068183395815835
0.122188664880465
0.417914760376578
0.341959981146036
-0.030592564911129
0.095113760742283
0.024225134960362
0.242037576888704
0.105689571868439
-0.045972946042947
-0.122314301857524
0.152188491618840
-0.632211670645566
0.191809914815744
0.341715264602477
0.177822330099655
-0.262897132496460
0.266875339757837
0.103824414485454
-0.248187487210603
0.102569700492092
-0.233486216759698
-0.380140479725068
-0.084192411264196
-0.094982473895187
-0.238080191985467
0.046996649004398
-0.198377597813675
0.507062028060487
0.114189199523957
0.498096423872571
0.336891227811177
0.105947408844066
0.146013383427727
-0.213393783136216
-0.007827121903122
-0.008124244995274
0.175425802048487
0.169196130609483
0.463041643392920
-0.081928459202271
0.317850222104935
-0.259544353879975
-0.038130288748148
-0.495943777165552
0.120180396069894
0.072754873785594
-0.188979402353752
0.694702931092684
0.427365513365027
-0.158132928663237
-0.137658336009201
-0.074650100362958
-0.205460473575623
0.028134325646526
0.423539599640725
-0.447898391757781
0.013937635266153
0.095805623409182
-0.478652473501811
0.349834604591573
-0.169797065879443
-0.099043201907517
0.474933947431688
0.254334503478328
-0.517083204140713
-0.273536539026578
0.354685780332734
0.034234335417021
0.304999536549548
-0.360207709987807
-0.322943376014486
-0.466322668061942
0.547367851926522
0.012120777188317
-0.213882310670349
0.593706665131934
0.383925767456397
-0.037122895170549
-0.144983448854995
-0.033856227987046
0.056558186730282
0.034625267465157
-0.042728598228260
-0.059848700630387
0.221684096480960
0.592422409920733
0.061747110082197
0.130029607763628
0.139186331587932
0.230132125171288
-0.209310468774350
0.316117481347865
0.043115727307949
0.600223678844831
-0.124455803901073
-0.049386930308932
0.403679524683435
0.077760476400729
-0.243031697174472
0.250243299138767
-0.302419578731903
-0.343296941870943
-0.155171121796577
0.124768166733751
-0.222594519614244
-0.008266908814568
0.009662327045527
0.435614196466269
0.098899748471893
0.082258716220972
0.472061522819802
-0.120020911497206
-0.021901506343301
-0.061999655329857
0.489532419825572
0.136486116909929
0.553962834925688
0.406449358538323
0.321623291100128
-0.020038866724836
-0.481483495004545
0.004996221134006
0.278803150549833
0.148864875233621
-0.441083891311795
-0.209435860101835
-0.390515267890817
-0.359997211944130
0.035696032722362
-0.422388481101614
-0.206509209693037
0.409667133631307
0.028595439830992
0.505388835388241
-0.420081514267053
-0.351543077901885
0.725198880779111
-0.095223919566471
-0.126029809473637
0.148498162024207
0.423142936213259
-0.010613546359068
-0.307511542165429
0.527689640565329
-0.645227718807884
0.271800531931533
0.097820180563374
0.042564710952380
0.107177805842607
0.124354583982258
0.085294760883974
0.058256662971143
0.521537090134153
-0.172697295294184
-0.312774315350802
-0.585185590402172
-0.095783574490057
-0.153254408788254
0.499662286095908
-0.574504986898302
0.103127177172364
0.471445776399488
0.008993766678789
-0.026668218092725
0.362124124981705
-0.178639211350969
0.045182217518133
0.148444772824296
0.325477335788868
-0.157502558591952
-0.024224926732416
0.409216702931458
-0.274542744890711
0.185301982513378
0.189565214072379
0.088517098699631
0.311010422943640
-0.270972005634770
0.421862670366655
0.494900909747598
-0.178968158369690
0.323750475477987
-0.094389302043457
0.160849011844622
-0.154312486058756
0.041271147928432
-0.335346732882267
0.002376043441650
0.123142341965683
-0.156724445869956
-0.608350008380122
-0.078051787794955
0.245942729285905
0.321553847177960
0.200542909453124
0.352242668733772
0.455411935641063
-0.152527001099701
0.298863988053569
-0.104952627095217
-0.029848977256130
-0.336601207391132
-0.253229021514301
-0.135155525388034
-0.008737349272338
0.203612667463993
-0.506458562437098
0.489570291788324
0.353793203659863
-0.406910962901570
-0.270406458675454
0.087383900212846
0.128487232906382
0.300869058147690
-0.145785975686625
0.135005525842923
0.022196632777680
-0.466149941563754
-0.036698709371628
0.241882199510208
0.104572527276042
-0.227745816209969
0.440764356637938
0.108671502984154
-0.207146744521110
-0.231031428244402
0.132788904433949
-0.066075716475857
0.060300996414978
-0.221090797238961
-0.115258705065332
0.332716682486898
-0.172745258516362
0.478946658971462
0.091297621999192
0.490734116671911
0.235709130631370
-0.409271431004745
-0.259971792382755
0.302641123658783
-0.241074578583341
-0.728664581810900
-0.042608828948931
0.324360912025095
-0.220958276214268
-0.083945135948943
-0.358439205881060
0.288042250907148
-0.066923702574469
0.008291595402243
-0.144224717451974
0.148596455147680
0.650060801317988
0.450644565834180
-0.231602590098618
-0.482101468610724
0.439031543790307
0.102848502290066
0.321157209736579
-0.295155465859006
-0.339310491688371
0.215688579986864
0.364069154537693
-0.194328995830757
0.120583506620664
0.134251632007593
0.293790510008313
0.259859281391853
0.417096962170138
-0.574193772324440
-0.124060100237582
-0.292662501803617
-0.091045380910085
0.104147702109480
-0.652147380154013
0.024418918670990
0.115202500550715
-0.279388399977026
0.187001306306921
0.154664919625304
-0.270996729364945
0.293749589253193
-0.252257088409764
-0.018262473574832
-0.046559491769614
0.166893310247940
-0.350404411755080
-0.562117760081081
-0.160534230838982
-0.183034936787156
-0.212938404749355
0.185946327288192
-0.300695088420383
0.092985825352495
-0.045917521046498
-0.369374817825291
0.320842447915656
-0.043844181947578
0.052792745737969
-0.461321069871124
0.225558964954516
0.221319514260504
0.236076857193033
-0.025581522951546
-0.084059731018660
0.144643441950040
0.210265889807559
0.287265914075173
-0.218223283873865
-0.334806308517968
0.443371287779263
0.178088924682713
0.148418535857759
-0.227099470638849
-0.243677571634631
