0.272964218077529
0.277334876853204
0.210658871745477
0.094950350878219
0.043421018638092
0.706775702521565
-0.411965784056536
-0.483657634057499
0.059384680771130
-0.026761571402435
0.031826666747200
0.526967566197877
0.534097073313897
-0.178723172755519
-0.081015310425899
0.206967867264305
-0.293155391038757
-0.220991749682416
0.159012050644737
-0.258090787858666
0.607712837777613
0.222621629000861
0.265545288574241
0.428580208796462
-0.113852014334547
0.861041896356791
0.056663270419003
-0.315454956206351
-0.031299059415885
-0.027773585318872
0.270576459811941
0.400743983179790
0.532311148383447
-0.335831379315465
0.124323826962509
0.055182055296173
0.238636891917095
-0.087557375980410
0.463226748948711
0.609977227284402
-0.216268162385542
0.049954730953459
0.681165773356779
-0.068691178539805
-0.311991160185886
-0.159366231906224
-0.022886074711233
-0.221823721306125
-0.130602361996119
-0.023804965507748
-0.148787445992405
0.581489963861090
0.145676019520610
-0.231176806389228
0.213485797680577
-0.204664411375293
-0.362394658096583
0.266452165174179
0.041262080271867
0.637449816425022
-0.068658956876933
-0.029718897201660
0.039537795332894
0.242974311221713
0.792105850588382
0.228138700973525
0.097212313582597
0.647437769836298
-0.200088728289862
0.273808914760622
0.388239848016336
0.140653585628051
0.210295352136752
0.112171814499181
-0.311449546307725
-0.185416062956007
0.594167736045707
-0.494101466211209
0.447101229041369
-0.302151434054862
0.040928150878737
0.009334417119976
0.578351070051669
0.202511436166710
0.047623240492301
0.270698259957882
0.686198513953530
-0.166542608185631
-0.323331414091574
-0.120484296979275
-0.292579249422418
0.247481265727797
-0.005986972287177
0.660346647520232
-0.425481308934698
-0.226925223356782
0.494890010565193
0.622916907208350
0.333305666861327
0.446098822804758
-0.048921307688800
0.017761528102033
0.644817251642101
-0.193091539027390
0.580721262446241
-0.119728281559623
-0.088234301927920
-0.197244039031979
-0.320144424744660
0.557851008655278
0.076081389767218
0.314005009352553
0.455703864321859
0.133034980488581
-0.154268874126637
-0.064002661992552
-0.410513080068805
-0.158406549042688
0.098658755380572
0.590789109430167
-0.084141527427761
-0.355679259759264
0.677377078153592
0.313826654265820
0.142725564499913
-0.193262972889804
-0.098461693956530
0.296575818633302
-0.294537314173769
-0.138648709973505
0.231757257992447
0.562932904838849
-0.094249047997444
-0.239436941063099
-0.022652608689321
-0.469028741573169
-0.110334640565249
0.697253042407272
0.616971413578196
-0.128786560229780
0.084951390824277
0.247757708144539
0.331634873740160
-0.303903768432233
-0.216155533525737
0.491008796186213
-0.154932778035702
0.349141063750003
-0.305694368870642
0.567224643535756
0.853387074596604
0.073405705466008
-0.130290028041093
-0.085746460576496
0.096740272786819
0.196102624355880
0.321621697293726
-0.057220016605876
0.011467513819348
0.614021959288239
0.085407739672339
0.427527807757794
-0.313814958021791
-0.104862385420047
0.005434061479851
0.638221666023624
0.129780136516023
0.450619213223716
-0.130972032791794
-0.502629206132579
0.591826225400744
-0.245677961929866
0.265721801519291
0.055327736607338
-0.399266342226023
-0.212598674854866
0.077219450075942
0.660238596987706
0.009690971920493
-0.102937891027909
-0.273030137143110
-0.251939413327118
-0.238435640338477
-0.056102170162149
0.693645349528252
0.150384281018253
-0.288662712402615
0.359167744496203
0.709594508979000
0.234499214138679
0.053733496785835
0.228655492133151
-0.393834453177520
-0.197393888783572
0.580817811959485
-0.164833981476873
-0.464522807035108
0.041237721276278
0.568921392988679
-0.410828220945058
0.206020457794627
-0.044251561301287
-0.076766456004824
0.372697296605419
0.154457939008927
-0.109637416517945
0.169146040097281
0.622744878399872
0.383874950643615
-0.117428535917180
-0.104248409064793
0.089292357978357
0.673141421449883
-0.465689025281386
0.176631288956359
0.163065653489167
0.394160083451600
-0.185668852098098
0.006659521948835
0.558048915545531
-0.348454535133854
0.084964094441734
-0.095878950328541
0.254611518946557
0.412919066962000
0.190594242431998
0.572017568005276
-0.340807292013225
0.027054296126896
-0.191071285743821
-0.021630338987184
-0.084893948921652
0.638696574296211
-0.283774786910844
0.389583866037433
0.329034530739109
0.384140845087789
-0.191549219860107
0.598142328407960
-0.191965703234751
0.373007163726243
0.157410333676245
-0.074306625683026
0.121048403938855
-0.331178721784841
-0.000000000000000
-0.267839926892268
0.043421827037363
0.123821427023596
-0.059080566650183
0.470067091576121
-0.000000000000000
-0.000000000000000
0.294064177280460
0.104820359587450
-0.204358494399973
0.404967910886162
0.442039904586687
-0.105320772130680
-0.235299452338934
0.000000000000000
-0.088046426906872
0.092013686083314
-0.390329021963043
0.037090542755089
-0.000000000000000
0.019565629091321
-0.078698466064458
0.345191951611016
0.118581442718619
-0.175746920028279
0.226944539419043
0.000000000000000
-0.346161832008844
-0.220626594654571
-0.317267048489357
0.185857396439773
-0.307963034539012
-0.138348843627589
-0.000000000000000
-0.377160698542083
0.093234705246881
-0.000000000000000
0.446328177357803
-0.107881710632729
-0.031257830562013
-0.017080783193212
-0.383031310761465
0.332817234817162
0.355867702057471
-0.065308372298467
-0.000000000000000
-0.455334067145986
0.313752158034676
0.022169599812074
-0.401961737092383
0.023053937089088
-0.371592895895262
-0.038565879948488
-0.000000000000000
0.169060015439862
-0.069767566287334
-0.462628931078439
-0.072243990013115
0.000000000000000
0.040379600146951
-0.121826492054236
-0.000000000000000
-0.225281996225735
0.413842569868062
-0.053595789035835
-0.214759901567848
-0.223451118065972
-0.244775823542662
-0.313232198963921
0.062462764592282
0.000000000000000
-0.052727997783849
0.221460920969461
0.204698384488591
0.184569945648154
0.445818642607679
0.000000000000000
-0.088177207603522
0.037718826154040
-0.129521141142818
0.000000000000000
-0.203315519780706
-0.074165973683919
0.491684594923286
0.195383249988139
-0.114493972031729
0.314664811921614
0.000000000000000
0.142204744880513
0.118354757440371
-0.092152602407273
0.000000000000000
0.112422563455780
-0.056958291436194
0.153770774955885
0.078944142039388
-0.000000000000000
0.118259260783520
0.183526574037171
0.144951006838382
0.233165143042393
-0.160061819481422
0.257067753140205
0.000000000000000
0.276734813653017
-0.312164854131801
-0.086647078508521
0.094537603772284
-0.124057298673608
0.532733851112478
0.215343040000912
-0.068605328375956
-0.263535467780164
-0.000000000000000
0.371277279476412
0.302513887053737
-0.000000000000000
-0.106709841035858
0.087756520744633
0.053988535160325
0.354822246555122
0.157676745314207
-0.192818331197267
-0.342603614723913
0.347059899864282
0.000000000000000
0.080813391233946
-0.268243262898593
0.158167273741115
0.281693279471810
-0.179156876991719
0.000000000000000
-0.000000000000000
-0.203181364607571
0.037193584546084
-0.458610789426254
-0.205381547921954
-0.191439337585972
-0.333128871104208
-0.032076638973668
0.108495755806134
-0.047525425169848
0.158293731074893
0.000000000000000
-0.000000000000000
-0.315356778034845
-0.126974083632121
0.124915039678381
0.242850361212416
0.063614906306808
-0.105783165703264
0.346500863348809
-0.291914404655262
0.000000000000000
0.317810909107849
-0.092658808135927
0.084375942361426
0.067300647219309
0.120597643686606
0.000000000000000
-0.344563330620735
-0.344021382827364
-0.287293845452245
-0.168649704417360
0.000000000000000
0.116527254391504
-0.078766082361489
0.339355062282360
-0.246381478688748
-0.306230118582703
-0.295135964889012
-0.000000000000000
0.256650909831360
-0.188054706909403
-0.013652611138227
-0.262902800871470
0.436962096171700
-0.187669397622887
-0.000000000000000
0.052562462385939
-0.159950225174979
0.321801109015416
-0.000000000000000
0.199653666866807
-0.068553795230311
0.016919237177334
-0.206465627010253
-0.271510641964687
-0.000000000000000
0.005044641073050
-0.111284145295810
-0.308500928484691
0.000000000000000
-0.018920132562560
0.210913268877534
-0.132531418275626
-0.268267264187888
0.428923475497795
-0.299901382235690
-0.045798347905649
0.268916288605274
-0.000000000000000
0.001689859864566
0.471374822303728
0.389324589811387
-0.100811129704021
-0.000000000000000
0.244774622444040
0.084117333647113
-0.157027453562324
-0.259026437027662
-0.056606037327705
0.506092762961738
-0.000000000000000
-0.008373765231207
-0.208718856341809
-0.340731217685757
-0.108320731751936
0.219671350484553
0.004328145538655
-0.000000000000000
-0.315741655627138
-0.300130063994077
0.576309606906882
0.038749056043426
-0.205718585281332
-0.000000000000000
0.024312280690945
0.152223644688417
0.019461054877256
0.057315672403797
0.035795225211921
0.000000000000000
0.364641145578643
