0.330847118921391
0.112957839798959
0.080651572520753
0.450072988882061
0.583096451660812
0.377077256886546
0.276801412493027
0.498268803089690
0.023682034171887
0.043500821228345
0.391682057975477
-0.573539815114197
-0.519171518425586
0.051944195716861
0.172111222942469
-0.372212729039945
0.015561726825890
-0.422231898486731
-0.092033846318550
-0.467055213266605
0.364824089495539
-0.361184922391234
-0.093596100602952
0.040667335333418
-0.530289887074910
-0.283460458805508
-0.444784920258817
0.149135093470233
-0.039526800219955
-0.183523343733903
0.019812006019981
0.227898048122440
0.517166643327418
0.063149247625458
-0.339986428320907
0.413952778128466
0.344573483998469
-0.055789257115612
0.141626191321100
-0.732760074807935
-0.038976519371122
-0.184354738082620
-0.209285169002628
0.200434230633743
-0.465374586768971
-0.338576203270449
0.254066718988593
0.005791164247870
-0.228579128367694
-0.045796537682121
0.166011195486198
0.010909943799367
0.099241889926186
0.238163594212074
-0.263724632193593
0.436786843313647
0.664226133458845
0.219324645214964
0.256662565335048
-0.168068130320853
0.340332488477456
-0.215797879428770
-0.113489095075666
-0.228606777034093
0.143994537370573
-0.309335073414690
0.386112572525165
-0.228531842030439
-0.143645091571163
-0.226234858862130
-0.507735433692806
0.058744012001377
0.030002632725400
0.186545326371463
-0.096074247667961
0.100740858572881
-0.276885036343466
0.387710365808951
-0.349637716330747
0.483761756965523
-0.366927913270067
-0.008706762836558
-0.208682277641340
0.097079466894478
-0.105120938332656
-0.282181360276570
0.206871964264040
0.217922619954593
0.413711437579928
-0.127967751937759
0.143873889410404
-0.264652534393462
-0.138154575186626
-0.136939738914723
-0.453535882039263
0.511650190388399
-0.211285410267611
-0.295131667046965
0.283551056819148
0.310196737899751
0.067985971427978
-0.105478133373589
-0.114914984047366
-0.249151544319928
0.324829097165696
0.330365759741266
0.228220916606267
-0.197444438326344
-0.114069057459537
-0.274081771351800
-0.034911630872338
0.269273703376711
-0.307426137111396
0.316509309011399
0.618353214132431
-0.342970169875182
-0.058863279566497
0.222337977826135
-0.461029815883560
-0.113010202104633
0.137528621353487
0.099764495649346
-0.408719451999296
-0.276999001057005
-0.009692444511235
0.069046944344504
-0.299210936514281
-0.042243341452598
0.609033562907601
-0.296510046673708
0.046778448954000
0.410455173068320
-0.193300333270418
0.046975041993124
0.321711674751758
0.024992401475778
0.247705015605357
-0.250648239994999
0.024968603857360
0.399887475235899
0.379078062815673
0.396093561003365
0.006706208456793
-0.273314562005567
-0.208551491813922
0.084987050670934
-0.154777542517699
0.437722685766335
-0.032975859348348
0.258150513597713
0.446406210874225
0.011197740029297
-0.003626150605254
0.502534211705521
0.111879188348923
0.011566195660595
-0.541223047665700
-0.178651213663527
-0.151658902520029
-0.141244955854816
-0.520188579848447
0.203808302396393
-0.073843178161118
0.700301275778359
-0.155377556140924
0.341970917207562
0.218287647865255
0.223190020383161
-0.366327230624996
-0.097907819228799
-0.017149759324380
0.364467115840150
-0.627727258669903
-0.249459409564830
0.373996635259993
-0.089641449742111
-0.037604767256930
0.061746089750910
-0.229523598805668
0.049590563510496
-0.146686146869487
-0.237487023747909
-0.192371685562163
0.314910653411269
-0.101750541538000
-0.005389352728584
-0.079999346079534
-0.034160132339818
0.630838095570531
-0.034985831171458
-0.100780795910979
0.136113069141175
-0.565338510583490
-0.429812592270242
0.088323557245483
-0.046723300077512
0.258959451885697
0.222421405155056
-0.194043222942543
-0.569924896932140
-0.128864488264877
-0.430115852989700
0.418890147018992
0.273966316064647
0.443797932177644
-0.071840718127409
0.345037737329523
0.076790204827840
-0.313518502436714
-0.540180165875187
0.098165223588529
-0.246769352059296
0.200395693854212
-0.085720008213348
0.237774112648026
-0.689084081934958
0.263807988046916
0.002274613523786
-0.193630753077903
0.419782141879357
-0.584992834901587
0.275641330707176
-0.423207076546353
0.065890651094883
-0.268916592326526
0.060313497659735
0.127256575967211
0.125313904557002
-0.638296597446218
-0.470851870800119
-0.135966606423484
0.193694979194202
-0.027599035432893
-0.088338934583955
0.438329769542077
-0.331859633951198
0.118319725377634
-0.144777183556013
0.106717605369743
0.488407326269401
-0.159656067239169
0.299461362276935
0.103092013955734
-0.178209276831747
0.133905024333701
0.105058920241764
-0.150028704075109
0.174403972741885
0.228936828775657
-0.255832223779111
-0.139419269737906
0.008244685303973
0.323752616284769
0.199835355173270
-0.356825280975514
-0.171866988438067
0.103105435654118
0.262360445523828
0.240177685574510
-0.217714530150415
-0.291308453658925
-0.320133659567543
0.163594767414088
-0.424534582653776
-0.074839461495950
0.265463645376610
-0.191905106933099
0.136129998148390
0.115444537492041
0.488227853795391
-0.576801543689412
-0.082461658403665
-0.169383505488586
0.113122217621568
0.071782285568599
-0.055973879521668
0.053655259474042
0.065180128795853
0.204319230098079
0.115050128458343
0.408511401689380
0.238041483535431
0.002980501499025
0.554106345660877
-0.207588131511748
-0.335417355536996
0.233422581454270
-0.055754717735998
0.251981318288125
0.084555931736033
-0.122046756807032
-0.750484022774419
-0.024427686975650
0.449490804634154
-0.092733455495759
-0.270523923858654
-0.057988552433665
0.122182133589180
-0.162198962870161
-0.172806278688600
-0.690815808332848
0.185111515317422
0.296735259188974
0.102005716298296
-0.213733296805228
0.020247675529722
-0.416347755859864
-0.399761842924451
0.083489353010056
0.223655974409489
0.248579544735469
0.116999074193736
0.107416701038049
-0.576997818986120
-0.237461138911593
0.181434255035936
-0.273160537858756
-0.457765615645553
-0.126762558289128
-0.067662156642103
-0.549442725375966
-0.289767963404188
-0.138934427006412
0.173899232171089
0.008615906731991
-0.107525153498535
-0.086932488211298
0.233216436164635
-0.133430235945972
-0.734926804027108
0.133513686756494
-0.095772261313412
0.378380709008229
-0.216644885660897
-0.422639794073195
-0.090608245039684
0.340855682477216
0.244044879494080
-0.557737822091234
0.426092128301949
0.052416762375291
0.069071203131897
0.271850281610103
-0.416995950604063
0.045578444345016
0.002918546543289
0.595930726191684
-0.118262176848774
-0.021290828705368
0.164065839191797
0.529989218874133
0.538369242024876
-0.105216734072198
0.185148151451009
0.013905016652032
0.314247181305722
-0.028123598293874
0.327484436404498
-0.118774610919935
-0.026511594734191
0.029357558412275
-0.073653667303988
-0.308981349410454
0.166533558088927
0.757794714994029
-0.136927000310167
-0.083503921608387
0.436026784577843
0.049415531424523
-0.150397419930530
-0.095720656118942
-0.218793441841539
0.236143538920700
-0.053793145095348
0.676085016090195
-0.442540205507373
0.124563443350943
-0.070828542909410
0.434746695058816
0.255380671600399
0.136022960353203
0.265988012789067
0.022068684520013
0.346651978704144
-0.178063011281991
-0.388715203266787
-0.227009886525527
0.162750998094076
0.434056165411222
0.465580356412952
-0.185031636564779
-0.134101340735180
-0.461533558319120
0.146843478460760
0.348149981383048
-0.356913259302291
-0.189236391802551
0.145133282860024
0.210471867681740
-0.330036965668334
0.326225560421048
0.059638994729485
0.139687727982046
0.186076509636874
-0.114854613455948
0.223266215943768
0.344432135860776
-0.172527453438493
-0.015460382498116
0.319751297686080
-0.201430565279537
0.148463556602584
0.048260532687530
-0.315264687021824
0.009835825886363
0.201830366712052
-0.536654976986822
-0.281847883692634
-0.333292670169877
-0.521891640602404
-0.132547217548599
0.731760332847282
0.274719748693205
-0.252383127806227
-0.269349630336404
-0.103758992427565
0.003455910628594
0.073388734261736
-0.123624399894678
-0.071649001468028
0.592893492292728
0.432702932582523
-0.226617405319339
0.001429271344164
-0.379475302510158
-0.219431468777140
-0.350602243987402
0.052028913561033
0.210286977286224
0.124769974687958
0.000300771990733
0.147054098258550
0.167161140485952
0.275761915397516
0.360704034060397
-0.139584235489256
-0.278479173531205
-0.097398003405107
0.214735462401991
0.010323223538068
0.071586062838995
-0.234230780947985
0.111683335393429
0.336503862844808
-0.078324562678578
0.398443652035996
0.139977043950662
-0.199053230461077
0.140867228049638
-0.281103145303071
0.371391816778435
0.049852774442248
0.361069609603835
-0.187701486569400
-0.019837390706375
0.722435772124061
0.083083075666899
-0.117854378841319
-0.022100751000585
-0.453190779306112
0.284510161627036
0.091810131001016
-0.103059516612544
-0.020954962997986
-0.387959301610630
0.366303242275558
-0.194114995395044
0.101455136983673
0.157629422293609
-0.235232962204778
