-0.105063468186549
-0.028475430527559
0.110276092563298
0.318668585851291
0.610083829123179
-0.236434939597571
0.216476395802611
-0.385257024046739
-0.039549343103661
-0.060451735690120
0.025045673378844
0.675506264291853
0.488903650966034
-0.297271120833873
0.551952815379895
0.404948015973434
-0.106763873121430
0.233344137876753
-0.274052495346957
0.035374664240243
-0.148928080115960
0.126856848695043
0.480314645949386
0.580415770660998
-0.389291415434790
-0.087153056836095
0.670858247606986
-0.013735437155292
0.264459584027463
0.423515887391137
-0.034101792955097
0.060448244816151
0.125569186736440
0.805539271108515
0.144550145235498
0.321755576437839
0.221018119395887
0.302181603695079
0.343680025615255
-0.191005188177387
-0.199503904792310
0.480510671272856
0.129678457737828
0.050478427466627
0.807414666893935
0.059495010383117
0.051399802863291
-0.125941713766716
-0.108948385471695
0.553459647291447
-0.201107893902230
0.362102095002675
-0.127942898087577
0.099109477684422
-0.108224972144585
0.369760273641771
0.114436053443879
-0.014247746329013
0.739248133900850
0.064478622705636
-0.150464054855346
0.630248541979273
0.036561931215172
0.309892131595946
-0.145095915903969
0.008921368553015
-0.085010085448790
0.627312780195692
-0.072221610451240
-0.147560230089569
-0.023487309547507
-0.142454307415976
0.673050447269875
0.369687908392260
0.090650245414666
0.315398754228223
-0.199388646047051
0.325508864720417
0.244068334731882
0.039208803841587
0.601792898736332
-0.247540480077616
-0.268778726298555
0.159602080928662
0.593073868516019
-0.015328494468704
0.291306046298680
0.070568286765016
0.189391222079565
-0.460518154375754
0.031903079289149
0.269697297032531
0.065784669271996
0.118785248126214
-0.177128432488144
0.823202100452128
0.072454046399996
-0.126637026949425
-0.190098671866419
0.327922168948055
0.429259117583565
0.567401646650882
-0.019152667716883
0.383829656850958
0.199634423466128
0.637101711399836
-0.021636780003764
0.025950246256292
0.249689948089934
0.173285949388402
-0.032845745412311
0.645793291876205
-0.232702593301812
-0.537456444022922
-0.474744522863082
0.529064429820688
0.140624757646307
0.027816113709300
0.366623787725345
0.066502937035345
0.390773589966015
0.111524731774792
0.545807424051241
-0.143966687301838
-0.203312275703342
0.128205257300344
0.130944176679500
0.372557172408077
-0.351460061367843
-0.305243518620189
0.070755750919273
0.551401601802413
0.877493632537682
-0.197438867356663
-0.255572464022155
-0.016905706715408
0.207273471239239
0.184327218567825
-0.012185420299077
0.183757826430472
0.134563534621155
-0.379224851090059
0.679652103158173
-0.209959943769251
0.296735919076320
0.498541100268420
-0.415687676034639
0.407860796187375
0.470198963755072
0.079957481931521
-0.342921714611838
-0.009565498258499
-0.367832749529932
0.566624433711818
0.056883569437555
0.103274289694223
0.189058440853871
-0.153174986133581
0.295188229249195
0.143435567837366
0.296987012113995
0.581334092210642
-0.031637415163226
0.633834719452716
-0.215073124807652
-0.232819731641995
0.052433965942882
0.145594104304478
0.128560191803033
-0.205889459541183
-0.555627776880206
-0.254410438611751
0.694793127289640
0.056553177892196
-0.074369069350465
-0.099190733290408
0.368619193728702
0.643024688165653
-0.100069172110526
0.062601182489926
0.332617219541826
0.097603190961301
0.248302818805104
0.496104054459786
0.568456509356116
-0.183576499192381
-0.024796314013581
-0.321443167089321
0.273072841610508
-0.049308903698617
0.636601181311312
0.053323273110227
-0.060797561030029
0.068304248815738
-0.208166796730441
0.131920698921558
0.505375013882148
-0.262258867531180
-0.226706382193390
-0.419344302254370
0.113172967411990
0.162769116681094
0.641230959095300
-0.049874525270571
0.560497106927317
-0.077959448408432
0.152474522080462
-0.004839865829612
0.303053629410146
-0.298823428688789
0.479641202720054
0.364822613525330
0.124523014857393
-0.410803340467862
0.384613419220785
0.241219994914683
0.300583289334077
-0.506559885349501
-0.178191754457311
0.550550677919753
0.388045322455580
-0.078076900139127
-0.125539092344260
0.224425139738427
0.724766024287022
-0.302701809736764
0.185220978837118
-0.384979993853858
0.005956397565449
-0.180641066472078
0.151641796594143
0.230248211253135
-0.378424698667980
0.611828506343624
-0.089529462831209
0.706585660449689
0.352889987031307
0.032957922341100
0.054513825855023
0.366255851610361
0.404607557056457
0.788076536735935
0.208657953619624
-0.025216943065574
0.060178531994752
-0.254535776091585
-0.561638585552010
-0.206654496853388
0.018354471335796
0.294820068277146
0.000000000000000
0.030607727157340
0.074035748573135
0.159611497973391
0.324980792408586
0.112434414978899
0.439715019398125
0.000000000000000
0.186138457211740
0.311975105313235
0.000000000000000
0.019498771784982
-0.036242024323626
0.066712858143991
-0.472127294537198
-0.000496552591185
-0.094158799178059
-0.260422781730072
0.134895034573091
-0.000000000000000
0.244750584156141
-0.261001616427515
0.000000000000000
-0.047565857481480
-0.102910478776194
0.020850415286418
-0.164198215487461
0.105495635724246
0.407049800565046
0.000000000000000
0.026891410414590
-0.039968397309585
-0.338164077577854
0.001549041544767
0.276698393338745
-0.384767324493516
0.309161408275669
0.000000000000000
-0.477031808875873
-0.124211378236279
-0.000000000000000
-0.086939165075393
-0.229217142419384
0.059894410563611
0.288370321543791
0.000000000000000
0.077186606897156
0.106390002616179
0.435764037494777
0.440152176557277
0.312749914768813
-0.174640854045991
0.161295077111335
0.316536674290543
-0.000000000000000
-0.181926593477737
-0.281645537389397
-0.000000000000000
0.167555560614170
0.104342992590526
0.413798049710570
-0.414885115652811
0.376585529314958
-0.000000000000000
-0.435184608009404
0.227230345840100
0.138595813955334
-0.386487207536627
0.000000000000000
-0.245703429605621
0.064748531274668
0.294797384760380
-0.062800607904649
-0.038939561308882
-0.009941896066207
0.097700012203015
0.000000000000000
0.517504491499200
-0.073696414608366
-0.367234684580197
0.000000000000000
-0.260550902462049
-0.320091234243193
-0.235189161148351
0.096085099475485
-0.274502939232368
0.118387270485610
-0.024014819762859
-0.417516230383385
-0.047176377852040
0.087373641305696
-0.000000000000000
0.431567757770041
0.147994517374465
-0.041819396274809
-0.094750752273933
-0.331595127076868
-0.000000000000000
0.377953168902784
0.174099503157965
-0.384819729879745
-0.000000000000000
-0.284809660628770
-0.055244080536774
-0.035277831984535
-0.034603927909158
0.261448179118661
-0.000000000000000
-0.105363334100217
-0.254146856755713
0.114107661296355
-0.000000000000000
-0.369490854518665
-0.323519092394206
-0.012002521868203
0.284554129280201
0.328793345223556
-0.411913050093340
-0.000000000000000
-0.261578198794352
-0.095698337433347
0.321083889913367
-0.221400237454531
-0.202764069413843
0.385115242420140
0.274859578252951
0.065681215232287
-0.000000000000000
-0.000000000000000
0.085307438790069
-0.002105465049517
-0.165806003890231
0.065586352473193
0.096984138855500
-0.335003893478906
-0.003894474288977
0.127160044127363
-0.411950572883413
-0.000000000000000
0.006313320148253
-0.196759769507014
0.000000000000000
-0.035125358110856
-0.064459197254630
-0.080653187144566
-0.214870904917529
0.288842434912046
-0.474333014517875
0.002185107956489
-0.000000000000000
-0.171276120518262
-0.272553946911158
-0.333946827826336
-0.041552199770602
-0.114159141100747
0.369391690739718
-0.379742366375616
0.000000000000000
0.238840540071131
-0.000000000000000
0.276308087651968
-0.484603988149794
0.098090644997342
-0.308205157450274
-0.054584515704707
-0.219932220833205
-0.169297996268602
0.035320139341486
-0.000000000000000
-0.020980544804917
0.053341929573579
-0.506362372256404
-0.207382266038408
-0.000000000000000
0.078058827519309
0.336136928665716
0.123103914249656
0.050612943629930
-0.018913643650548
-0.198194718030712
-0.000000000000000
0.397325596554616
-0.158276886996725
0.341914911235144
-0.514984845155049
-0.050607662091976
-0.000000000000000
0.035027805347867
0.499115019820083
0.156965289092001
-0.254245299041992
-0.380394577393603
0.000000000000000
-0.351601294453372
0.158858321456263
0.102314654959416
0.489111459437550
-0.171593753986635
0.000000000000000
-0.124134460536291
0.000000000000000
0.414887752932597
-0.001703889599650
0.507617172147309
-0.212930333669045
0.014394383786475
0.000000000000000
-0.030688667487574
-0.360033951913165
0.002665397811652
-0.212686467531460
-0.265819421214584
-0.087150495893720
0.024407396115891
-0.179356606484341
0.000000000000000
-0.078857907118881
-0.339020577655566
0.274828747380623
0.077609016458382
0.000000000000000
0.120988416885666
0.194349910682063
0.021877524400112
0.059344824366570
-0.378592640757509
0.306938345795130
-0.135857349029564
-0.338026502239171
-0.000000000000000
-0.100024651972137
0.000000000000000
0.142336689042137
0.019666130762748
-0.426015956223857
-0.133594499833345
-0.123148362801031
-0.000000000000000
-0.025835404566628
-0.136457739602499
0.157598804595120
0.208213973768044
