0.048358199943736
0.158975001544781
-0.225562152434984
-0.344150203119429
-0.184607255738433
0.505014654365132
-0.090174206071865
0.002744603548712
-0.209889581308219
-0.540653592847658
-0.405804193390282
-0.028312014174972
0.096455600645444
-0.385136537838150
-0.221869760203462
-0.264488815505684
-0.312017503489014
0.039989316725361
-0.071426460526277
0.099175008809050
-0.444606447868954
0.036166429072214
0.399496600729341
-0.093040104281566
0.281506480222522
-0.059148195908683
-0.494800876019342
-0.226282328345155
-0.433075032053837
0.205279470242516
-0.025590665550282
0.285384167169617
0.097167574362512
0.246670343477500
-0.472720610596483
-0.062957726949602
0.138953760144613
0.242715387258167
0.372425889868089
0.464552473924658
-0.143721673123796
-0.186034712415163
-0.493853239889614
0.228191214299349
0.310672963674851
0.469628809098988
-0.353751786585658
-0.165359470943605
-0.201913574681317
-0.037467062850802
0.027325762471924
-0.534022780442810
-0.033016210949807
-0.105452583894875
-0.130550251740669
-0.597595122281768
0.342979660955232
-0.036319260926735
0.043370417455212
-0.209190312238029
0.602704585829457
0.238497469017572
-0.173525819851786
0.218108223552437
-0.190565821839655
0.210208784916583
-0.121080733485378
-0.103288674853885
0.112538578492513
-0.165948092956066
0.092869665883815
-0.254020864564781
-0.081674888745772
-0.414386428720354
0.506760440542010
-0.012189092184777
-0.504584324950638
-0.132610685037592
0.372074609613718
-0.003967706402368
-0.416687368797510
0.441565615554523
-0.375078037713154
-0.303533543342272
-0.316874078383075
-0.174287318625349
0.253929043112945
0.298397913480525
-0.259728112045757
0.283001721042495
-0.301298034329478
-0.278652974427968
0.542657205408885
0.326722647109134
0.005121889686149
0.119906733373737
0.309660115145549
0.392438649533842
-0.210621376329615
-0.433272446550503
0.055564250218974
-0.214380796974706
0.196068838161817
0.189601463879023
0.317155511516972
-0.558462090936635
-0.052147038566118
0.452574599082084
-0.492803504080860
-0.588548362959311
-0.048573669288428
-0.158087112173601
0.300740605568222
0.076655615209924
0.322632062934340
-0.151250467651020
0.347383173707673
0.146196064359656
0.284688833232758
-0.258345580624962
-0.382639057501574
0.161925347163229
-0.487015206664775
-0.432060801799233
0.213341849588156
0.104829860785781
0.723746167962258
-0.239054882661681
-0.230469619491933
0.242566536191038
-0.130711512096090
-0.253755503510673
-0.157680763105156
-0.275528523868390
-0.185370653402940
-0.006313181606194
0.551697137953083
-0.403368485369169
-0.051926758256051
0.504565424488994
0.460864837367263
0.272556992141373
0.050561346484445
0.393964234165677
-0.011420146049482
0.015669936072183
0.259735274313099
-0.513273012217562
0.129481263730769
-0.558573467353099
0.240665455434999
-0.255019747388397
0.497890589055899
0.017891395522607
0.184159100011111
0.396871044101710
0.353266684027890
0.123309241177820
0.240125733641567
0.324030963338652
-0.001787094891811
0.103374993991685
-0.362863742259120
-0.222013093523491
0.020339858252173
0.219809254914867
-0.152147801564107
-0.082857077336647
0.037851931704114
-0.634116378828367
0.136972179082406
0.154555935465391
0.384611055184004
0.393755098926041
0.162946958597950
0.378110715509715
0.121482813964338
-0.119705119774608
0.218123426832072
-0.105298023852593
-0.128840301409512
-0.612863898556523
-0.080514683201161
-0.033483224338097
-0.572949825657295
0.034379345671994
0.372692193589183
0.104910787383982
-0.144366351394423
-0.253736711152850
0.545250362396543
0.335984372016570
-0.028701820109502
0.505578438450755
-0.129372557103472
-0.328160481069794
-0.038724933657538
-0.424672713230271
0.147613437060255
-0.018381011920341
-0.504495144332660
0.291239204936422
0.092857447327386
0.392773658373671
0.054464545490807
-0.104943988938900
0.068937847215998
-0.291059800319256
0.130615595691287
-0.182316560541267
0.405900996586376
0.221620303890947
-0.210152878429448
0.251623913636628
0.085423243994356
0.380137618265869
0.303408081581559
-0.143319579067530
0.072342497950266
0.202150208446084
0.303656747820560
-0.210559450944618
0.285234412154787
0.240971555473344
0.615162983751234
0.170247059097378
-0.041066159826369
-0.084225239070530
-0.352712484444536
-0.305029581823112
0.190309430067559
-0.144905749744907
-0.306801273718689
0.669149679018958
-0.313312455709138
0.265152126514472
-0.243913828638147
0.129311665094638
-0.247755419566992
0.536460845484124
-0.173764282517379
0.004199364323617
-0.201476825802041
-0.373989902028850
-0.497862801370979
0.064565818857804
-0.310103498561523
0.083050848961386
0.146506040632637
-0.013593120013765
0.599330737463135
0.173330313026929
-0.250066136974671
0.028694502629817
0.217687331014689
-0.305262151852696
-0.530963842482255
0.064581093099313
-0.146891172196150
-0.434206467578082
-0.110452002621703
0.543633342289002
0.009166780429986
-0.326034375211338
0.516818242520254
-0.488042660367909
-0.195389056088305
0.196877850602756
-0.145135794432678
0.120568549064632
-0.155245174197665
0.209759513896508
0.221011729801365
-0.013439174756851
0.064561864692535
-0.519841515184104
0.082569317647230
-0.029347663174093
0.582001429019059
-0.299619233521705
-0.326393439099634
0.278344651335835
0.044190017212227
0.403027694853240
0.268848554906835
0.134079791829886
-0.133146039118512
-0.489527661201915
0.340827614985213
-0.236324565537934
0.025589959314443
0.228807763920790
-0.097196667338625
0.004118607348690
0.051904765723812
0.160328668681772
-0.044794441529034
-0.722349206028304
0.321880692970448
-0.062356218164259
-0.124979476518964
0.327054168147665
-0.066621747743225
-0.373936085836844
-0.073209021818559
0.434776347465092
-0.134128102910537
-0.472727912111689
0.017366280531075
-0.406953353977775
-0.117316558652399
-0.023299026143806
0.447505156898980
-0.460788992046147
0.220665165868134
-0.518654134197591
-0.244734620096831
0.266717469771294
0.159448438008462
0.106171489151935
-0.100566423168763
0.306485038229712
-0.263251707901018
-0.287094256420426
0.217530429682679
0.013333281700125
0.323230566816540
-0.158374059874098
0.284068356311627
-0.048658013324012
-0.147449178612210
-0.207129650537096
0.612892493625511
0.068384203229506
0.214868544943581
-0.277522534228431
-0.450006039041869
0.061570770889353
-0.158095238587583
0.417083986451345
0.056428704960728
0.086659536170728
-0.369941905911129
-0.252896252114334
-0.218454497694788
-0.011526753817419
0.407016714219504
-0.233748289760648
0.047467495330091
0.267520128118898
0.375665410976344
-0.034421050908268
-0.062016378486164
-0.292612654751146
0.231830148385104
-0.081718113745690
-0.202760384782066
-0.324941935614734
-0.237349581972937
-0.153709701138527
-0.593607562814987
0.007437956319063
-0.241990011934201
-0.149200872455805
0.222195495882948
-0.317139010787419
-0.090380468149889
-0.111433278328541
-0.141149582740271
-0.127686675815825
-0.163037560477446
-0.513428474659381
-0.250410588749589
-0.054957264142050
-0.246634887637484
0.250837804275962
0.059894037335081
0.180418100778581
-0.010967737855497
-0.033525026240188
0.056068980384594
-0.263205467363028
0.561539075966166
-0.093550018469535
0.156179165128229
-0.234092002409173
-0.258088755462029
-0.114027936432007
0.140344057775241
-0.346077645323556
-0.167805175691379
-0.294123172251965
-0.073822700333871
0.074828156233222
-0.458039477042972
0.066531913110252
0.033674415554877
-0.161138316113110
0.021304710699241
-0.566060002373952
-0.223659907871254
-0.198513556155437
-0.091998362320902
0.231858981132002
-0.649928223574222
0.095419682110214
-0.366053469106852
-0.242739418239526
-0.370821969827876
-0.124611304058696
-0.169242665198211
-0.029691117472766
-0.191514454889635
-0.721842562249028
-0.237381099286326
0.157705728015305
0.133203937509056
-0.054065380178798
0.385337243033905
-0.021770726209845
0.395843745014675
-0.444166971206828
0.183201636576959
-0.120766683113373
0.583540281211106
0.009188176224147
0.341030086473057
0.062913515521423
0.251573871616001
-0.180467199054546
0.233084143221916
0.017180365978389
0.348622305378705
0.066366488594354
-0.084586470535572
0.032956830315942
-0.327738426847067
-0.336290521548536
-0.360952886959902
0.378865297551758
0.177632180358741
-0.211637105250371
0.048358281490345
0.291179798199294
-0.162122416529160
-0.427366903134694
-0.449016162214149
0.144812431361893
0.210072944758430
-0.000435952152545
-0.352610436382264
0.197427065881034
-0.236396981479868
0.302425254287134
0.452131376514337
0.575476725110372
-0.195556321779790
0.615033971969107
0.086094900489560
-0.115316187308132
-0.295079058406162
0.050570632708258
0.710094641753213
0.178062456070858
0.337927089940087
-0.198178504447153
0.001349413667475
-0.123896289118055
0.049881183034020
-0.540017241125106
0.078566374420035
0.133238003996902
-0.351535399207414
0.052680457091064
0.006837808128201
0.236893724434188
-0.148298310019176
-0.022188411297538
0.077072560075302
-0.314415173613029
0.116687644234993
-0.389467768570485
-0.059301518772058
-0.440203641684933
0.124239906527736
0.167656154022996
0.451190256925890
-0.075254257204674
-0.493808077580649
-0.025753595814704
0.286531525654160
0.038013626565804
