0.188935676747772
0.052453647539296
0.677548562795430
0.167599482440029
-0.137178801802004
0.327138740337667
-0.048798140741910
0.695853935940863
-0.526284752715734
0.094378164019616
-0.326178199136544
0.054629216969984
0.241537357597690
-0.233520854024300
0.119662857913264
-0.201495322456394
0.091294018594651
-0.008065917235268
-0.012109448281567
0.585694561901933
0.187455723136531
-0.399147419228658
-0.265235304977357
0.311892343424274
0.117252428490631
0.128034545826729
-0.106951872707564
0.104902939005357
-0.145195481245230
0.373598801779620
-0.028893714476240
-0.277975491278704
-0.142028095870416
-0.103228082684729
0.472166326856586
-0.185347475829532
-0.150161862256608
0.045282381299190
0.115826263729507
0.772878064128451
0.050346074438004
-0.134788983654825
-0.242218891524574
0.408641012908580
-0.183748852159857
-0.078147622767691
-0.346748292365099
-0.186577730735123
-0.452065197783212
-0.284828845412593
0.204190896420073
-0.347405144072407
-0.102039874399968
0.464203491357749
0.212353765845831
-0.103650654432578
-0.361322728467430
-0.130124461364622
0.010365886754304
0.063186129246897
0.293598354176758
0.355662289693180
0.034563441385463
0.011299171255365
0.163063054961845
0.165444432614567
0.137129512137005
0.104981034698626
-0.145271187497623
-0.661982007266021
-0.215658949311443
-0.337422886694879
-0.354007389146408
0.056013818589338
0.320446949006479
0.228827277131046
-0.460629281645014
0.167055009013635
0.286953896858149
-0.225895671962768
0.217633208913862
0.448391153820471
0.118630823167492
-0.265853482644051
0.179457334461523
-0.117578315090605
0.314305499593310
-0.464015607944110
0.303311286003371
-0.554971675665759
-0.249363224765625
-0.289672499418234
-0.520760881598460
0.148240749363946
0.079820982411172
-0.110041024858080
0.096221032585981
0.134238621846093
0.094040500295538
-0.461903160543596
-0.376497741418778
-0.050361920368554
-0.283228864472789
0.462543675170914
0.279959382010690
0.311866836728478
-0.132218933492550
0.099390455137066
0.085659304679291
-0.052287201254636
-0.478301952911520
0.301486265751086
-0.069938296777730
-0.120827285242858
-0.119093744390309
-0.010568192905259
0.161630006618563
0.227010731808735
-0.003955272023602
0.472219791684491
0.105564647759399
0.196241355242481
-0.093538392912902
0.185578573425132
-0.000163138140227
-0.016715386053086
-0.071769029133409
-0.188340156261004
0.144489698310448
-0.071565204906347
-0.463892025801068
-0.222334431722613
0.405164124208194
0.201231338695162
-0.000802969436070
0.174610742488104
0.385649857918677
-0.114448456976255
0.582394933964852
0.481142606373207
-0.049891181050601
0.013743870445054
-0.121304166278921
0.041259172952706
-0.159296166200947
0.070685350167149
-0.218724740659563
0.073395058024347
-0.642899605578035
0.042083910368278
-0.340983346570198
0.383476692601890
-0.240730024151492
0.199576708622079
0.306479831772174
-0.030328023508726
-0.336352848211082
0.252283591495983
0.153441101905509
-0.004205317320569
-0.321083813457484
-0.097395020906040
-0.290206656858277
0.324253234728769
0.504227198596372
-0.152725784427683
0.004260857464951
-0.369415973007805
0.276722957708334
0.196993609006055
0.706544196326834
0.275357183646675
0.200241712052490
0.012374629790266
0.248022525667664
-0.176114605728482
-0.486062308271588
0.035840852997079
0.038669996575960
-0.255917337166851
0.320102513311549
0.504239834508989
0.054737843883899
-0.117080867832241
0.262256818788544
-0.020966294290523
0.042336259628612
-0.210599674369290
0.498393450047370
0.362088168451096
-0.233733327860853
-0.259149420317904
0.259718175445622
0.121026537927813
0.284813194289859
0.505431714907035
-0.252537516456664
0.116748788285450
-0.071479271712890
0.346694356841406
0.168043580933294
0.003755189671334
0.119088845111927
0.112579115196520
-0.076974071002361
-0.164798226457461
0.040118380634234
-0.479575392817059
0.441484363883723
0.540772878237543
0.350998228621942
-0.495352464156324
-0.344392422940638
-0.450107830057669
0.054620909730502
-0.029052457455583
0.174073512364205
0.600755076371398
0.154939377054764
0.047031381280559
-0.466473594229038
0.093681327462674
-0.485101997142824
0.080144912626593
0.516235921638464
-0.224980209850294
-0.199557068701284
-0.092352559653187
-0.036907786613550
-0.002979540692531
0.253814270607101
-0.369610889757456
-0.349870324153876
0.289106928105724
0.079703512710026
0.429701952989263
0.300869226428903
0.116692059704914
0.170024599671925
-0.048432971880866
0.312140498924586
-0.264608281251845
-0.073265350568321
0.386709808155109
0.024036823008884
-0.111050725346344
-0.183723476457714
-0.726292901777088
0.041531594215386
0.434253127065594
-0.214236424556156
-0.038540437811414
0.131571994190485
0.190636778829953
0.023035838338625
0.048689520786288
-0.523598850241761
-0.133573418025595
-0.262919860516249
0.092070861964179
-0.117290603098953
-0.000462560719039
-0.158945450203862
-0.039009501628449
-0.331419644646663
-0.101453959505469
0.231417994068656
0.286997208488152
0.626423453237196
-0.418746437658018
-0.070073349579063
0.051495238899002
0.214630389410341
-0.169575309037620
-0.224412515406353
-0.402474011085219
-0.782267141374594
-0.059008075952597
-0.140592055113341
0.310909032240650
0.132543088912167
-0.193224855349870
0.180929032877295
0.152959617123726
-0.452671579340328
-0.131533655642954
0.256178706223811
-0.538330646709665
-0.119267527977632
-0.283266692757998
0.287059137445289
-0.041530613331930
0.241501001441436
0.327149296152812
0.615929198435786
0.006485060979100
0.218156540846138
0.223496312312071
-0.239249338676740
-0.212678758198869
0.167592875397938
-0.053105669661060
0.337807325052025
-0.008141773584336
-0.107791510328884
-0.411730058460496
0.435043614223327
0.386295228268135
0.414871137926892
-0.167645720237904
-0.112564413518430
-0.491116224969191
-0.156918980341663
0.379173367571008
-0.132255040659947
0.133425976800261
0.182635264775590
-0.703544656091899
0.035735043294295
-0.293651112115090
0.346737097019157
0.215435384823904
0.138835077438629
0.277606608951538
0.355984850483713
0.275217456847735
0.210303217081954
-0.464498043774665
-0.044961587654023
-0.109220222702308
-0.379415442361256
-0.240089655977161
-0.425319769982328
0.144606591844782
-0.314500679139879
-0.176467131355388
0.128185306992952
-0.303843537299085
0.008888059476267
-0.040264339592395
-0.294657568185985
-0.206409813742361
-0.154524471765914
0.574775261958012
0.115923818082239
0.317538865361488
0.173788556676084
-0.208672120984988
-0.382928992597614
0.092579652232312
-0.293618347970960
-0.350590595266166
-0.354040115746142
0.341410279384205
-0.527375956846797
-0.007677983919501
-0.035957985280807
-0.436766933130608
-0.176090806580540
0.039819800032683
0.259063213918626
-0.121826040637381
0.529479138723877
-0.481040963497854
-0.106132476344830
0.214016833148572
0.714189933851872
-0.381745936260452
0.140397804152434
-0.052499353424063
-0.078397069716012
-0.025072666134594
0.364379746496210
0.179330042378704
0.224758431196878
0.176471850712357
0.335001953926247
0.740310966857386
0.246032118122445
-0.453128976416796
0.222182755374283
-0.349979031834977
-0.423973077821844
-0.226469836292888
-0.251655025894991
-0.450349501803576
0.548269672084904
-0.018601089822236
-0.164149211066043
0.094861157568584
-0.302949281268392
-0.101803848343769
0.011083681292390
-0.508298041682603
0.168331037153572
-0.145792706938578
-0.056772116993746
0.255588934414743
0.144145278666334
0.058246036693156
0.170362380206244
-0.616090438342579
0.214433710973976
0.063924318614959
-0.324174714180385
-0.424540160798896
0.338399412491860
0.306820158097666
-0.387519852431635
-0.074627107825129
-0.139245996072154
0.375575989096502
-0.607122183827694
-0.047878291512119
-0.072292928103773
0.464072887930153
-0.102347573727985
-0.194738053652942
-0.201266109318723
-0.295105899831821
0.065707250163852
0.341307388981225
-0.022937570675511
-0.075230852299321
0.377214549720154
0.007547299303204
0.080489309929013
-0.412503381955929
0.117650834016274
0.110822089829413
0.042561245254126
-0.631162422021877
0.414918815419766
0.078028860257387
-0.202223074307329
-0.009296870081931
-0.511725821963292
-0.276159623662043
0.297241025897505
-0.028698643677261
-0.429297800994028
-0.144685591693819
-0.063535983140904
0.392579510072174
-0.091154315175366
-0.229106646258034
0.433761715159677
-0.044471832594868
0.005447599701600
-0.502949485824283
-0.425695045055541
0.043399114237095
0.610948716365661
-0.023495117078421
0.483797543785855
0.169158527626705
-0.001469756004274
-0.206654685108230
-0.132296086843584
0.084585920063661
0.379128260689718
0.192008218880527
-0.275684328988994
0.032828311823577
0.138216952208805
-0.153397420721584
-0.114923230838705
0.416501981004585
0.001358248304094
0.144097572557853
-0.137023847820247
0.261559373749057
0.477740571824199
0.141452938470304
0.298822781323565
-0.007689715628541
-0.021425542506247
0.249837551602508
0.447621186003187
0.200470536999972
0.414511420802999
-0.169450383916604
-0.161298575100377
0.490347400997329
-0.322147620461890
0.144336205721434
0.147203179971172
0.236132675422207
-0.124587967785614
0.638220172835342
-0.243190335804500
0.337926070960322
0.329251201647861
-0.337178667854798
0.148064139010311
0.265206093411283
-0.550300068398571
0.218048646592402
0.123557978118729
-0.135723059687886
-0.028338214648825
0.034235127513646
-0.057720185311755
-0.402575460433541
