0.417419871476805
-0.374377947654326
0.313961957483643
0.488176144705338
0.337680564788027
-0.149480376253732
0.615536186075311
0.230594246659039
0.270280230928515
0.331080289101715
-0.001007322872775
0.146891584276672
0.304163641205876
-0.002291498703845
0.664649521770251
0.208718405817842
-0.537486338285380
0.077141022671838
0.028070499201794
0.186373239402300
0.622557875204122
-0.183145446711574
-0.184946843651237
-0.378496151175985
-0.109255953158758
0.234957047033157
0.404728843199303
0.670102362418846
-0.056559879077686
-0.058054601033882
0.127521790855308
0.576062927974143
0.323620887592334
0.477033712972225
0.078911429542874
-0.064052532497834
0.316617942545337
0.012510324036979
0.553699193824390
-0.461589441381468
0.176994755789735
0.312772789156520
-0.223975885165146
0.370189224264132
-0.106949335342226
0.668617401253682
-0.089128257674354
0.299586578976870
0.229127602562325
-0.231103520877524
0.656567461798286
0.294990139470562
0.251703315635006
0.400892552720901
-0.378321961479259
-0.035444616658452
0.379715639506155
0.560750545556771
0.497548544852390
-0.200969259338765
-0.485570801774260
0.054048180435743
-0.395553279022908
-0.008628479027287
-0.135885171885189
0.581519127190646
0.104377311406773
-0.591707864950839
-0.229807080862545
0.150198995452107
0.678121936315204
0.075964870597028
0.578261179026490
-0.249674316112805
-0.321934824441719
0.033071691738798
-0.212941501992028
0.007583236668635
0.582325871754586
0.247691843701205
-0.019723505064215
-0.241205675303974
0.061147548218360
-0.297512162455668
0.178591884947069
0.809954634206790
-0.217703147431747
0.128647779266308
-0.020694877610507
-0.175145245621671
-0.281696311395062
-0.101566239910421
-0.026145336029690
0.411528264046277
0.514861341015136
0.571425579991483
0.797201877364170
-0.093889896329468
-0.106735754268729
-0.001849584022088
0.324383637136184
0.354910696049489
0.183694265428354
-0.018002981263692
-0.006574315772643
0.626472179703924
-0.357182940839766
-0.346124032474896
0.017611710601723
-0.463844696174699
0.167805743135370
0.638306553544217
-0.134490375580995
-0.175329759798437
-0.226436735519022
-0.430056743561271
0.534835288411290
-0.214590219512813
-0.116670981965510
-0.293595987521902
-0.214378114300807
0.201304038210983
0.353546044785102
-0.007189282587169
0.253167520551612
0.637747374937369
0.588599002664563
0.142900220246574
-0.323998260263662
-0.267340714365339
0.092996875974977
-0.323868425908677
0.330988354335197
-0.186202862013105
0.021412400674787
-0.208714691100470
-0.146797910539922
0.685989855666569
-0.161165921952842
0.375197566293696
0.162474362977437
-0.085316614111747
-0.103255175493712
0.735820120784793
0.231048225566591
0.283563836056174
-0.119216738402150
-0.118730007422960
0.805493561457808
0.100617056934967
0.080564552498765
0.028914267060745
0.301335464622579
-0.047389213486405
0.757746863893224
-0.347836388029593
-0.095063925387162
-0.226475439000769
0.134782091979170
-0.159978447112265
-0.380222242484704
0.619853243390243
-0.385321074242274
0.645669414160370
-0.006132786828789
0.038111682389004
0.462945270850861
0.024518067949450
0.556947544281020
-0.057619941121033
0.322763256609310
-0.307642560721049
0.423681820951459
-0.061577603838379
0.118766447345949
-0.041710789662706
-0.189378403888203
0.682971013403165
-0.367688964638229
0.317747681752313
-0.166064691402954
-0.341486510109275
0.093260316046611
0.608040150969664
-0.131191362448175
-0.021792981443491
0.244238393630974
0.342752848572140
0.003472460713349
0.431658561336137
0.534391894316156
-0.053976238832974
-0.115028853160082
0.565669835820145
0.033221267865665
-0.277396732983703
0.057711056056848
-0.017957956443255
0.767078539310014
0.148689116063820
-0.011869256366256
0.205957662358961
-0.328741771183832
-0.136650945110547
-0.260350976984520
-0.248560243752851
0.740041470426776
0.153438711421099
-0.053982245439389
0.077927349405431
0.361746438989222
0.417681300018401
-0.067245502492691
0.233643177603745
-0.199649128760745
0.655183830755265
-0.155565063651009
0.005410826815873
-0.498263315268278
0.589999299741677
0.058320537383161
-0.112615021736570
-0.266449912425993
-0.006991318805355
0.583209968063367
-0.144536774622505
-0.313874875820685
0.235230897549380
-0.098689651453190
0.570046740722681
-0.313038768838151
0.273366747634359
-0.193425284156092
-0.166043163437379
0.090253992165843
-0.565675069413601
-0.059165961445006
0.394487987551065
-0.100688106622483
0.628781986491683
0.189457734953104
0.506704833230407
0.655150108198024
-0.003974826501113
0.064014221613760
-0.175799058450184
-0.309408002892497
-0.229368371215452
0.245196524286021
-0.221252357239377
0.562253201758719
0.316079855186123
-0.122830487371942
0.139468118527198
-0.316371496220479
-0.289624398865479
0.066318940625061
0.511110609982173
0.052163545284851
-0.164842284699710
-0.136549297449180
0.000000000000000
-0.043252554528151
-0.402406124569192
-0.000000000000000
-0.058718556398913
0.338235361273940
-0.436547612444075
-0.133639381759442
-0.193425574775233
-0.179861284880592
0.101777526866720
0.000000000000000
0.081330658532746
0.278728184662937
0.017370772762203
0.303639769927570
-0.258356318759569
-0.000000000000000
0.335073868002223
-0.021138276482171
-0.306961573446159
0.241644580069475
-0.302512724892518
0.005263835897376
0.000000000000000
0.305684439258493
0.264706662775227
0.049794128647906
-0.000000000000000
-0.185895124893521
0.161135254339921
-0.242139591473933
-0.433169376091584
-0.166281469747527
-0.273734575074604
-0.000000000000000
0.161081932477596
0.349393245395685
-0.013850116565524
-0.363054959038708
0.346050983603296
0.001223379827259
-0.000000000000000
-0.056870396431992
0.042608235245871
0.029971951948686
0.170556595301114
0.000000000000000
0.064524829100947
-0.221617573403034
0.262024082214468
-0.140387000513934
0.238426048967831
0.089153835611746
0.000000000000000
-0.149274260568868
-0.047551358428087
0.291920142750865
0.010132035396121
-0.364782016513979
-0.171834539153746
0.014853010799582
-0.000000000000000
0.159053894955568
0.233402909567922
0.020064480945177
0.131142950822874
0.000000000000000
0.024899960869128
0.000000000000000
0.484912970753304
0.423185558921711
-0.018513749938244
0.122433639448358
0.153557892935192
-0.000000000000000
-0.259877555940048
-0.285184396245702
-0.199158135017461
0.486422378122483
-0.153578804236675
0.025010488657259
-0.000000000000000
0.355575261430760
-0.011020517073643
0.241291669296958
-0.177839731415270
0.008931579853899
-0.354973857714843
-0.067730327560080
0.052369178523825
-0.123559141713675
0.000000000000000
-0.000000000000000
-0.100560536176855
-0.026135665805016
0.046699258696547
0.003371404304551
0.316360370604226
-0.217051268335056
0.210791156452311
0.289086793497493
0.000000000000000
-0.054895829493844
-0.384592389244805
0.300493233742253
0.396351580071959
-0.045176922075067
0.000000000000000
0.043979200530835
0.220793643569632
0.064112004922065
0.150551108246753
0.000000000000000
0.115641478298387
0.448479334931044
0.300975881807799
0.305403185340266
0.146956072424756
0.045926175645719
-0.297117615901288
0.335263217357526
-0.000000000000000
0.000000000000000
-0.043016104138764
0.184674460784578
-0.403741518101619
-0.340867439745218
0.167310394369362
0.352803405571383
0.238577453893199
0.158921380609987
-0.207458420768460
-0.264459326968822
0.000000000000000
-0.122097752328868
-0.133355735928047
0.026302375180729
0.143429952897903
-0.439917068780994
0.000000000000000
-0.059302238458884
-0.054184488462183
0.321114981661855
0.196448603184617
0.000000000000000
-0.175486620152289
0.211258035286856
-0.186896463779638
-0.327131433967848
-0.049864619903924
0.000000000000000
0.124065928500690
-0.251361831934393
-0.276368115645596
-0.057875854194213
-0.407480090438090
0.241192181129705
0.000000000000000
0.390720638266762
-0.000000000000000
0.091200949939466
0.028517617763014
-0.053024875471660
0.231568530062954
0.000000000000000
0.506827312304596
-0.116624671124789
-0.089960963379306
0.107836733064445
-0.119055656221224
0.242272698158536
-0.141055378729019
-0.352483025961381
0.000000000000000
-0.206521710642670
-0.013935972430146
-0.533101770996352
-0.370576463809977
-0.149097707874146
-0.000000000000000
0.104783646283309
-0.070561388379170
-0.444236666042331
-0.081184956108415
-0.118288948400065
-0.302137192199087
-0.000000000000000
0.197034054078021
0.212704677206958
-0.000000000000000
-0.475378512162483
0.398541521469168
0.349162705515419
-0.181940640581206
-0.000000000000000
0.233985932174140
-0.324292114089271
0.045146722775163
-0.241252314829752
-0.004721518663484
0.078932094266241
-0.131717459011152
0.000000000000000
-0.358294357649053
0.032306153583658
-0.370466333815335
-0.060947585354374
-0.029022820507371
-0.048767810587736
0.071110230061725
0.393005382036344
0.000000000000000
-0.040312743867848
-0.004665894501299
0.197119578705063
-0.000000000000000
0.568117509899544
-0.007796116485853
0.414349258509615
-0.297737013513228
0.000000000000000
0.017265188414336
-0.072681873245360
0.384923925025158
0.093444576165929
0.000000000000000
-0.388484480813850
-0.159217410059237
0.220745619297466
0.440306542253709
-0.086493562388857
0.111834304014735
0.164556195327260
0.156271959397584
0.189081869757200
0.000000000000000
0.236647960274616
0.272875141487611
0.000000000000000
-0.068025211204274
0.000922747607511
0.328670054678622
-0.386578266938244
0.349943971875517
-0.109903735929784
-0.205634121253784
0.000000000000000
0.016733089002961
-0.457737961613564
0.260680880653031
-0.281027599636006
0.318306372035297
0.241001702172150
-0.000000000000000
