0.073092489931311
-0.266948687685560
0.536019790700238
0.213633020203118
0.358672533524104
-0.381055028359711
0.246633789795639
0.380775353087864
0.313780478372844
-0.106440221942603
-0.148004467502417
-0.559242300557665
0.436881040947566
-0.060814913263562
-0.144092140009819
-0.299295967590112
-0.015748334847033
0.198727515087245
-0.330803592190216
0.563464383583797
0.105357724472831
-0.587012321782536
-0.054876267840877
0.150209211461554
0.340734624925974
0.059457173759121
0.412068144988350
0.006335923987862
0.130703663531114
0.541223122852610
0.173194434086872
0.094602929335124
-0.156259986647454
0.495112337482648
-0.034957817958670
-0.254075556468693
-0.169792693814788
-0.068758600032864
-0.169560819260535
0.028636517942476
-0.193007593214834
0.221994868857399
-0.581788777698515
0.174324254668717
-0.032395283893677
-0.082130945286068
0.058535294118567
0.087841218506956
-0.055959127558263
0.288691296668083
0.562489374482108
0.209078015052146
-0.014549402030423
-0.009567030208390
0.007797014961551
-0.177181830391036
0.078808642627553
0.574840077075344
-0.344558112578170
0.532573962441823
0.088142459330848
-0.071364550110950
0.235149720106835
-0.223500710686068
0.436753275260459
-0.121684877391886
0.176628983224344
-0.522896365214133
-0.033011252933142
-0.058647458455525
-0.638529863163390
-0.116331124415670
0.358920808010579
0.487188628107401
0.387336002774695
-0.021563736630639
-0.233978118029938
0.228171957705028
0.105045800340053
-0.457846031243595
-0.068180214151937
-0.541756819547473
0.242118726663641
-0.143961878816122
0.405911361801110
-0.104125691440313
-0.049260445909495
0.125218075667808
0.410899388320577
0.096657628974784
-0.323734875438701
-0.461840392003985
0.602374166502220
-0.025771589991915
-0.049435965985796
-0.171745343891072
0.156030864955023
0.065693822033258
0.719895938532847
0.387755744542084
-0.142411764818630
-0.158115159484702
-0.509409769317475
-0.024835961337983
0.394656785841214
-0.299551948144410
-0.018511881108268
-0.128866974911557
0.094022892024205
-0.066989031198685
-0.110038679933579
0.020662976282133
0.100814901900089
0.138300632543281
0.218866924808620
-0.318805750054151
0.202159386534512
0.481859473236970
-0.165432096033769
-0.615747375362764
-0.241408899978413
0.396610760824741
0.143673969582830
0.138463310933255
0.056922715111174
0.698881772276085
-0.436832872266821
-0.451268599132151
0.143931407919097
0.109739236723835
-0.137587430260512
-0.357423311519163
-0.394640034899520
-0.208259600789204
0.221680124182774
-0.208663930632439
-0.534056313093674
0.461407462658260
-0.199174048615686
0.201113385528515
0.566329076262961
-0.128763376362341
0.573843678604011
0.113337085238513
-0.071934478525321
-0.031855137076345
-0.052592599067529
-0.054612632089528
-0.701937874350477
-0.194874093990237
0.039485592497782
-0.584894663149757
-0.094675310828513
-0.107469379626170
0.421557985218785
-0.115259696201483
0.230351878288030
0.367287650285815
0.122126202263886
0.731802307838443
0.150211425004298
-0.041809228921823
0.026540244575470
-0.046125161448136
-0.054454015480318
0.534154056550468
0.288207857244665
0.233782857346581
0.515462514754976
0.061353073829117
0.134253937583543
0.205802503008532
0.023228481732547
0.587296897476040
-0.296192602883748
-0.238416998204935
-0.101889685239473
-0.201585056692425
-0.156994935875855
0.058722970844128
0.318561448232431
-0.070737933058220
-0.159496486965557
-0.234309681462940
-0.103242058497300
-0.295378457423709
0.266571685084324
-0.077236726451917
-0.688814807586300
0.321409853598737
0.114195394656398
-0.143938710090386
-0.088457742603993
0.079258887722456
0.019995647819042
0.376560220948010
0.367478841723032
-0.335669778190447
0.094159232518660
0.155358220473127
0.342975170498509
-0.082272272363557
0.238961959756911
-0.398531288113388
-0.010763520619696
-0.382723584231385
-0.503531302335165
0.196955992638668
0.338592830443606
-0.298953416786550
-0.239802840721542
0.211778432527357
-0.077269007057098
0.703553160246489
-0.195641798363669
-0.386113292263118
-0.326828547078135
0.404017280938377
0.060326051328659
0.188738583919735
0.065249764915050
0.388910670444689
-0.443036562115864
0.235512004056202
-0.197756949620480
0.223672784801018
0.269447145966393
0.144527290749960
0.307332828779160
0.262160162924990
0.230548003085550
-0.286138000271352
0.285884215690142
0.030750185492444
-0.351497529837700
-0.219311004595182
-0.144982211674508
0.119314938261162
0.159269778604705
0.519041363864489
0.167437707637248
-0.155797431085200
0.277835253463009
0.331033053616191
-0.154953988872095
-0.226241246216062
-0.147164418388117
-0.055432799832525
0.561117067884291
-0.130833416040237
0.226779505620933
0.379358682582395
-0.546771847599284
0.204987119174778
-0.180034644618222
0.079877329006168
0.454664048868851
-0.467821809437153
0.113959502751200
-0.016619938019887
0.162423696713859
-0.176528427891483
0.382584283929370
-0.315298610443303
0.297078925407601
0.117875310380705
-0.027918783713218
0.243772576439681
0.272423929903423
0.336403210169427
0.021754347924001
-0.287128693422164
0.556726354387542
0.318371889711898
-0.317643635685160
0.245431731229333
-0.181680339033394
0.214463517997077
-0.107498541058989
0.314429835467418
-0.048609832194374
-0.005623533151284
-0.056910264010558
-0.204710057449090
0.319307075584988
-0.421278434289054
0.000985585522667
0.275572238410131
-0.088227964991057
0.104815470522008
-0.071067033519839
0.031919890735124
0.774967116154611
-0.017613509320411
0.101954466440990
-0.791332975371566
0.194994890925478
-0.117487587656996
0.015768745196742
0.402070312780745
-0.515549711809387
-0.159928436028919
-0.442071829879109
-0.273517475339319
-0.223348824510972
0.026511242206009
0.060684957805936
0.508674092106809
0.238903394966394
-0.379077953444710
0.276156205909332
0.116814435152592
0.066280642362495
0.000956484668724
-0.088073411137714
-0.182637514559842
0.362350427345329
0.229637350340692
0.290414484126443
-0.383261122436347
0.411645885793533
0.194104666695831
0.380120773286291
0.305743351033588
-0.404154178640720
-0.065799059941226
-0.014188202403315
-0.215489313246705
-0.052947472864014
-0.229103708334542
-0.171708408420059
-0.020693736297663
-0.207199751909492
0.319282693389062
-0.416073955633573
0.169168549521852
-0.145240154310141
-0.304975900352954
-0.104364438000010
0.119516175943020
0.465918627301661
-0.213273712177627
-0.055531643823886
0.218742750779505
0.419609859437439
0.048296239977076
-0.477998275568822
-0.412658669256175
0.048553784114090
0.360736243488407
0.088908094128549
0.009034212701842
-0.373072278903698
0.082357117070057
0.289380526722338
-0.186954788936451
0.282509833484056
0.005611702162857
-0.228086616909290
0.083021156262107
-0.290407648480240
-0.124328947496191
0.175788301197391
-0.436776662970237
0.234795349413634
-0.317571410858722
0.436256414896476
-0.275533244038802
0.515528646171626
-0.552785437679876
-0.095423548183912
-0.313305888239831
-0.045698760224753
0.210110170934223
-0.194420148212970
0.238778815720224
-0.172462736434652
0.009900092839299
0.061197123586222
0.132705664059007
-0.334954637649292
0.012026129834630
-0.071533221992162
-0.337815485353824
0.119581266879011
-0.203623580074967
0.117429488812198
0.438108974305857
0.382827290238746
0.134331247990201
-0.071430288557322
0.116500909916180
-0.041638377835776
-0.408063861083022
-0.076920192760874
0.131339798070453
-0.234374411500918
0.204307676619979
0.192239184229641
0.136755739525075
-0.121589158624588
-0.270772342030057
0.190852888053947
-0.170672063507141
0.534478047080896
-0.145668288662044
-0.257928693440106
0.135655614890634
0.293639321434410
-0.176446373312143
-0.289634575948807
-0.211159359998271
-0.287964091281796
-0.340694807681299
0.050981639744113
-0.049348374721255
-0.473577565979719
-0.007461533741628
-0.012397419924165
-0.088076171978094
-0.151431330303744
-0.074304575952280
0.392642832886455
0.515521875688563
0.293834724252709
0.190896396218167
0.122950846480920
-0.299638628358167
-0.070463798307263
0.277485796177978
0.244693002946971
-0.279212822352399
-0.681746010365196
0.212426768298402
0.112407987179620
0.263845843196856
-0.428871420802337
0.015159223429108
-0.325706669679001
0.220043077343616
0.432796688854543
0.345181746347379
0.188261942478128
-0.467822055007633
0.116734345954175
0.352328598162889
-0.109872976591043
-0.219756455241085
0.082605377495151
-0.326334159458635
0.561873952676589
0.250104113435958
0.001413923856608
-0.045534343395025
-0.255932760700523
-0.387491382602093
-0.247134205916166
-0.596023616676008
0.004330760769029
-0.329610166848027
-0.263949448190253
-0.178932294236315
-0.054880636511959
-0.129518701146615
-0.382346432174037
-0.030752241023841
0.058108790555890
0.432151610801602
-0.100230473584109
-0.064123960357751
0.246018448587531
-0.071903951359076
-0.054215050835167
-0.355717865019609
-0.356698885319478
-0.292208502399650
0.318874016379076
0.130671320154627
-0.449041029585441
-0.046574976491463
-0.345252357608649
0.563527448433174
0.141696845498165
-0.294395494569962
-0.002586558528135
-0.148693320108918
-0.450866906421025
-0.387258058644198
0.031527094313513
0.486025361690154
0.145490370054397
-0.086510443092900
0.256893684708756
-0.142372806937702
0.103114677442866
0.476622898392327
-0.343121837910178
0.237752965875465
-0.436565627829051
-0.545758819753257
0.178468777757554
-0.049418293360908
0.351588119101834
0.198421040042543
0.637665431205416
0.054494221205777
0.060641205423105
-0.112867919410426
-0.097725104368074
-0.111375924098964
-0.042429219556609
-0.384654577624396
0.036721904148513
0.063622631966035
0.091151474982484
-0.176598449259349
