0.169049098529686
-0.462511502187088
0.321864473544869
0.184678041114959
0.655705747591735
-0.002314585417961
-0.318394954474005
-0.056441283363128
-0.415809411851347
0.456239048561548
-0.455440348071537
-0.003647671410595
0.057189971064653
0.797453334187383
-0.094719670791162
0.392517741984213
-0.153206195282371
0.361127536514394
0.260101754916829
-0.268714228909912
-0.436223953047162
0.114840487317822
0.501527422155320
-0.391786021957620
-0.386941393142618
-0.198767067228038
0.689552196826195
-0.034829995231648
-0.274280090199856
0.078689006035704
-0.120536844000067
0.325725178929293
0.104064383265979
-0.311499725335868
-0.023187230663658
0.594164745203782
-0.392196048714709
-0.135294852549458
0.049796960885473
0.077247949972817
-0.137907101307242
0.578367912332557
0.345878802698520
-0.113815149956949
0.355122857882815
0.626723369771922
0.057416832060487
0.172978907668858
-0.056103885863634
0.259979890446549
-0.282300841795692
-0.223628877558048
0.584919799342263
-0.295126620901703
-0.184588660717932
0.398621994098561
-0.016053476997334
-0.144121622238249
0.353188589709425
0.584569187757199
-0.148890836047574
0.147672220260036
-0.157499991386159
0.652387497217312
0.145587893299831
-0.214288054185338
-0.108939769737659
-0.019176893060851
0.491295512292537
-0.191986472738582
0.615530420200570
0.266804574368484
0.551184970056466
0.495178343709756
0.227804809611911
-0.099204067007202
0.201507727343057
0.110970944618814
-0.110663266913242
0.158525675372808
0.048367881703457
0.588249842116325
-0.495120770703078
0.153323495920588
-0.128613796634806
0.163354673996526
0.326551841234664
0.718365479781954
-0.063684954718986
-0.158604010182478
0.407974785550271
0.241773621678743
-0.243693368720326
-0.123799617234163
-0.350094556040818
0.600251003615943
-0.496814341505364
-0.228229397646828
-0.443562748102647
-0.184245904576198
-0.074497397008387
0.615601395453607
0.802899416030248
0.125099155797691
-0.171454766536106
-0.469944616626668
-0.067248087484195
-0.192566815430639
-0.405443881530957
0.714858606103317
0.116608792869090
-0.011588119438864
-0.015678415948747
-0.251047749295248
-0.261303599289697
0.042382574316640
-0.225601798613600
0.705991808114336
-0.018379027568903
-0.082427081935647
0.622594219700827
0.097913918847998
-0.198921607314766
0.039599900160945
0.068311626694502
-0.055210254134463
0.052674098019388
0.569011255490829
0.060003221379726
-0.183514687466854
-0.006553565472616
-0.283950788402076
-0.146976753595759
0.036629581611892
0.725763442772733
-0.100264642057137
0.073984840754591
-0.200882936155183
-0.037661866597167
0.189972798821265
0.012623851894888
0.365908709266393
0.322188326622558
0.690715039078826
0.219809672396118
-0.312186693241532
-0.227906814832236
-0.119739919824540
0.242634634868230
0.638271557506824
0.421208002826971
0.368541034874332
-0.158165788114494
0.595130817146027
-0.008916617704256
-0.243269100650736
0.187920078193147
0.575240415017570
-0.418727927689810
0.065492855500583
0.224357493891982
-0.267491982865639
-0.043207332733474
0.152068240044715
0.630094444731622
0.173781205336951
0.203875356517395
0.066956728026195
0.369268331106908
-0.174630330385917
0.533040527102972
0.014307237499961
0.027927955564967
0.668382464001592
0.404755893729743
-0.337030013831131
0.686146686980000
-0.256228688790492
-0.003370747243288
-0.113075056221485
0.381804179682161
0.605895095931882
0.256991465009153
-0.075211216386733
0.293083548651579
0.000847503542506
0.366374679955174
0.368312300938041
0.508025113556299
0.058768311430760
-0.364904601856373
-0.022779512720554
-0.048440330780449
0.352933760675585
0.732718105949460
0.299742646124568
-0.025547186011125
0.125379180928824
0.102957232163345
0.113373210492699
-0.240963668625777
-0.184232370154580
0.808742986354103
0.104839882350491
0.698444221363497
-0.138249479880325
0.090586522725212
0.185159611063789
-0.353940833840100
-0.150618629081661
0.625159006779525
-0.045202306975864
0.133912075479187
0.213599317479578
0.537475650524975
0.145669532963546
-0.269998631847462
0.334104053502521
0.214642276490264
0.297030135804626
0.708055890131557
-0.035462107449105
0.294637174725189
-0.381861201066193
-0.391907572072818
0.712894841749287
0.104794960526388
-0.047511468772794
-0.026131054041096
-0.128601318844058
0.583639306126033
-0.079076501271955
0.170616752743524
-0.373304608097048
0.102647894940512
-0.001041663457403
0.283896627592650
-0.119355950427233
0.032293308232469
0.637132930001244
-0.112348123116402
-0.157676730063346
0.109521535204076
-0.367779755248380
-0.350442149198489
0.556191194306673
0.160230232792492
-0.115320511875489
-0.106642992769995
0.535078352998254
-0.347764791565247
0.574812225997724
0.215389851273283
0.717668239174262
-0.220666520009225
-0.289469619357398
-0.115214675346074
-0.136449104233533
0.188058562563044
0.518341113540644
-0.293386530160097
-0.128337128535625
0.147264805659610
0.232883280674564
0.083670696671003
-0.087918929259135
-0.020610971411040
-0.417834133882435
0.000000000000000
-0.010330078257249
0.283160297808057
-0.188059315044661
-0.161648724797346
-0.000000000000000
0.023005125699758
-0.405885052269955
0.002142817023460
-0.000000000000000
-0.072575459495965
-0.129361842795016
-0.119904494234133
-0.086526840918371
0.409684622868870
0.245444671842951
0.013192570287670
0.151307563486257
0.000000000000000
-0.021941365629059
0.059638147977084
0.119075261238532
0.000000000000000
0.285995012491821
0.082666514671796
0.382476923016904
0.528504424153929
-0.322540118938260
0.018805829828480
-0.139831095610020
0.121192660595393
0.000000000000000
-0.117758577963868
0.288188591731855
-0.390776811544968
-0.424219715081911
-0.190562688785029
-0.000000000000000
0.452149578860573
0.105590445463211
-0.041258658140060
0.000000000000000
-0.249643550654086
0.188913686325793
-0.307818682918845
0.281750440983394
-0.155914658726544
-0.386557568745130
-0.000000000000000
0.149854893354644
-0.479812153128835
0.048739871709900
0.084726107330939
-0.225972696847206
0.169404871507980
-0.000000000000000
0.307874071634675
0.342752884949498
-0.040964963156938
-0.000000000000000
0.408762559609312
0.239713564863305
0.339473266839258
0.157851401569555
-0.122023639795424
0.229128339115741
-0.000000000000000
-0.227866583336741
-0.000000000000000
0.032805539094448
0.012095352058186
-0.184210931495407
0.368580927156441
-0.406606782654293
0.068618323028010
-0.239920536019752
-0.202746930445308
0.000000000000000
0.044752197039422
0.490116145506726
-0.223934381800426
0.216910991262479
-0.354337014812532
-0.000000000000000
-0.132521008906850
-0.254094756711516
-0.140147165821838
-0.148430568595131
-0.280232228645165
0.162294963895213
0.266419223142873
-0.000000000000000
0.018488229856608
-0.198739432793992
0.105954232374059
0.128208341060219
0.135552912751930
-0.000000000000000
0.000000000000000
0.051700324730183
-0.120241490601858
0.027374437268855
-0.173123382138834
0.001326920848187
-0.470097856822686
-0.000000000000000
-0.132617281345795
0.080808731666328
-0.007182556226701
-0.049282587609062
0.082342271121925
0.193345550672981
0.388059323284858
-0.000000000000000
-0.417808123835691
-0.064460149934223
-0.000000000000000
-0.511951280483109
-0.080550414762014
-0.193449025204987
0.403372186103748
0.291929040790318
0.177007322466966
0.000000000000000
0.171723442361657
-0.252667190207533
-0.559572800341554
-0.343102963005435
-0.339068471409765
-0.024493329597061
-0.000000000000000
-0.174154083041707
-0.400802385092666
-0.296484865729150
0.106009692513307
-0.198766686120996
0.025929804710933
0.430911855022535
0.102211346472226
0.000000000000000
0.007874604517943
-0.164873592516141
-0.428998891108409
0.029298418873791
-0.330965417908578
-0.000000000000000
-0.347376968843076
0.062329863054998
0.209751340948964
-0.000000000000000
0.250961067624751
-0.129506770921412
-0.077258741732317
-0.000000000000000
-0.301541014135524
0.381851503418934
0.062132529068378
0.292757499338130
-0.006730781697726
0.559211828200575
-0.000000000000000
-0.389771944861656
0.128956363990485
0.142919595220885
-0.176022689496471
-0.108798598218170
0.043183865581074
-0.072073628430235
0.226743426655370
0.000000000000000
0.242329379519422
-0.202116640077820
0.000000000000000
0.107482611562348
-0.232229665668996
0.090982939054625
0.397032126485883
-0.000000000000000
0.164126066952775
0.242286869662302
-0.171853817177849
0.238134708070673
-0.190789630521415
0.117687456162004
-0.000000000000000
0.368891266017667
0.338140989515816
0.185005465838659
0.291660426306937
-0.269443597314530
0.000000000000000
-0.036007523445286
0.104341343302755
-0.245250701201144
0.161945031169696
-0.395341526302413
0.123801237506991
0.144335889159095
-0.000000000000000
-0.028353799074745
-0.000000000000000
-0.263178792501365
0.415968483405726
-0.167554764495283
-0.111395529222789
-0.140841211855494
-0.000000000000000
0.153873503991470
-0.201330488326371
0.292228991230325
0.256853236864216
0.133767627605052
-0.190511825801428
0.111487098424309
0.232578523006475
0.170430448571579
-0.000000000000000
0.216131606056297
-0.001926461339287
-0.213403670995952
-0.192701965634102
-0.000000000000000
0.062638041522446
0.075621588716195
-0.116211176898714
-0.119906224936018
0.000000000000000
0.322762809112975
0.474817523261541
-0.331533524092256
0.216427400213002
0.322782450016213
0.225725318668188
0.004441372093695
-0.534450169255030
-0.000000000000000
-0.213022853726660
0.476558791634344
0.031715390515663
0.218580404260042
0.248657216283211
0.000000000000000
-0.313282675474880
0.221342478584402
0.233480336905188
0.098464793701076
-0.025485760305589
0.000000000000000
-0.134214356974752
-0.000000000000000
0.362712151885595
-0.199423849566780
0.204732114524971
0.207175404346967
-0.142326157191524
0.000000000000000
0.284852226623445
0.476297934241498
-0.257765833968976
-0.350411720207281
