-0.058459126962677
-0.143287897069763
0.015225568026111
0.338630083911868
0.119326437328205
-0.712425223974387
0.152923689994653
0.241167585924140
-0.016209685996540
-0.102545208313147
-0.665322478517536
-0.429835036009563
0.315670309675520
-0.071899374825784
0.022989095690474
0.155509923386118
0.157999842408323
-0.009317245609724
-0.424701972178053
0.048533386703845
0.450355839157461
-0.228663201986941
-0.003863921464776
-0.108014826593483
0.522321983140205
-0.103175789293938
-0.297018395138687
-0.320461777598309
-0.073252832863506
0.091968224561014
0.746223046116089
-0.028145556174368
0.313227122467761
-0.454816511733388
-0.170741511304725
-0.143136997816949
-0.111814129824902
0.196909515645717
-0.103864356292332
0.151697300868649
-0.456292483239872
-0.487493577681792
-0.006465148412458
-0.534356301117257
0.367578613119175
0.185284757570888
0.558164747052278
-0.157165347184020
0.568808379709717
0.084614318963314
0.011514957706698
-0.253060920181668
0.618395886932971
0.055670279359751
0.219604376031991
0.071017669194144
-0.054514169470580
-0.449256226262306
0.132540472534113
0.022279410484513
0.003610860506300
-0.563590161684138
0.305450103584917
-0.238573614841641
0.100775964941751
0.247153918989960
0.372553349618772
0.314162995344027
-0.416260237658597
-0.093720223467806
-0.180733714336633
-0.322517965262482
-0.325180858188693
-0.341694530977018
0.036574304259169
-0.267536163887052
0.217970240141282
0.074242776646906
-0.367111240746189
-0.300197288075507
-0.150078752098382
-0.131267485975415
-0.243621592199490
-0.231054811980385
0.226255475657014
-0.031915214072124
0.014781970258196
-0.173501871864586
0.112832561569038
-0.263313597472814
0.084029317234685
0.320468261944606
0.025598235469490
-0.323180118344388
-0.054673055677774
0.462581987691990
0.157119159608520
-0.251026476994704
0.602174000428830
0.309027835566666
0.009285145658427
0.215726095970665
0.477324233981526
-0.501288498044128
-0.044166212724548
0.106077533865674
-0.264728745596133
-0.355187961503634
-0.057430441309269
-0.110503062638923
-0.062639141375901
-0.221457738132869
-0.337384567501606
-0.410925551440120
0.428922973202488
-0.446368921823116
0.356765405140932
-0.217452068613931
-0.220269259412439
0.492086166522377
-0.171117620473583
0.305517466497661
0.001935083875448
0.438567748862189
0.582731140070206
0.096420118905402
0.132184008580268
-0.223285681193196
0.309624683888859
0.528502652197282
-0.501029685478035
-0.341924547305437
0.250482207994405
0.009492157352915
0.449042361938584
-0.095813331691586
-0.020579147619816
0.349745491333861
0.166329219738565
0.312210325073176
0.383662409405902
-0.490060323042415
0.497260277356147
-0.331289707316653
-0.071125891789144
-0.420924847597308
-0.271087460907391
0.385771657475428
0.094683280825159
-0.140408952091512
-0.054178818039529
-0.216310465736199
-0.154545081530776
-0.558839618748024
0.198553016754652
0.199938794888965
-0.288259249662969
0.336464287813204
-0.380732364937540
0.276646095070308
-0.223539524088244
0.317902618292013
0.293941158496940
-0.258165541792204
-0.080632376747615
0.310563225793714
0.201278082494548
0.478425383038827
-0.346173137136172
0.148680684582716
0.277153487046658
0.103535415411055
-0.470820179819516
0.226275372506937
-0.508521120626391
0.245664837721924
-0.041366593835095
-0.220371224098172
-0.333346876651958
0.320261591743097
0.191223751166650
-0.188110292843912
0.056358692945257
0.256878124616608
0.169532424014430
-0.459985957186468
-0.396623388011794
-0.465956033103587
0.339975735697830
0.121127131233267
-0.219519809942436
0.367246814326946
-0.120749182586886
0.016944821019855
0.317416132226181
-0.387689160980648
0.218555901908918
0.305026625057397
-0.114282801016259
-0.565834802561612
-0.112048930402993
-0.065620153880877
-0.080013735734116
-0.559778137855583
-0.180453144887181
-0.052218781496459
-0.164869198360486
-0.010276848146449
0.781539425165965
-0.272631461162922
0.622247788532439
0.362733671045398
-0.333405616772816
0.128770095394698
0.002236277315771
0.240830158518707
0.487519552239691
-0.173080284538117
0.199546568181284
-0.077673637566229
0.006491185866493
-0.164839240097845
-0.067020967411648
-0.125937774272658
0.294908634936843
0.858151700429412
0.024081298283154
0.046758035358658
0.090442020440127
0.196481449164830
0.089552071477477
-0.093904825050791
-0.174172106828520
-0.065332760674946
0.432827224985009
-0.207816896093467
-0.118559723668045
-0.049703048342109
0.066345180083419
0.299554794575405
0.052015220263921
-0.187663591597330
0.732468176883578
0.015683478034241
0.038904277789223
-0.307157896568903
0.028565664766945
0.661198334280678
0.194273441753441
0.297532100199691
-0.148543016547945
0.022404391308596
0.454891454602514
-0.197909501826972
-0.419650331938914
-0.219182741053097
0.119062121031451
-0.406965933875901
0.041179280027330
-0.217086808045506
0.280190480913014
-0.203351913542767
-0.298850408682915
-0.315406857103132
-0.276473819301609
-0.127986120016333
0.121434938022270
0.429588025427109
0.217032109920550
-0.012123811296665
0.098176590585786
0.049304471136064
0.484088364683821
0.114334060667648
0.143780126701260
-0.010295016731060
0.742672328737866
0.199952491137504
0.256302258267920
0.425681771844040
-0.076853873306821
-0.032781344225002
0.052456610799399
0.037211961917601
0.346844772024536
0.366200747013750
0.439376725950132
-0.314469003745559
0.068448418734022
0.540596092200092
0.395249399454101
0.162090434532345
0.095832500557270
-0.152269848625472
-0.076192188444518
-0.016235493461424
-0.046795903940854
-0.079156726481908
0.265746236416554
-0.051022472705590
0.356294798959974
-0.010177787720344
-0.458297261204005
-0.166946293977083
-0.315183766040884
0.069092160729820
0.062402205810288
-0.310154489109369
0.247603159541652
-0.186254910604253
-0.111829308612700
-0.011592363239547
0.304516915562824
-0.095856303108035
-0.049327579732432
0.053413626012277
0.213124820808432
0.258814547745085
0.558075607877414
-0.023263868682076
-0.383020655853886
0.139835345252964
-0.491827856511699
0.061001061160947
0.349440870518211
-0.124969163485732
0.077357380813990
-0.082224860051155
0.425966917927437
-0.359132259929806
-0.272774054847422
0.266265886678069
0.017205800608740
-0.412212338406164
0.252687693301263
-0.253767030218161
0.180120513354303
0.324407473814870
0.624203612731870
-0.264640930233082
-0.200650246368960
-0.118139159084073
-0.108129008657580
-0.125484087393541
0.136738962660115
-0.348928113582409
-0.557811158919993
0.378917582125212
-0.315302112621268
-0.335981611720548
-0.213162119213815
-0.194762199264994
-0.018546525033758
0.734431611886058
-0.475608705854164
-0.551583049760312
0.008974177256059
0.188833875255058
0.043780420962271
-0.008017143927562
0.287749319269805
0.368086402029231
0.220870839042063
-0.209876011322907
0.259019689259584
0.171327896094792
0.140354082102812
0.030887416696270
0.127973639729966
-0.008207003860134
-0.270477321693453
0.448522723283335
0.320271305009907
0.358571466319521
-0.332311533578371
0.471501264016670
0.262103431476815
-0.127458460491506
-0.080761040066206
0.135631970342453
0.099176748005672
0.251305442303176
-0.186452690046089
-0.137375889594255
0.074848238367352
0.560143239789918
-0.043789836539550
-0.100552294171317
0.016996588028224
-0.066933521336350
0.023956983623983
0.158969364726407
-0.276104103430665
0.019527531349840
0.282546070715402
0.085164393629014
-0.041131941522894
-0.390568382310175
-0.493681569656070
-0.097592677922050
-0.394650794809456
0.200931193041414
-0.079172272806651
-0.105898095999378
0.072453188837230
0.065942328176162
-0.091679795974326
-0.308215816647173
-0.464918891082151
0.440969856907441
-0.294642524578226
-0.224180385021820
-0.138170065152470
0.003095208546858
-0.450932494982696
0.507329848380110
-0.110323292789392
-0.037641303911055
-0.061203508194785
-0.237974910486252
-0.044138221064087
-0.055303073287088
-0.440618440391265
-0.430801122380590
-0.075427731561775
-0.201856450517532
-0.077346935359850
0.486816327551992
0.280365744810019
-0.221094593282624
-0.320457052169232
-0.037962611096551
-0.224073172604067
-0.013931970494675
-0.116637018135771
0.625921813555220
0.167111946331540
0.118071121910182
0.176509129540877
-0.182159522853902
-0.267719930154528
0.168942676825809
-0.502117637312257
0.020432406509262
-0.128709882927632
0.259512330614192
0.523389696502868
0.042620495470730
-0.423322289505999
-0.282292529836942
-0.161471847140199
0.151164965540680
-0.391259379483719
-0.240224847626709
0.229220559300809
0.001569215938240
0.011372283707279
0.036989798185921
-0.517880464954590
0.532766760534025
0.006495460849071
-0.199219313880643
-0.013811112408306
-0.180195652796008
-0.024752336875946
-0.382765968937270
0.355195312635430
0.155590145211449
0.155779561901107
0.079130341648781
0.117262240380528
0.250234826742408
-0.310350800928155
0.221531497608705
0.263126866475176
-0.382174740528847
-0.072891144317592
-0.183044922395159
0.092189913140644
-0.181317240839432
0.007590107604332
-0.134659270183548
-0.195052000814913
-0.114368400347257
-0.512591180293534
-0.572045367919459
-0.063687342588710
-0.036644069381953
0.112544453661814
-0.240090379858876
-0.213193606146547
-0.179794817920828
0.300379069045755
-0.017530173994220
0.083745097938530
0.389735256208141
-0.072079368848159
0.804447736083336
0.043035968542497
0.344294401352530
-0.610279859188072
0.224904829259080
0.212735840954448
0.264839981636733
-0.296504203206367
-0.102572558661748
-0.172839798662968
-0.190328197392914
0.187874391216311
-0.360042493957723
-0.010513551899778
-0.140105983975300
0.078573715536022
-0.511699286829567
0.353947129267972
-0.011725163305610
0.134781739827238
-0.162521759894843
-0.492860875205382
-0.010417073883167
0.214321455792357
-0.128170100119313
-0.138822674122576
0.618141351998103
0.177422696469024
-0.257753936261682
0.344501228221315
-0.156711068621020
