-0.341641445555663
0.139106974874401
-0.407834682199296
-0.157297024248324
0.412973753444956
-0.542843273684550
0.417128162843675
0.102279274559569
-0.567307933035428
0.017133592511017
0.011234512744403
0.053294646053831
0.481396269989347
-0.067175743200068
-0.184699031108594
0.588089277794607
0.415681899876322
0.162649079982366
0.379675780179256
0.276858569498995
-0.299198530249532
0.473105939578169
-0.100583562844367
0.394207845817228
0.667024818906773
0.217455486182326
-0.097164875577983
-0.001737147428615
-0.237829741650968
0.018180695615031
-0.528680744788531
-0.480946930847180
0.032920740812682
0.031578466546850
0.160657282279002
-0.010092800426446
0.027344401514337
0.480740094031075
0.014576533475916
-0.318767814204074
0.383644569298067
-0.384688025550502
0.227687949510155
-0.387281635564099
-0.104973459868978
-0.176971526935730
-0.248853047600888
0.164812716406120
0.320893122425614
0.061232913857513
0.033026276884275
0.261346778246486
-0.235547149805537
0.335207919868623
0.451690091703987
0.266902460835607
0.173505603470686
0.210187796717948
0.005687544858257
0.273573493151924
0.393005162086584
0.142159694945381
-0.244449711300031
-0.147274139737937
0.615005016057734
0.203033001199937
0.218404245152997
-0.476374402264451
-0.092549431503596
0.370172488643088
-0.051409745926550
-0.523385809172218
0.043762974854382
-0.377103148142141
-0.235822126035058
-0.027524401297632
-0.026804775206255
-0.709795899985726
0.056759412328787
0.585451700625668
0.465694513552880
-0.109110216116651
-0.490548071442979
0.101757190075953
-0.024339954507253
-0.110059924943627
0.030214579537142
-0.544928932085672
-0.243053881703287
0.055086867822054
-0.035832535703470
-0.089994958323545
-0.379331701419069
0.409586691620717
-0.161331597299475
-0.146889283301127
0.515500308875884
-0.110354755549670
0.223562773800765
-0.340278091078032
0.210639492134388
-0.412737736907067
0.671538966485419
-0.403599641296856
0.337166887071246
-0.186621932270534
0.124702012220633
0.212256897972383
0.148433489036950
0.117394918253423
-0.495000814832366
-0.425280484197622
0.469997538416310
0.042649682926850
0.278253726201921
-0.161293954649308
-0.249258572802296
-0.369673715012858
-0.679448376033577
-0.125384112259837
0.123894739250670
0.009466403271884
0.273720111177287
-0.277986729041970
-0.102718349332734
0.252456622583388
-0.170829140391315
-0.000952891004477
0.222065773468780
0.063815031035450
-0.064200028047600
-0.355003327958544
0.059539901671132
-0.534648375853695
0.102133674124134
0.442124401835352
0.152050014290576
0.417845481710552
0.301162326950689
0.018594443434669
0.272135978633954
0.242472407289206
0.058908984105580
0.047617031679685
-0.439524880521341
0.499543010843539
0.403195978801936
0.223163581120402
0.006096984813753
0.199112771476568
0.399989161562229
-0.340310144397174
-0.417095157215457
-0.101394052145401
0.095404704969180
0.600758631653493
-0.577484110520242
0.335278554865501
0.085101792184935
-0.109472627762425
0.151590480569242
0.010037352465370
0.328620601739123
-0.609766495864552
-0.077877957451532
-0.305167297706433
-0.029499756143468
-0.060627668646342
0.109431417176656
-0.211585267726926
-0.038105337639804
0.461202579890883
0.089717273424160
-0.198876803730848
-0.138930237318961
-0.041805415784802
-0.306012912188414
-0.501272099368937
-0.142614747626051
-0.005508969078363
-0.257667184340029
-0.246268449413546
-0.533060288955803
-0.171049468629260
-0.103700261117363
-0.380123312636607
0.376843367099333
0.152407274591867
-0.438632544126650
0.196997945865199
-0.242029372696654
0.197393084024000
0.671376031860007
-0.079166785555315
-0.160567390408097
0.303466420149788
-0.179527504017263
-0.176282819516809
0.438154447332411
0.584693151807225
0.267202417307914
0.119880646715786
0.135686145973531
-0.260401754469585
-0.156200280397978
0.426698988559537
0.187637783157751
-0.597980335041823
0.093747773692824
-0.320415795907911
0.438774567919732
-0.253038440498366
-0.223182732742087
0.247550968969442
-0.121941334059768
-0.030674353621865
0.124163603121316
0.332491174383225
-0.512968232693238
0.354120238561307
0.268117741120097
-0.191274587759734
-0.261077194231369
0.088859991109697
-0.160961146766462
0.035094677364700
-0.404770585131939
0.570514166578902
-0.474789230133149
0.190357862854742
-0.175993907524612
0.386988188826709
0.269500619775427
0.429494128629857
0.094379346964025
0.683806051037668
-0.170587680088788
0.245743824766296
-0.141755643037048
-0.097098103286118
0.581355631235446
0.252056733523194
0.180573662937470
-0.630265704046273
-0.021778977779975
0.060014699739157
0.056661202590561
-0.130728121114786
0.036670008001580
-0.367630145974023
0.600936479755683
-0.054378821313981
0.055151859380786
0.110981437110057
-0.216654124947863
0.217629165451959
-0.109487125318183
-0.040852777251888
0.036354954316936
-0.063679418589201
-0.626596355642285
0.120063561668727
-0.202512570298138
0.112862716928891
0.242591729977012
0.231978908180120
-0.350019352531141
-0.403864512634835
0.012473095314548
0.220719358203962
-0.313733973592215
-0.053127877384435
0.066604373257121
-0.032366610569993
-0.054154938736698
0.312993090357123
0.209834305575911
0.203837319628171
0.575372087386051
-0.081198053345421
0.256230452298816
0.039552056094630
-0.282687941627930
-0.158356400669743
-0.018370755175085
0.068285156872146
-0.064648751952833
0.265268023918829
0.137472741490081
0.082300304973389
-0.090738097304193
-0.483200908022803
0.008606119768852
-0.181292815877687
0.418828656172387
0.006368247036696
0.017587849858142
-0.079799606291597
-0.374324846808007
0.345252153782212
-0.024150509610959
-0.506503187539151
0.094227310628096
-0.081281268558427
-0.426535691499682
-0.081524629358988
-0.042921097131064
0.198919355532980
0.313697045006292
0.463090415527974
0.079837628247575
-0.102489374932316
-0.064107010119942
-0.469293363069374
-0.239109146505146
0.311325903384531
-0.536547443859761
-0.020385829634288
-0.074985008789027
0.282849940315575
0.383983161712999
0.590901979632917
0.096395157356588
0.253990879357931
0.214819568075665
-0.603500333879473
0.251162974372642
0.025529383392777
0.291180219119071
-0.129230878161526
-0.163447802317767
-0.053743251950870
-0.305129193948181
-0.108874292008302
-0.178693849716075
-0.397424472277185
0.260742441185844
-0.175289494927767
0.098622145743012
0.258930695159734
-0.268917040662254
0.235366615675212
0.024862821116985
0.300188754723696
0.304086985447460
-0.153559037555803
-0.004034458539364
-0.296955613455170
-0.183941762934940
-0.152305577154714
-0.072542514297913
0.232095299402148
0.147600257970269
-0.190547312973915
-0.212504205191008
0.378146803565133
-0.071594158681276
0.520540186521033
-0.258414591261978
-0.310330811698991
0.220634574638501
0.417935522898162
0.060297281310183
0.245134217626961
-0.527175752741433
-0.257620370859222
0.064315866247511
0.044618183504442
0.216925818929951
0.173543765510498
-0.506480136457131
-0.042031419478872
0.159240823881366
0.167161761474132
0.222473363484641
0.039701825773694
0.165866085165380
0.212478288252553
0.115444505723714
-0.357073839382489
0.146342675526331
0.200452791326532
0.267221025890202
0.204318908629643
0.168901654104656
-0.054353875037904
0.342403076991906
-0.129053218893487
-0.033763903734327
-0.232126359841001
0.062694900603056
-0.355475592396631
0.370391340274596
0.037251856496116
-0.353259718826537
-0.603665745568940
-0.024486291210965
0.082960964126360
-0.037494455035561
-0.384755387283818
-0.710494559660044
0.354337075200583
-0.174609007409789
0.097392900679467
-0.340355214945667
0.201809369958943
0.324625580358243
-0.071152249772534
-0.386746840403819
-0.128700907616012
-0.650458726735630
-0.258046348561079
0.202661526024299
0.271060474275984
0.392826476886545
0.134597968183151
-0.298183521425846
0.077906675673292
0.084775802503168
-0.174995874905882
0.115233500637785
-0.108666887926144
-0.209592446176785
0.031755406958265
0.010695063594180
0.315905880100556
0.148142974017086
-0.312436502354753
0.162776026172459
0.276753706853625
0.479016288062524
0.244305622736570
0.303322286744097
-0.033692073144175
-0.433410019509993
0.177854627421195
0.253306127109542
-0.199186450349811
0.593966919888050
0.225735090338303
-0.108018967650635
0.042451249622876
0.394238615543946
-0.329921363151769
-0.015191076500501
0.117234243686298
0.364401360848963
-0.491065377030160
0.161688328691879
0.446780094361385
-0.028117714939275
-0.077205394305280
0.095473386721278
0.444809970200882
0.433545572334146
-0.051153536888207
-0.214328499581710
-0.011591578121079
-0.573972286803210
0.343857951107644
0.067553482487825
-0.087721907432397
-0.032364978394477
-0.069460051074959
0.251976561241910
0.353385686903443
-0.019913191328498
-0.408858135418728
-0.007062230991124
-0.146608163746429
0.044176273439482
-0.089198464132291
-0.220311882752856
-0.462792858302770
-0.191588274738995
0.169391672755648
-0.446697413507448
0.019584555059839
-0.135971054907446
0.074001566476073
-0.120751193160568
-0.055496203983196
-0.039160409754030
-0.236404399744947
0.715418485840574
0.172165442883117
0.179991929320739
-0.300913446332316
0.335532295725137
-0.006190601191069
-0.374824919514806
0.031022804014046
0.034698070483188
0.397966783974363
-0.309081120979851
0.038554684591633
-0.247391682757201
-0.299457956380470
-0.052802039634334
-0.049935613913335
0.254577991470736
0.364678523272893
-0.111164205594262
-0.291667766517498
-0.060853068141471
-0.122856495747018
-0.393678322535141
-0.233572377110818
-0.221622185212829
0.356422573662508
0.131509172665967
-0.174814266349207
-0.089958172555937
0.043447035316727
0.197039606498072
-0.260606648388144
0.297195870020299
0.408757683603616
-0.089247017311822
0.172801003294459
0.184387211835957
0.389729719237627
-0.377835127752418
-0.272496112157581
0.364178176645837
0.136147161701179
0.290955004686532
0.651040264385207
-0.244347930279348
0.113764084775962
-0.055469174530135
0.043134437682145
-0.495648782558259
0.458892536977063
0.097726566532809
0.443261561598549
-0.414487187473788
-0.313104309671589
-0.241130494269301
0.137234060724903
