-0.090331095812924
-0.004844424978815
-0.318274548118530
-0.143569332846497
-0.275043053616207
0.294716585028410
-0.083483620577366
0.665435273879835
-0.130555228846526
0.263803609257999
0.027354351406449
0.233483037881737
-0.235676127776148
-0.449983493261848
0.640934997795516
0.020169932449495
-0.312469398033452
-0.029749277900669
-0.603493291316178
0.451149055775161
-0.098239215967971
0.322709661639220
-0.350442702630436
-0.150273193214188
0.055482871364046
-0.370400430642069
0.108286638826301
0.124963668873250
0.044015084762703
-0.422877365906234
0.071165466622940
0.267249466639134
0.212376474783506
0.304298821026386
-0.150981878754816
0.107594199972929
0.324455789131523
-0.086056275844853
0.328328622378697
0.066123509737875
0.080733995032552
0.239484819245406
0.043439081947950
0.179451749694308
0.404810399807324
-0.180189415237028
-0.438776561498904
-0.387704484847078
-0.435257578381801
0.169379917541351
0.354834396935312
0.393579132835105
-0.144721587169190
0.274180875519279
0.446695134146709
0.017327113484803
0.503680025809529
-0.263160571668090
0.086862435220599
0.296591873888114
0.146921796024744
0.295495968417544
-0.222179586628192
-0.494356260116625
0.294752092830109
-0.040283468466699
-0.452637249975251
0.008212016510614
0.208923616437304
0.382957692079177
0.658313472277072
0.092603521647702
0.160624199796238
-0.201126387939383
0.668514573692538
0.041942538558148
0.391798504338938
-0.230550735679855
0.241928723375542
-0.262957227272742
0.210283565771637
-0.092495907880860
-0.298511290621808
0.659278512592667
0.250649515096400
-0.190722557803478
0.234945560771202
0.340009047464685
-0.461335964709515
0.266676268591357
-0.094737061969295
0.157514407744971
-0.403834322243998
0.251723179009324
0.011536175912374
0.099908918445753
-0.144059182542206
-0.365326899197806
0.269716193099468
-0.232318666955785
0.154883452921365
0.034673130154240
0.044303509586007
0.636017711678091
-0.228435699321537
-0.200673608938457
-0.257861035293018
-0.184194614814038
0.021034961682907
-0.076137476630650
0.194529943808511
0.094170856688832
0.420621299480531
0.207250432401313
0.099731571304667
0.034657512331616
-0.035816954263909
-0.467516759997056
0.016136680889958
0.350036301561986
-0.158705100045168
0.180210423139017
0.122868826235479
0.039001970317143
-0.202432019793724
0.163033324232127
-0.754428606990811
0.359323771643431
-0.166933080085626
0.048972519634756
0.226208126310479
0.260267590967627
0.201055983527184
0.200766191231273
0.277775671993058
0.463339316021081
0.257147924869733
0.039663136501426
0.168038179479207
-0.048094398507391
0.004887487365471
0.221573499526696
-0.072521697892581
0.155248137980586
-0.365981859443044
0.039409010843600
-0.382705779385274
0.194837605595346
0.301305125887100
0.227349480188463
-0.000681518077120
-0.422441287091460
0.547816725059332
0.264876769328926
0.071671523393570
0.082975835260242
-0.446407332295503
0.021500863753871
0.473679572155559
-0.400525978161458
0.225812504616717
-0.296524758648477
-0.312475817720369
-0.133424114443612
0.221490421644202
-0.277214860750919
0.103951154397694
-0.059584182262430
-0.213679890532623
0.253082450571309
0.290339092337927
-0.061628806861550
-0.299200300003205
0.009834135975571
0.365778914673592
-0.263390335885911
0.154336832202706
-0.075372722835051
-0.178762085261853
-0.209948775543756
-0.154445647838427
-0.366290453383255
-0.117310745503840
0.373452992561456
-0.434948483030731
0.137747121378799
0.148177423094046
-0.375187320446767
-0.453006741132239
-0.315286653057684
0.641271485699215
0.063815028629901
-0.242016683960528
0.667359934717793
0.535245216282166
0.020598768350652
0.263700097132459
-0.205540481085477
0.068797512631318
-0.023662807596075
0.438170663856421
-0.082689035865796
-0.420157851505318
-0.164116543852739
0.190010394402641
0.323306767240766
-0.148934577902372
-0.070934578804399
-0.619838448282208
0.142124418241254
-0.507466520017903
-0.278579351190100
0.201745471966799
-0.299478611655802
0.083008269291774
0.394660859576102
0.285876942590350
0.318952393423019
0.172851774451282
-0.483197295414086
0.093550088543024
-0.038215985487031
0.106807450257623
-0.165499415980180
0.031680392826139
-0.067394143323909
-0.402588865170789
-0.064321657340354
0.584450187993540
0.335587920091175
-0.070408054321449
0.164254425176279
0.452480971304594
0.233522149001992
-0.435598381523191
-0.104193653347476
-0.168519351528729
-0.346027777019350
0.188322466752399
0.039255236761729
-0.360255663399789
0.250599266526763
0.101965931124046
0.200426630442598
0.122263669753861
-0.183599429542306
-0.040637365816133
-0.171221889322909
-0.400066531796668
-0.664552735613636
-0.186423779835660
0.239352825860596
0.299330342222392
-0.299663658284915
0.293814857784762
0.218515350845417
0.124672135399986
0.267829758278407
0.285318548845395
0.180016665729607
-0.396170736733654
0.193587706706619
-0.052029783529529
-0.024885821536965
-0.455385482230539
-0.440865755699284
-0.288930671486637
0.071020017974453
0.252344190050033
0.419210295358506
0.263137362395783
0.384504477724845
0.096118649040733
0.447260764443384
-0.092467120300541
-0.350160612010360
-0.089686645801791
-0.656289569430099
-0.028532351677248
-0.352508553660641
0.236451188950519
-0.296064524889925
0.201471318892793
0.075499956653202
0.041442563258262
0.553008958877460
-0.085895059322664
-0.217074844605421
0.078710425406662
-0.346508084283514
-0.284737370241300
0.002716322169105
0.018542288331592
0.156701079622936
0.340385180585373
0.164722837391278
-0.115969659660000
-0.007433042780227
-0.052027195247910
0.117766980355996
0.201393562115677
-0.174247808678793
-0.090690642302819
0.012121270106017
-0.202870026971548
0.728814813016055
-0.181491524770730
0.555949924360826
-0.322786671815029
0.247876536961908
0.465248284468965
-0.165318325065286
-0.284643802885625
-0.096285053636045
0.198035619288184
0.619788102454957
-0.181260552661030
0.405926232699054
0.383723848557635
0.104055397156881
-0.285423220044329
0.236448779537113
0.026152228423000
0.361387458938867
-0.001178051042074
0.012138984470920
0.389703369428755
0.070680444660154
0.101414569077362
0.487474831841662
-0.113094783026528
-0.040988186856286
-0.299841073377405
-0.394911552753669
-0.238698027956319
0.253766304572952
-0.476092528142321
-0.463881673487231
-0.043795070271907
0.082249452392514
0.180251337148429
-0.160682470476985
0.191120762317781
0.186437690098208
-0.212635695408413
-0.075963510056110
-0.050546686499414
-0.194855977256919
0.142020393353390
-0.156787906177124
-0.125724715586915
0.065795861767328
0.324505631829548
-0.328976407563882
0.056571842223874
-0.359656985764982
-0.135914152832536
0.268963628444356
0.253507347270790
-0.090324882501493
0.074585895413456
-0.225496924033118
-0.039069522454086
-0.236329023241069
-0.566714061865427
0.105320804254094
0.012787866909271
0.124419793374490
0.299347426272546
-0.437569114980769
0.654890960156826
0.063646761190546
0.164681455294081
-0.336402293074162
0.384758887146465
-0.039987137652756
0.399510634956285
0.494307299668654
0.068183282567791
0.299906713322247
0.188646444199894
0.119564064956263
0.388784594090798
0.324062385837044
-0.029620525897986
0.023293190064223
0.354910003370622
0.573596966830882
-0.130003921851063
-0.503865049035772
-0.512498928941280
-0.054240219165879
0.392513621675439
-0.149735673318699
-0.310016387877181
0.328659186990642
0.181254593938944
-0.191881480400726
0.407403284639776
-0.750674897235379
-0.238643640584467
-0.045250964673501
-0.139522536764010
-0.183609071313027
0.279688522795877
0.102940383383601
-0.043080278848695
-0.093233447799182
0.023400078600014
0.165272864883033
0.168675683892600
-0.471380727250579
0.124142148802375
-0.515561179248459
-0.543238969390379
0.454484819662187
0.060887248698275
-0.509178818098817
-0.341761320953756
-0.097641483552371
0.243249796662277
-0.241890583078670
0.027567821771647
0.003660397388452
0.140600386851399
0.631967457563048
-0.248547466509202
0.158769890977409
0.589233628897227
-0.065810887477490
-0.014230436141897
-0.023337989848976
-0.347572850742991
0.047289097851958
0.152201991563337
0.192020378498155
0.073326927591507
0.296798475205784
0.627753041815979
0.077865884238704
-0.186905496728919
-0.419512439327516
-0.022445192162063
0.364320669603666
0.050304583283479
-0.337391006508114
-0.297799680896233
-0.157940746458913
-0.434474801936437
-0.542048175205966
-0.011792758302474
-0.561365672883177
0.162884854036305
0.437627688961424
-0.057351494237646
-0.393302540532467
0.046736194508683
-0.194972048818572
0.314895580621519
0.039784232647131
-0.130946085863308
-0.567897159403474
0.141214003122172
0.039153973811592
-0.060052254847292
0.111842521941679
-0.201409862044963
0.197990617467558
0.273322307542143
-0.117412655477209
-0.002314166792860
-0.084996734566285
0.032406825233481
0.024319596465133
-0.497888860873253
0.174835932640457
-0.041797055787427
-0.024334825070865
-0.298956128935786
0.471417268024803
0.306500976403601
-0.021192959920537
-0.147452084844635
0.256669724444901
0.370316910425631
-0.329557946460805
0.103376098409340
0.282904648150020
0.173657898894046
-0.287586695669592
0.293405106565698
-0.286642019599995
0.079795981526570
0.562398809258740
0.169455471744084
-0.230025985961998
-0.372169690221548
0.013307622645883
0.014110480165365
0.334752959299722
0.565625818507151
-0.398998193163699
0.086967971376717
0.436448418381380
-0.013432696193465
-0.261184147382218
-0.143826862226118
-0.160404124170740
-0.334244979389737
-0.167503254015484
0.244050863450207
0.262944399807726
0.641956358574934
0.032924724087216
-0.086166948571499
0.254833445749906
-0.428843471184231
-0.392430793646447
-0.305396332431780
0.029008228162680
-0.488477371190457
0.193813399757954
0.018517533052910
0.177963925644379
0.147356764248628
-0.269180994860232
-0.234168709774048
-0.307055424057343
-0.127992657089759
0.138132155202092
-0.118459588460037
-0.388268462595237
0.619644333655748
0.122654809151340
0.536534512305521
0.235369273387878
0.220606026267594
0.209707671506051
-0.178681605582253
0.469674408699323
-0.273546870691965
0.112319903560115
-0.339208188040084
0.131807509176825
-0.099696819270575
0.201254289090567
-0.373653637756421
0.247405836465631
0.254423161681540
-0.271086635647359
0.193014949501900
0.257236967781018
