-0.177437788273543
0.027534280038523
0.158612247978708
0.843172707204403
0.116596757880800
0.291578748504923
0.081593114328443
0.075559715193852
-0.334296595889515
0.268479562337778
-0.088324589101356
0.605680584863070
0.557543887803608
0.411251900859675
0.255186126019298
-0.131985646370771
-0.119986647941155
0.048234245947023
0.356282343401511
0.102644872281025
-0.232971146995748
0.654911466225847
-0.123168095746445
-0.357598192147441
-0.111504306415132
0.143881998354376
0.540123976045077
0.437823785458374
-0.044071841901557
0.056361851476946
-0.215353526672894
0.572382985616265
0.191047384062316
-0.433894835291440
-0.169065707299621
0.058824271260649
0.548647412628618
-0.117380178372179
0.276567795332189
-0.043424576400091
-0.102284252053103
-0.017635036477154
-0.110581617140778
0.124607469311253
0.769918310869366
0.007032185564543
0.051700710698528
-0.150289591191797
-0.084044381318216
0.629621437102905
-0.297606119705270
0.175532471081739
0.009064469416524
0.156321919525781
0.636005487580220
0.266890218938381
0.075722182445750
0.472877508654748
-0.124766199491981
0.446278697327016
-0.264192498237752
0.169926400727458
-0.489352268972977
0.595323103911067
-0.078286663035994
-0.073987988402254
0.351689237786424
0.518471141321777
0.305708019268892
-0.110992132359350
0.316977864952785
0.070197995589673
-0.039020261861994
-0.030397992350395
0.683032948380661
-0.257257088866701
0.460449139313204
0.054574883596035
0.191616759458255
0.589216461245252
-0.428118066852836
-0.086257787918718
-0.117701297144417
-0.314878609504559
0.580384577634417
-0.158284786804670
-0.537630404285007
0.037890774797923
-0.326599828555452
-0.320719983548724
-0.071204712967085
0.636738921066785
-0.000768379454226
0.342921441958861
-0.232324666485661
0.007834249127859
-0.086359070857723
0.243883019905123
-0.329483688831745
0.569026613511990
0.098792312105448
-0.056713362427083
0.352922528502043
-0.309237672432124
-0.077484802713648
-0.415379772684306
0.600429018421916
-0.289421674081602
-0.150807552720549
0.650707883148422
0.222698385480495
0.083083912095560
0.423816363578887
-0.150727660132440
0.694916230387440
0.104114086224335
-0.215260136722608
-0.454791042845076
0.129143458521133
0.368744397563259
0.180134179687880
-0.066086877899386
0.309831820054034
-0.128838407425476
-0.082929970429065
0.870561337560749
-0.003691017898338
0.426722704037872
-0.223807943004689
0.260297689872643
0.602893975861321
-0.024688693464514
-0.033862253128527
-0.467468588308261
0.120669313546315
0.054261993509500
0.120435846859739
0.576355380097354
0.727649958781046
-0.169560685584652
-0.056687340188352
-0.090127270636882
-0.211522312982033
-0.208287463703958
0.358611547506300
0.631204670668515
-0.223124490936807
0.015950071614101
-0.328955063110946
0.011971864320768
0.286939399420540
-0.028480514091172
-0.110633102226141
-0.349728375217882
-0.140281362948363
0.599307590775236
-0.066203722399638
-0.116295661185926
-0.353361462519917
0.261631758649059
-0.406409697571865
0.620543434532792
-0.102051785314372
-0.300806311106816
0.063640289203875
0.073294351837871
0.646354706638585
0.252650177221221
-0.348620162168503
0.222164185770586
-0.116580256241752
-0.197926051751973
0.336974759568378
0.630067615238581
0.062636183791526
0.660290031992380
0.030079952779094
0.132479040238799
0.085981091488614
0.535349107256605
-0.077225389600269
0.652341856658543
0.253934163057591
-0.428903917782015
-0.019109288294138
-0.221099990112437
0.709258105096633
0.283527759006596
-0.078529129478480
-0.074755892030914
0.305393604743995
-0.368029944470476
-0.174341459976371
-0.050650488107948
-0.264622002760176
-0.146629252997568
0.793481356713875
0.054361884105280
0.571290499532087
-0.096220918848616
-0.452306527417687
0.166569401226939
0.433970126924476
0.073001176386641
0.585487519434245
0.038115050422022
0.009107413335892
-0.143353122646616
-0.073414329957057
0.076799031039421
-0.084949617316981
-0.008314248479718
0.732638763756241
0.310206180936661
-0.213135784230795
0.135883885417424
0.014727076269040
-0.333631371303697
0.727437737248490
0.216742416922885
-0.120658869682406
-0.352808331434681
0.568228938126859
-0.459563775573617
-0.086851181869730
-0.053294485380129
0.176378533892220
0.286850652561782
0.329516286438084
0.496489388912233
0.394432856860419
0.437488437535126
-0.227543528873379
-0.309138679457758
0.064141865033023
-0.325400597129871
0.160311129190433
0.603920019485859
-0.358277294270865
-0.075719672819283
0.636559846836523
-0.471049417537301
0.288062031000594
0.118273109816127
-0.200407349830965
0.154513574643847
0.187845107468373
0.545325607781815
-0.246035551653274
-0.309981410044157
0.200778814509524
0.015890067854205
0.511436994008515
0.147225713127806
0.574850066563416
-0.036629990664794
0.164519162506729
-0.083320124354585
0.389447515372329
-0.212640569541035
0.236135477183568
0.599742476263322
0.452318382283921
-0.378320829694682
0.258525399143214
0.169751965178359
0.205842068147176
-0.028840248087063
0.753806757472929
0.358935995073431
-0.267266767018530
0.597422675751526
-0.023235378118636
-0.088810193662803
-0.209548428900645
0.344620313629768
0.203988264321792
-0.047836258325180
-0.136447259210580
-0.000000000000000
0.234715843678679
-0.124248796342815
-0.333005676232887
-0.024587047638044
-0.197070436895991
0.088143245860997
0.520619157920112
0.000000000000000
-0.000000000000000
-0.073212804401593
-0.338469855282551
0.135519532929798
0.498313256461718
-0.184796039597530
-0.285007194165815
0.029323114903907
-0.250574741790650
-0.000000000000000
0.006057211323587
-0.302294813691543
0.331323386586925
-0.136613168932396
0.000000000000000
-0.265903651354286
-0.482225609603856
0.215957318124558
0.120279054479123
-0.000000000000000
-0.335059232240886
-0.055410586943885
0.230931715912994
0.431348706253562
0.000000000000000
-0.202451063416040
0.369779032712117
0.357917734657077
0.415491528493986
0.342925833405814
0.343976698930567
-0.001914845131803
0.000000000000000
0.296243816214640
0.266395947827833
0.277687354925898
-0.581115791262421
0.000000000000000
-0.281383264511278
0.057687969334467
-0.180037548257261
0.000323881461951
0.000000000000000
-0.045467508375143
0.254093283793658
-0.017807663867239
0.075076992382944
-0.087200943853060
0.079419092335360
0.370695776460756
0.297398867086699
-0.000000000000000
-0.164504471552806
-0.191359658119836
-0.007952756761522
0.000000000000000
0.233106972012383
0.496207833485600
-0.198798908389291
0.237018262937148
-0.146068818377559
0.208853625104921
-0.000000000000000
-0.064272735458975
-0.339273446719047
0.256228301465828
-0.048438109974470
-0.000000000000000
-0.052658303615534
0.443531492672712
0.241277078217564
0.228747457196019
-0.000000000000000
-0.025171082405323
-0.069952329635301
0.170266963342334
-0.262693496966501
0.185911608187221
-0.114762164672334
0.000000000000000
0.168256851574742
0.176472734601174
0.415017003716998
-0.415931654718422
-0.012023147789735
0.245215098593269
-0.323319696970506
-0.000000000000000
0.168890601709584
0.542587694780041
0.131064106827573
-0.111319223269257
0.041554686105735
0.297283270030778
0.000000000000000
-0.193183034661501
-0.123617258645208
-0.000000000000000
-0.085876161673400
-0.481130890993074
-0.202096758266224
0.003702997672914
-0.000000000000000
-0.021451531087993
-0.113387504605567
0.188959010101407
-0.220608159450327
-0.052335887930574
-0.177464583540041
-0.121142403129714
-0.126991338681316
-0.066380631614351
-0.138319698091617
0.000000000000000
0.207510276127050
0.063104018656522
-0.280014072613229
0.451822760123932
-0.000000000000000
-0.079776127564693
0.348214082700382
0.049102560174507
-0.262105986250913
0.001077485216332
0.473038988246502
0.000000000000000
-0.000000000000000
0.131750785184687
0.235539654348437
-0.012269695733147
0.186526423222457
-0.484286201902877
0.173484339035339
-0.000000000000000
-0.094555534363019
-0.237509931765807
-0.366141557455221
0.291678841617120
0.074990855966474
0.194942920134790
0.413378411387889
0.003113119753750
0.434670909286157
-0.000000000000000
-0.113851782051501
-0.196282393717876
0.305622720466432
0.173734206017662
-0.251904866196997
0.000000000000000
0.174647202197328
-0.048571966563065
0.004039965287466
0.407848134962510
-0.000000000000000
0.457006592254780
-0.292821385267707
0.110624657725141
0.081594310730191
0.393490195008139
-0.079560335258224
0.000000000000000
0.248879083332736
0.000000000000000
-0.302364847486140
-0.119036162755299
-0.051790446877536
-0.278261945275656
0.199935529765101
0.000000000000000
0.144115823932799
0.045556541867719
-0.051329512409523
-0.453145822829250
0.000000000000000
-0.329512472778613
0.133765863064449
-0.161834005526410
-0.041647029428555
0.147315622284180
0.005650463814294
0.271203437039234
-0.067450956251174
-0.362253845096458
0.000000000000000
0.183264976257763
-0.000000000000000
0.140445714391087
-0.036654552197861
0.213168072789748
0.319314671793588
0.264408500556789
-0.000000000000000
0.400911411300445
0.488805689483256
-0.278379468586124
-0.341912390767264
0.172541636956479
-0.081951133926835
0.403298890396486
-0.000000000000000
0.175199647799888
-0.136137701521495
-0.277923256300785
-0.278536589939132
-0.249412133079131
0.000000000000000
-0.114049421068085
-0.066584512639780
0.126760368592082
-0.000000000000000
-0.315832376492006
0.082306181613589
-0.414183935125563
0.246520232444430
0.057410289196304
-0.129198409723532
-0.000000000000000
0.004148995986307
-0.046528601234318
0.141487787333382
0.334227412868058
0.221917826829588
-0.005849309589193
0.462083018189390
0.000000000000000
0.064262802559529
0.313931483349993
0.000000000000000
-0.164834888831289
-0.005983307054014
0.147180441242587
-0.402196620768611
0.035604075982918
-0.434411101941226
-0.000000000000000
0.323542149212603
-0.288518250613642
0.300069211242228
-0.058913181508429
0.162929216887382
0.071358455937463
-0.000000000000000
-0.244123218563331
-0.306890272268245
-0.406863482449809
0.123028287206820
0.034050294064841
0.003861928383220
0.000000000000000
0.007654324274123
0.153545319869147
-0.031887262405691
-0.375004834514681
-0.044093244566981
-0.131346780703468
-0.000000000000000
-0.056963855076454
0.115247252021214
0.000000000000000
0.519188736700735
0.123732202774733
-0.025381487588418
0.319000050938187
