0.462259626163588
0.147221974328773
-0.228199559237643
-0.042238479857025
0.671260588416302
-0.120090410316563
-0.236120868170239
-0.114789508532561
-0.233419561768209
-0.214304341637949
0.719291752812079
-0.246940493473165
0.564490370573593
0.090779251977643
-0.119563827964216
0.344510381528810
-0.167807930763900
0.145694990081993
-0.059134205741212
-0.268489192300453
-0.357530357675150
0.670248724908502
0.247811825809511
-0.359092606757820
0.035366841960470
-0.409581316591538
0.464935576980691
-0.100263326708335
-0.065246856831992
0.605304374272175
-0.042177983162839
0.720279132896617
-0.065531048047817
-0.057883068192933
-0.375120119657001
0.149124513336679
0.182332602294245
0.293487707151682
0.682538509829849
-0.076012391163441
0.382092149795505
0.286670888481749
-0.110950813076945
0.308191474780601
-0.237882957558281
0.316905204359621
0.763875868272183
0.105011579214389
0.669928377811898
-0.164846652536178
-0.407379178469927
-0.245209678083529
-0.059247514612944
-0.415692190807081
-0.388877415031869
-0.028029603140533
0.684743507079327
-0.305852221615825
-0.087878966655929
-0.206413658296506
-0.406285120474280
0.637616140896454
-0.134203269572063
0.025455146545337
-0.256631805590246
0.069013846447604
-0.201424023453479
0.152471044825107
0.047071087347258
0.691762844958323
-0.121170878684522
0.287963939020410
0.289942370631507
-0.004190469106710
-0.303956633429613
0.756247017160066
-0.092793241076695
0.024373174667436
-0.412253429939037
-0.350933667582285
0.279522329782824
-0.153942983067362
0.582988706469785
0.192098515949793
0.326007317219145
0.194706125465977
0.306819378031360
0.644437257166283
0.014537010973653
-0.342463783506139
0.081878682077946
0.273961853642343
0.634954208335945
0.050186113000428
-0.331186871368789
-0.505321593501318
0.344598586996271
-0.383502559774245
-0.023703085054474
0.540844079230943
0.474985598089227
0.370400212079047
-0.234323303878521
-0.093830099312603
0.303912036384668
0.189232902845494
0.665313023277557
0.176931222733559
0.266553530625901
0.267146701195857
0.047953599175126
-0.511308532117162
0.570362621984452
0.020483181813933
0.662956502931952
-0.015864861956480
0.463718803336779
-0.382496580835371
-0.017780808882807
-0.099591553475926
0.128002015037649
0.087707430853437
-0.312953025857549
0.107903706079403
-0.457299966518240
0.583352545888124
-0.160657994429386
0.292944919211832
0.380171735363926
0.224535800922543
0.563691589737542
-0.359627041848767
0.016562766226166
0.215499264294396
0.773874365569211
0.203989074045213
-0.195856323104561
0.318216062231586
0.608924989670492
-0.334764004534181
-0.209772192116947
-0.059643436046299
0.011581584043973
0.286248885937898
0.336601229066147
-0.237309960633734
0.057746867630065
-0.386055677579382
0.454611064723917
0.596997063312028
0.156412260318355
0.521425818202920
-0.329657802010830
-0.012926282816692
0.319047057441095
0.195312755521509
0.183595192861310
-0.199085879252013
0.625999306575522
0.328283192079280
-0.025441604646469
-0.063618051658003
0.608552258451887
0.226058601005680
-0.275094485964316
-0.096761427753144
-0.215375124675361
0.157667144832543
-0.239741240233401
0.086973546763737
-0.304250750386949
0.316224444199719
-0.011151419789101
0.686194513730769
0.073731589652022
0.583184518407402
0.183173118334389
0.641460152472881
0.098144291942066
0.261353524666164
0.678100122358067
0.031328266781131
0.177948278633439
0.258097835245916
0.358479473200948
-0.123098565363092
-0.126620076614250
-0.143945978601831
0.738965214153524
-0.018917859580091
-0.048890374010048
-0.037350257784503
-0.404224352448946
0.174098393850486
-0.014668473306804
-0.283425548966956
-0.094217383435561
0.627826620430538
0.318295895989374
0.774396656539281
0.320718422704167
-0.035424388617376
0.189780972803548
-0.149916811689682
-0.180128560113595
0.023572604996096
0.258554581137741
0.729219578674527
-0.021133624726069
-0.132804247926375
0.091125195040446
-0.149223261668658
0.176930335376227
0.331066423328331
-0.173827835300008
0.690355045142924
-0.354679346515633
0.508771087979239
-0.309105587040290
-0.057263281452202
0.123620481790742
0.226071631946197
0.219740665606991
0.612143722347184
-0.177303741513251
0.281826721880684
-0.096806758005854
-0.217267419611137
-0.126061038292991
0.529991601611378
0.245491631698395
-0.038737149662009
-0.441868759837481
0.110026935976748
-0.154725575149368
-0.430651019943522
0.112486827622106
0.012956048992077
0.055286493004063
0.571151319134901
0.711721476836496
-0.076024285573105
0.055262908029411
0.134817872873313
-0.311353674388602
0.369798561585076
0.547993227929421
0.224879793154860
0.275993146265227
0.104855381164730
0.319748772896310
0.354802376732489
-0.360116893071024
0.246521590864198
-0.381728974575022
-0.297413223495711
0.467441435120236
0.188518938349868
-0.060099619656139
-0.069548017545451
-0.113906384668640
0.063291960451718
-0.153989058761071
0.655391852652497
0.571337159924034
0.411041892691916
-0.073757373350079
-0.007464028008925
0.043397544191415
-0.006141570608980
-0.330041792395758
0.579242389664446
0.234397547188401
-0.264156149890448
0.256038310055687
0.108803848256939
0.068480635256609
0.433637282025645
-0.082623886736981
-0.033169042508736
0.249730659830219
0.784274663666824
-0.030331744970605
-0.096750620652257
-0.418306290883060
0.147681355132568
-0.000000000000000
0.196721841873893
0.015475511651494
0.433857696207575
0.090856613224814
0.173935076536201
-0.000000000000000
0.159118514536955
0.000000000000000
0.080012834765088
-0.461744920979371
0.138630569360600
0.231709645629003
-0.445221388550772
0.123977973865865
0.170100373825125
0.256221100438212
0.000000000000000
0.079338644910887
-0.201862924094165
-0.079364866257886
-0.101720697977707
-0.041797726880984
-0.319478821758031
-0.337141392307279
-0.000000000000000
0.180802450780129
-0.000000000000000
-0.473293999241227
-0.018468983729165
0.218406959297362
-0.063887062881244
0.157258878758511
0.094383416228852
0.000000000000000
-0.021190641552201
-0.331640473473364
-0.191664932889698
0.245314876663508
-0.066244956436112
0.056455004808651
-0.262027474152333
-0.000000000000000
-0.068873799527128
-0.000000000000000
-0.009931170467832
-0.004489737189010
0.082648631582941
0.325872262392475
0.092105316900077
-0.139181856512360
-0.421266347934509
0.000000000000000
-0.173687708280778
0.085951007010073
-0.029124107904664
-0.238461810078454
0.000000000000000
0.165405337585955
-0.229978684067255
-0.190487421521519
0.407060397984124
0.259905053718733
-0.076054488718275
0.528662633574290
-0.000000000000000
0.070437652923359
-0.006576095326668
-0.052876870537350
-0.457953598278186
-0.049042227834538
0.000000000000000
-0.133864542475986
0.097824950917227
0.078608477760196
-0.209585578855609
0.109039616774404
-0.279329945159461
-0.000000000000000
-0.297091837564267
0.001889367054808
-0.049367387984095
-0.005962138790173
-0.000000000000000
0.471524482975566
0.063772118642041
0.309809590988965
0.014037470763505
0.000000000000000
-0.054853331927679
-0.219813014285993
0.003866832735574
-0.037071778374669
0.110488232139359
0.047817536957383
0.000000000000000
0.167496005490735
0.185397993023013
-0.022402525929733
-0.190644230637369
-0.289666212744028
0.451821679661482
-0.000000000000000
0.096303514795569
-0.325196795418745
-0.071658073353870
0.323412669094379
-0.229400529228747
-0.000000000000000
-0.002149139035004
0.000000000000000
-0.003345124824019
-0.077219741414432
0.418688081193886
0.072711273445573
0.045857025897066
-0.297656011793237
0.222816310835279
-0.338272790440277
0.028326773490587
-0.251872062343262
-0.000000000000000
-0.334557748145953
0.229949284052199
0.136326200577845
-0.143282007340938
0.000000000000000
-0.205974427117477
-0.130318333204555
0.031204406657131
-0.000000000000000
-0.052408382540326
0.284432909509301
0.267518602623945
-0.000000000000000
-0.347142157333130
-0.353268923766901
-0.261718129167304
-0.241090044255592
-0.124826879769924
0.007496834833185
0.009859662586669
-0.105384098440038
0.295776568952150
-0.127240685577575
-0.000000000000000
-0.385627478871457
0.000000000000000
0.042813011214033
0.454747488856450
0.236055917471689
-0.204479062995720
0.048086617687844
-0.561482361548405
-0.000000000000000
0.311027876783468
-0.060235469394464
0.066156504002969
0.000000000000000
-0.332916958365397
0.193781389574706
0.357859597989246
-0.194983532694568
-0.328343625854441
0.363495417642446
-0.167587383463253
-0.299148644078812
0.105780577661474
0.102528850715409
-0.000000000000000
-0.176282369085725
0.170006635115556
-0.133849370853041
-0.000000000000000
-0.106097118610919
-0.205786302996861
-0.000000000000000
0.015494798966033
0.384313053058067
0.176909645095060
-0.342723203462670
0.023771065713736
-0.184729276635751
0.230116384421061
-0.000000000000000
0.398416399777537
0.082347719581260
-0.400548245930223
-0.099927481826955
0.213965638632927
0.256396858495144
0.291161351113587
0.341208086068491
0.000000000000000
-0.164192512859724
-0.000000000000000
-0.000168005695581
0.103864264916984
0.078816791061688
0.304025323477780
-0.009472863049905
0.127574329768858
-0.076527008344754
0.000000000000000
-0.283747976925715
0.497562587267383
-0.313367248888562
-0.223995985966771
0.119379015146933
0.393542450006961
0.064906459420698
0.000000000000000
-0.125114871362401
0.000000000000000
-0.382866989367885
0.190967860546766
-0.479787941930087
-0.145714556560082
0.547383528599004
-0.000000000000000
0.170436035658905
-0.230002322235236
-0.088202840661049
-0.142114482590395
-0.444544319725747
0.000000000000000
0.135188547317191
0.447625405750518
-0.042182433011025
-0.126702108242413
0.204247274989425
0.259277007241732
-0.096736851949949
-0.228567457232294
0.527224342484721
0.000000000000000
0.000000000000000
0.150895804236544
0.206055113358649
-0.303167130683770
0.008589825934463
0.274842800784551
0.000000000000000
-0.332962940899052
0.097124169104384
0.074984953776734
0.408518744932163
-0.202568250808489
0.091091675596071
-0.383513746272010
0.034388879301517
0.218300797574753
-0.000000000000000
0.342216433642138
0.320022680089088
0.475323419720493
0.294352651155598
-0.164253031741681
-0.281691410448280
-0.000000000000000
0.000000000000000
0.288443809121917
-0.413237311826135
-0.440444647877512
-0.219405835724020
0.033259120154045
0.162262023203444
-0.000000000000000
0.002004528058288
-0.442924360073194
0.248410941586800
-0.263083878393077
-0.170962544453671
-0.137919738056338
0.150457961864857
-0.172173620811987
-0.146146049961008
-0.000000000000000
