0.258932654362533
-0.037856277067609
-0.463305593806118
0.103769236625147
0.352280510258979
0.212818100644066
0.211468124398781
0.502359430423924
0.121307551564162
-0.151061890363866
0.487095655840451
-0.307786384474544
-0.177849685308035
0.377934186709519
0.223952319448945
-0.153600666206802
-0.102227877819714
-0.054844335002021
-0.049733267726561
-0.173781969950356
-0.155706121299769
0.009317671785837
-0.216935244115824
0.094091589668961
-0.221830313979640
0.065708092296163
-0.173738529701402
0.381202830798755
0.105464442898338
-0.038742889447167
0.398880168480784
-0.107067456689652
0.393561425629210
0.080749728835194
-0.398512698677837
0.354813997459476
-0.313123293834935
-0.471325211981284
-0.037054924261117
0.521624952698742
0.082834233820128
0.002471867050524
0.625310265808679
0.268339035827063
0.122256117040756
0.172279734610409
-0.411727384700519
0.009705434279035
0.001239960445411
0.119784050969208
-0.082132933931426
0.078037869377009
-0.393071944698609
0.208108957972836
-0.062021318483734
-0.188141074152145
0.275622931472245
-0.228329321551819
0.037149995526244
0.308020039940161
0.494182871925460
-0.229244662039052
0.305053417169086
-0.064819705800114
0.364032368418818
0.294252915579937
-0.298330230725756
0.039572806450812
-0.258796262278157
0.103426282605874
-0.141689569881016
-0.569626762501148
0.316356774353262
0.346800879624377
0.079173182769940
0.185574351006834
0.113984502487026
-0.059138769183543
0.314690488489604
0.172831715001686
-0.082186409872686
0.160111848050273
0.288334527697681
0.596177328202310
-0.004195416635759
0.184129307746641
0.409646834929947
0.093432100890097
-0.350144906868966
0.501106920697092
0.022995666240649
-0.248806211008688
-0.393862354739810
-0.231933797248867
0.369185081207170
0.231769535610608
0.772526425260457
-0.170921204536961
-0.206225610568565
-0.027077679053325
0.077401310890061
-0.339590279021224
-0.240152838992402
-0.252331079828711
0.371196637545289
-0.039718861599739
-0.198783324177680
0.019584825100252
-0.183235877013112
0.153388863132341
0.212480513745173
0.488126725438651
0.228226296301796
0.013655945255823
0.292159988722384
0.682660515364816
-0.337728992626385
0.168979020627626
-0.106723068484865
-0.328844736061518
-0.140373884747773
-0.117894815995504
0.035876715121083
0.484778596414567
-0.206586211580634
0.388796277249512
0.159150107851097
0.239869651375482
0.268672778069914
-0.219023190982084
-0.296622512396010
-0.013118049459830
-0.226829933323026
0.007217028314924
0.166615228652484
-0.212527850474203
-0.105736810755927
0.622142690650709
-0.467590721850822
-0.135613195900956
0.323946681607734
0.007777953615303
0.160926439303684
-0.273328104216860
0.225414716690506
-0.364481595507913
-0.240706961786037
0.015782735086656
-0.290871520938423
-0.269670333769428
-0.259753633992256
0.187407577422310
0.297136474832232
-0.109709861829842
-0.023523342831158
0.069358126059281
-0.207964328028677
0.136277804237273
-0.036440186174205
-0.404327001111587
0.223137810811869
0.110261310052150
0.096971256832439
0.024909398037546
0.462632483415345
-0.357639103530939
-0.149016298490417
-0.191810044482099
-0.455181457165000
0.340521900242291
-0.293690240353827
-0.183371689569912
-0.050211279311751
0.163491656710534
-0.134450106303837
0.203354503297463
0.192261810565347
-0.714977731603849
0.396823515724582
0.250868878153695
-0.075288858197764
-0.471486414839292
0.375011829745298
0.158494443141687
-0.011297206373833
-0.279464637508837
-0.315839710393504
-0.068745952932246
0.143535734785420
-0.483163962252753
0.343343449461939
0.258070748232653
-0.292236952020875
-0.263323503358901
-0.603795782436633
0.308745022097189
-0.462682617429768
-0.123244251851935
0.013394837101256
-0.168400780679182
0.286856470968109
-0.131991049071839
0.053695414733720
-0.580410906069357
-0.249956289764284
-0.235997008893245
0.623075979098587
-0.105275602177199
-0.065396943903074
0.128847769825111
0.098637957570708
0.089073056768929
-0.099930702044823
0.277200480461194
0.656223724765816
0.098256858831772
-0.020355110614291
-0.211601398117662
-0.288297522213277
-0.067676929711325
0.064638876829625
0.631621478959073
0.229056990259132
-0.221615934263613
0.160077716598496
0.033458657813524
-0.565505073891568
-0.507241828830422
0.528565190584612
-0.426306040250414
0.061721985701717
0.200699903159475
-0.250170018689919
0.232264135587425
-0.045034073887897
0.079997452819781
0.215362323415517
-0.045794691144665
0.194621555947001
0.392795338586288
-0.328016458098234
-0.202059558131986
0.244322592142582
-0.021723148740011
0.692493472881219
-0.288490879162118
0.146716814249114
-0.237381300630606
-0.497452638165854
-0.216251054530640
-0.193848392603998
0.067836927874070
-0.447503965425766
-0.129609380757220
0.093968088392709
0.524723935323200
-0.071734277488984
0.090968116598387
-0.355245407409147
0.177440983267747
-0.068797909537150
-0.011322443726384
0.152695575098996
-0.465367655775695
-0.007234139947358
0.047324759747808
0.310067345362462
0.805122521157749
0.257552142256010
-0.331059571719208
0.220766777157898
0.037676551337535
-0.542953213507154
-0.406805900456673
0.551416181809343
0.088588102495304
0.062612842334635
-0.142568041453851
-0.130112469458792
-0.045491085683424
-0.674194227188442
-0.026002431044797
-0.390167069687956
-0.132114247146495
-0.010648102232812
-0.540097162274543
-0.231600151867195
0.146853939369770
-0.291823287856819
0.089294544562569
0.109008386896893
0.213609331580172
-0.150701532080762
-0.400036633430472
-0.274301462944034
0.535605401478755
0.073133752571172
0.248231787610468
0.555418942282180
-0.027509772140726
0.094518190025129
-0.415197617404692
-0.429129576506591
0.393561111933590
0.521152286573474
-0.308408963218663
-0.247228040942311
0.697221873779869
0.136315978786587
0.390149198173110
-0.077482499206654
0.185222291314712
-0.093710017057020
-0.398956449676365
0.179846740402581
-0.003295529804276
-0.295758130495865
-0.309092727704975
-0.498629639661696
0.052220219676740
0.157442459243922
-0.118623028815147
-0.133016250572224
0.302591681235503
-0.274018064422520
-0.035530075378922
-0.420769267747215
-0.252254303215927
0.021619840544166
0.072429413117596
-0.316552097356558
0.549080216894873
-0.319548389414806
-0.281988691153298
-0.433384570915513
-0.062083228741750
0.118190093987595
-0.238140185072295
0.345652565760968
0.073138761189626
0.347206647025392
-0.648336694362766
-0.122709451937080
-0.164576267237947
-0.131123182817319
-0.191020695557729
0.534193240339029
0.075359659576983
-0.202915015827061
-0.030135220191358
0.335668864541334
0.425774184070870
0.263324332135029
0.286060135057616
0.483424040898420
-0.112702335242442
0.546415358801306
-0.027767078638816
0.147514930984576
-0.393636149536769
0.345526199909024
-0.287203569049236
-0.077539997164792
0.340375794333528
0.253811346887370
-0.109461870664443
0.227353138414523
0.375602443203673
0.432736052129296
0.138983797089159
0.083023804722604
0.097941432409624
0.246786158905524
0.480383157009405
-0.227909910526419
-0.347001728782319
-0.260506585163286
0.082115116232643
0.025177813877951
0.297786562625466
0.110509795702016
0.136051850356328
-0.274775114057803
-0.117811277026030
0.341378681934180
-0.255760212723517
0.502367460344024
-0.369601308777719
-0.324238076693647
0.152746584600519
-0.468482077670032
0.273309408596920
-0.533246349950780
-0.113339062678790
0.091262921282339
0.086644390917789
0.247371530996038
0.280932107491215
-0.000780682783717
0.155778568507199
0.111735032130758
0.098009659997774
-0.211338684297591
-0.260539155551946
-0.117633896638877
-0.573795026619003
0.190555906947175
-0.210531327014206
-0.120953729148952
0.180942251719097
0.344482866747408
-0.473746835989226
0.026915613654364
-0.563579375218377
-0.391157846363417
0.223087193292869
-0.307793038567918
-0.070095121930176
0.277816201015543
-0.312604374068865
-0.593828911581163
0.107165999830881
0.192311165653222
0.306853177232535
0.054214264023332
-0.243231343461513
0.231005861702894
0.086237540285673
-0.699296330884137
-0.207450046003974
-0.069855722746014
-0.055612784293386
-0.552629423670624
-0.284412261882051
-0.246376048728335
-0.340770021804663
-0.317071473304216
-0.357864380511986
0.240839049556324
0.060521575334070
-0.784273100549893
0.108939920456663
-0.150601065427896
0.011124564703560
-0.347101364846666
0.373968465101234
-0.196479188763501
0.341485755279344
-0.389217513960417
-0.148344084999321
-0.099734402384418
-0.349803186026755
0.130386880309006
0.520077120858787
-0.157039936051864
0.288570851999189
-0.199786271479082
-0.327578264079926
0.066813268688274
-0.086866608874949
0.042929159977549
-0.104563143594732
0.209157028518064
0.579074113283911
0.084204682901302
-0.013830354915133
0.134485739844244
0.351579385335182
-0.221911817240524
0.553917120195070
0.162780163234634
0.060719208657434
-0.049802270424311
0.261248184058270
-0.279537729472215
-0.077864262751387
-0.078254459276551
-0.169356888453464
-0.074364146865086
-0.177655235761585
0.562632156114474
-0.142723674779469
-0.140142305151636
-0.291912782866495
0.276158143638458
0.118119502022915
-0.061277521058981
0.014310888318444
-0.023343038419993
0.416175135445174
-0.148319442357834
0.511797904351017
0.266078066336308
0.390284753187600
-0.272305163728143
0.326467123160503
-0.184953578897394
-0.131026211314328
-0.048981754457146
-0.426460045331607
-0.496520203377001
-0.126865183693483
0.029286395193774
0.127431746061644
-0.073110108941073
-0.024554159289182
-0.203212728898923
0.169031890625811
0.229772693237313
0.407399037415527
0.200353539564437
-0.306020198073330
-0.305683803698551
0.323828831534246
0.007263219209182
0.214732207633190
-0.485582974834828
-0.311300736504470
-0.117262499401976
0.526565030174323
0.318265651261413
0.160982309755112
-0.044650141904818
-0.191536543068345
0.065933525410109
-0.348599638047685
-0.199088505044852
-0.156372836052984
-0.027160922380994
-0.518826904732673
0.082749574865153
0.177058065994879
0.280760164821779
0.445846618043862
0.143531698488542
0.338203405525451
0.017892239104730
0.028486793865775
0.580085870112559
-0.112877173410659
-0.150910477191873
-0.350364601724784
0.007883052294823
-0.474647973219766
0.241968937742362
0.410048680147564
0.039073874017894
-0.090552167629798
0.068131743235949
-0.154543427574102
-0.196389848120018
0.024277870796035
0.115289996209688
-0.179179036478632
-0.103490493703495
0.011517807936672
0.348398515294471
-0.004923355371130
0.405470602608703
0.081153249023890
-0.027019003479154
-0.048243060872179
0.179924593769565
-0.543248351336243
