-0.457655206153979
0.441556439314022
-0.118057137240141
0.111817315286462
0.515476160269979
-0.401804957569933
-0.414159286247901
-0.150672815554625
-0.705535928438707
-0.154605786759855
-0.034383546237486
-0.254370548897349
0.120958814961286
0.528372286290736
-0.436744345504963
0.317789825629989
0.124463949899792
0.279525759239794
-0.242414363506422
-0.060964345861591
-0.347520796480316
0.323334764800965
0.056176871819153
-0.499678372330682
-0.293064572334194
-0.216993193514784
0.134732124394818
0.357910474315040
0.221740996545389
-0.593107710901272
-0.181838491091722
0.075595316615105
0.116600280557815
-0.626219260377789
-0.376966753180866
0.136307310391111
-0.278949857106935
0.536403882375810
0.112519242050030
0.318197084458282
-0.245531776482761
-0.550873287381631
-0.062861758977524
0.306650112931696
0.214260809171681
-0.201557331639570
0.265170548590437
0.627454300526502
0.372137048882449
-0.185753442627345
-0.032358883224569
0.437635230345894
0.204984440856123
0.145933400177553
-0.304817378497907
0.044935557780871
-0.568328784785985
0.008553039614136
0.120513113565601
0.310475881196986
0.350982857202005
-0.017150329521632
0.047167715743993
0.354898268079822
-0.387196084294933
-0.242813618514207
-0.585779679034202
0.366020884395635
-0.062586538427096
0.144823322938323
0.036009703531962
0.043463629908618
-0.266384746030854
-0.540892906926793
-0.010295245004946
0.280185661878516
-0.023671254385650
-0.105844128608761
-0.223450465755208
-0.363486044170359
0.049626500807863
0.513664841516826
-0.373791359377336
-0.279835736794530
0.067939910881991
0.454955610665846
0.232817075890499
-0.341852714199718
0.074060371938687
-0.672530976984426
-0.001143013219041
0.263851730512405
0.312180786839170
-0.144740010454039
-0.199802870180386
0.264269751597643
0.028513743333063
-0.250145391365306
0.174132289447111
-0.096477070519004
-0.320808166636877
-0.002171767697733
0.169229071484146
0.504335233282414
-0.455310321376427
0.077955456113528
0.178487155399265
-0.160820475059304
-0.238324691534302
0.125739371696587
0.147791555666971
0.269214517056523
0.028066080708521
-0.024571342153497
0.140184029111817
-0.316129547922591
-0.055380708158343
-0.329106188396221
-0.423699812493927
-0.011761659128290
-0.020861715471133
-0.069036882563809
-0.168082633420204
0.214901789176584
0.354025821199240
0.439776975218740
0.243389772539623
-0.024948573674320
-0.167041975574610
-0.137947200151967
0.136367938889783
0.250435924941813
0.463651844996220
0.100899883055181
-0.244808235454500
0.319956619528549
0.233804653333040
0.044255855165154
-0.045147399040143
-0.142407542370549
-0.232856270521260
-0.123033862387103
-0.025685699861122
0.240213988148104
0.601559882787905
0.136262399309900
0.151235002563026
-0.001721702061324
0.527597620878707
-0.112889343853356
0.147104942101019
-0.723082874729982
-0.386798964297322
0.027882443478046
0.283737971458217
0.041171517518677
0.013897193560338
0.185037276218191
0.253447805543237
0.416402507920097
-0.377058760188904
0.376269710817654
-0.259284152444314
-0.235162714962957
0.097946358054668
0.466400948677161
0.006669765818453
-0.059266103403371
-0.293995379273037
-0.228447270260427
-0.211436122626045
0.358477656427843
-0.126305467342302
-0.048655193493943
-0.381527569674667
0.515541239370691
-0.079519839107794
-0.478928306391403
-0.092980912513848
0.406364521580125
-0.518212223226870
0.098219591536196
-0.262543773217522
0.380958553113924
-0.164138398872933
0.168692078432064
0.006504245055047
0.312391161020206
-0.053257342363264
0.245261697161412
-0.019839301615732
0.387293029979326
-0.308358876548037
0.333979038913981
-0.359804449175615
-0.023801931286271
-0.159006965175042
0.609647235931049
0.224260628785426
-0.333329249986003
-0.254877702134983
0.222434364467266
-0.579017732849112
0.084223557004852
0.033659506408605
0.087771193787586
0.294880353781126
0.432504821757698
0.130271192922288
-0.317816112767255
0.217565579762051
-0.201800709390317
0.350867083955244
0.161679522082254
0.362350244835422
0.430238719201411
-0.025263096787235
-0.135237075438627
0.068865780049249
-0.176801402347826
0.272178995202954
-0.697423562482320
-0.169603852259238
-0.415376943302567
0.226878579331512
-0.126028922467898
0.385776059606080
0.419010791168483
-0.094053228799143
0.357145187435582
0.073025864966474
0.014852986538738
-0.481817289032715
0.098800325494230
0.086910406952480
0.516149928690688
-0.238106478167740
0.277628749398022
0.228843004192889
0.043743611215301
-0.647886517965645
-0.515127535599801
-0.286791533582168
0.100079084823268
0.167276378608687
0.234600891034384
0.341105328813884
-0.034029755082739
0.164869466019610
-0.215270512552118
0.365228116573330
-0.208317202543685
-0.441605560199595
0.017594764885392
0.363841951673595
-0.045436440328862
-0.421913085298613
0.033580123614476
0.388166866686295
-0.470013695459740
-0.125923074394667
-0.040577668283754
0.152861581878649
-0.278524471323600
0.570860263302844
-0.212349474659328
-0.129845687878256
-0.328750544759413
-0.298911625241510
-0.415449770713230
-0.166417532261563
0.176961111568868
-0.274923646599266
-0.329057939013545
-0.002040077715959
-0.414029323207301
0.268214249239207
-0.048456365873618
-0.150547229640999
-0.458599070627520
-0.196731020347952
-0.017941350083295
0.095167286297470
-0.224634264118337
0.019557343152170
-0.184832168697099
-0.246983210478914
-0.173931509332241
0.029697921836564
0.144160035891596
-0.255967477078934
-0.098018537222813
0.003868749900102
0.212532574204272
-0.050754284176238
-0.186741524586046
-0.154256354821841
-0.053159585137546
0.124350221014264
0.372380117519165
0.074729437780600
-0.155330324972008
-0.139040998436074
0.283119320113953
0.174087948726814
0.401649361220221
0.262806772443452
-0.061736282367959
0.430938924708136
-0.392300020120205
-0.193641648004584
0.096874740888435
-0.168514416508762
-0.368698472329705
-0.081243399573631
0.048437806654584
0.193081579184721
0.330553704842625
0.480971428000492
-0.106201191643425
-0.203556069072313
-0.289150042606977
-0.159103958701842
-0.042675639064899
0.277118239073630
0.093418010203267
0.200011362567632
0.087936699531189
0.132526027947204
0.077321771628827
-0.397680856051026
-0.160307657575207
0.038677040660232
-0.117383659188529
-0.229990337436464
-0.315353350297916
0.097463160771730
-0.194894270171234
-0.631489876377482
0.298725928991047
0.057885579361846
0.179645695153449
0.114826451860932
0.157838483836815
-0.506871148206196
0.200482344167211
-0.353972680770300
0.102817435282519
-0.019571542247878
-0.656131551376072
0.043004708851465
0.198087567536010
-0.157446437977598
0.206617852130604
0.083619512330391
-0.330319027448810
0.498603732609550
0.116523167795839
-0.315842175207704
-0.129505718414133
-0.162819366925644
-0.214302699009663
0.567644652699160
0.181811066663136
-0.280348368825533
0.199484356855473
-0.455867629647637
0.093617118852396
-0.109848837013869
-0.057789307337889
-0.183402046223405
-0.260736004081003
0.084156414448437
0.027052316005681
-0.100724406679556
-0.356779145669780
-0.084380704515424
-0.084726855431800
-0.124657458280067
-0.199172778589170
0.471831553859440
0.435896665506031
-0.329901139112240
0.354315957228588
0.515975505637458
0.165827067073568
-0.090774154453773
0.341960595845627
-0.349769469522442
0.502808867533190
0.128768996458217
0.307012956019738
0.281926227930641
0.161392853848173
0.431867287603879
-0.207422870292477
-0.089541568106970
0.449676440478806
0.617843041312380
-0.095467402941305
0.463986499906019
0.123800571849061
-0.169978508008710
0.443283586411698
0.271922056997021
-0.038700840728014
-0.501750541615440
0.191798789802676
-0.142113770221527
0.053154376346631
0.237346624999371
0.143001333717770
-0.676646532677410
0.209692712264811
-0.480392693244586
0.042718449325059
0.698240240497066
0.212171804020827
0.036941131862227
-0.213000487494616
0.687161308230715
0.065509411440681
0.091514304824030
0.195574336003096
-0.147323033928104
0.105400480715590
-0.412984776119184
-0.258664753773708
0.304133350267419
-0.368891936550748
-0.222470782395782
0.578294414786877
0.040601960650594
0.026028183841154
-0.038856295336463
-0.437795359395769
0.319154432327857
-0.090663645143845
0.253687512459305
0.332862879968536
-0.082060594393598
0.163327175021959
0.096572150887743
0.070902426793242
-0.051456591345366
-0.144708749189771
0.376694573144924
-0.439427966262919
0.089791914373548
0.278464184460866
0.133473182424931
0.574377691822464
-0.345694776328572
0.389621606139933
-0.166469154841126
0.006577070417979
-0.133429658157374
0.088831306625213
-0.331517254169426
0.337227455637540
0.607485902015267
0.226907593802396
-0.035007596868405
-0.179042203598778
-0.224624262869567
0.271320743140500
0.000738102882793
0.147741157734648
0.279275630817116
-0.406779929180426
-0.104457779577422
-0.393581278858593
0.142719464087345
0.150667299758635
0.076774976571230
0.306085807158640
0.122481416160533
0.725413339148135
-0.152244616783536
-0.158122648958580
0.014879426723228
0.146797026398137
0.269906657493156
-0.190674611078400
0.367038898040809
0.026444960674421
0.258094851035920
0.243854476279123
0.085150550834958
-0.492458001281026
-0.025355019746711
0.072921981175212
0.331568754201904
0.226662204078030
0.244551008569936
0.023360018971235
-0.597520283179315
-0.143093596745964
-0.197184444018238
-0.269000117985082
0.193473373592573
0.154660334868913
0.503142888464094
-0.143329543968394
0.066451313839713
0.258545204035307
0.439393076852649
0.195704092185996
0.265304601612650
-0.107592508737574
0.477187259321117
-0.263334406137105
0.020346338995376
0.132871837889847
-0.296284645647543
-0.063560663601756
0.154804161926238
0.109626486609233
-0.567120671150633
0.320366877100307
-0.340159968634283
-0.200466011547202
-0.226100033570187
-0.164822412468664
-0.273698467572568
-0.168158293949082
-0.564927040140223
-0.193293854683888
-0.154894369414132
-0.151635442098673
-0.089436063083832
-0.174424860507408
-0.202177595079025
-0.115405007541380
0.438848826243729
0.411621991130739
-0.309185095469048
-0.171476939645343
-0.335407318296394
0.180719044036206
-0.004150359773504
-0.073644693144982
-0.046586526540812
-0.007915315369438
0.159134459143670
0.676826227491009
-0.423340386403745
-0.354824372608568
-0.204846694313889
-0.056426097105957
0.233598121774388
-0.324247319585438
-0.269054094909367
-0.074438940386357
0.229076425370149
-0.033206161195899
0.139618695058375
0.301893136255947
0.487419262241209
-0.496599470208505
0.220107600869599
0.061923247823891
0.216139429566818
-0.050166923945840
-0.211525123414029
0.185096314587081
-0.345636390627061
-0.554937275095799
-0.234663048454476
-0.303678071537883
0.219578374575365
-0.008463958866695
0.468802635701991
0.624482002148979
-0.307595983967549
-0.249056350584218
