0.134154767477078
0.150306937662434
0.610542172643226
0.497806705036872
0.157950526496074
-0.391237099129052
0.438423081940260
0.009847257683481
0.014180704711322
0.614191186167466
0.038246143069173
0.124886173822881
-0.036016327613990
-0.356427365003276
-0.111343295484367
0.100765743036225
0.002968984228461
0.599877618745884
0.372208572136525
0.141613614499684
0.304580184010361
0.031765871408671
0.600059670890242
-0.238024439668105
-0.170295074594119
-0.382874041307699
0.420121138840804
0.253450110373896
0.597520515812771
-0.246995032420352
-0.185650510977673
0.173718612870078
0.286352190496203
0.637939479730160
-0.364919631848981
-0.032350096692003
-0.061771601080201
0.135232876765891
-0.153667984185990
0.006731401866772
0.021880179534338
0.573631785541335
-0.156499244202359
0.142468178194138
-0.306037397141558
0.256092048710342
-0.084679604115422
0.741788193323924
-0.273236124265447
-0.089632419875955
0.738966355208840
-0.070601881449252
-0.195410445019168
-0.243701293365373
0.093796721252027
0.708204886088925
0.003800766149209
0.216662366278552
-0.041545190947734
0.189363110993752
0.006583171752621
0.127997818909125
-0.199289894226576
0.347997740777379
0.570493249557429
-0.423227179018918
0.036561411859277
0.582693034545797
-0.291258179081477
-0.116694680804785
0.420128458916676
0.389897200062667
-0.074322239386338
-0.076669771102324
-0.313006642787669
0.583933262662063
-0.467364631576930
0.128200657314954
-0.050642806803449
0.168069564167903
0.455426365692972
-0.203908338739237
0.640670403570974
0.461429523890410
0.554408326235535
0.218600822596205
-0.099044313095176
-0.447970623647549
-0.206178770153700
-0.426559076251623
-0.571242148647926
0.699488547255688
-0.031389498535437
0.222792056193902
-0.137522568702889
-0.157284141265513
0.623036282154014
0.067568429549499
-0.309843736326366
-0.367492616137298
0.033568893446013
0.054577262271937
-0.287784895220964
-0.357620809271580
-0.086280233158762
-0.179121527191308
0.632611288625945
0.190514031001003
0.175715899449225
-0.030064442373208
0.653680036907083
-0.094312954126385
0.092443359347713
0.313739162275136
0.017859855261178
-0.362000478498334
0.564175799321658
-0.416832195890424
0.120436570418687
0.229530278616047
0.057894622490942
-0.266953637335714
0.657104268004700
-0.071115543636013
0.111896900220674
0.090453189453974
0.190554816649927
-0.327702518179749
0.205012793236034
0.242586605362970
-0.456458592756965
0.519411360090166
0.260955663070128
-0.091013179663834
-0.248159836676589
0.702340049209198
-0.188066063801457
0.136554800238007
-0.278704927619797
0.058476095791841
0.426455109196273
0.572360867255828
-0.270059893691939
-0.210953831532927
0.139375252875200
0.358456217320926
-0.135380074513647
0.116558710202626
0.759092195910337
-0.103660916047661
-0.070062040004126
0.609991540908528
0.128162274171192
0.448003085041368
0.364241953077392
0.161152938120782
0.540633859712034
-0.044651876354779
-0.036851463361231
-0.263513369217098
0.228844869462808
-0.138656959404896
0.188602962107753
-0.391151459257177
-0.218227633892535
0.062504140671625
0.682629828608080
0.342034890761026
-0.085868875675815
0.677798470737302
0.597963752711612
-0.199316954494279
0.100542177897858
-0.227887476424048
-0.074963734930739
0.695384885620237
-0.422949584185036
-0.389410807532741
0.021997317156306
-0.169641187300510
0.007689585601682
0.224269131562212
0.469118848570826
0.389746715416615
-0.184145274697259
0.672295790862944
0.314980585673340
-0.167542929209756
0.222423577149367
0.604920869653557
0.282926865406887
0.223963903350046
0.753303929979676
-0.203816426098356
0.126082866246297
0.269123872588334
-0.281198064391391
-0.140658215159588
0.635631288702064
0.082601827235420
-0.307988066177791
-0.018253261005411
-0.116622325704260
-0.205483858662378
0.745085787521790
0.344129022558119
-0.147815935228954
0.137989562635420
0.015757915147385
0.431970711809993
-0.066950062566678
0.036253268674148
0.663295451753734
-0.163651818258648
-0.090222573463528
0.063697048735422
-0.351070495277060
0.150869530118114
0.275463697874638
-0.106593088013534
0.565256247326532
-0.393416604938038
0.098846112255302
-0.308200460619215
-0.104422803918854
0.654746761158126
0.088733393742464
0.073900614821708
-0.191740550034014
-0.044022337156531
-0.385470206723195
0.008829405054875
0.620360846456224
0.044028642250975
-0.344665717247131
0.487618170310175
0.093813045803873
-0.252634345851688
0.071427455655926
0.564563655933158
-0.279189605437616
-0.390484677625414
-0.230967393352517
0.672624953461694
0.092716813896244
-0.277617806568993
0.647960727431502
0.225752341322106
0.512390361285977
-0.021467114198456
-0.185590510123651
0.109196956586789
-0.074297669125604
-0.170161016786754
0.073802615726337
-0.429635948425897
-0.006136572455446
0.686944246598804
0.617482906830384
-0.030623806886328
0.120413096751934
-0.088736001789637
0.424270669148045
-0.325535968665029
0.231875083930648
-0.184339579653039
-0.061580839177565
-0.007467893048223
0.005867636415867
0.731677250894606
0.343954896955063
0.729026046368160
-0.023189645568465
0.107517549349985
0.015021040964495
-0.261305926997858
0.044703876002929
-0.363549495705705
0.621545475440255
-0.121269897622470
-0.098871105613990
-0.063656390612403
0.515378491931341
-0.321507924264547
-0.263773683989863
-0.143964162775622
-0.410306192796367
0.024284113008770
-0.101803130153752
-0.304807115240897
0.000000000000000
0.056325045836300
0.180811602305237
0.147260398667138
0.163996968822467
0.388216450455541
0.166894759818999
0.000000000000000
-0.443796325844292
-0.103831331683805
0.495991465047104
0.309824152545886
-0.028519162334352
-0.035032127773580
0.381064547506763
0.000000000000000
0.188151379299055
0.331888955445468
0.340067618710103
0.126751400121735
-0.000000000000000
0.231598442186612
-0.207761084694748
0.135376701554775
0.072928157735702
0.261747444457406
-0.000000000000000
-0.174095528221360
0.129367097623173
-0.214470684873851
0.113385779222045
-0.000000000000000
-0.420273710182429
0.244864576925879
0.468884590227883
-0.309835785422997
0.457866712830531
0.314906130390280
-0.006799927166288
0.000000000000000
-0.062739853573487
-0.161819837209170
0.084284925221016
-0.413858977218480
0.173329943205770
0.000000000000000
-0.131456506215629
-0.016684124503480
-0.000000000000000
-0.374614436716718
-0.325572031510457
0.069168566292240
-0.132196851967517
-0.000000000000000
-0.109337545047712
0.592613737868578
0.142857333538438
0.063848495971488
-0.437794739610032
0.071446886105276
0.087619558981483
-0.111901496436975
0.000000000000000
0.318123426111591
-0.403613427956642
-0.000000000000000
0.122034227020753
-0.005007544092537
-0.230389853813381
-0.035421103975103
0.034696693461631
-0.086418613814124
0.349189814802613
-0.000000000000000
-0.111418538996976
-0.414441763013204
0.050781934553022
-0.102616410925463
0.226051237789580
0.056511130846822
0.000000000000000
-0.171519002825613
0.000000000000000
-0.107605918295941
-0.266404831034096
0.097528550504331
0.272943051669497
0.208170618699722
-0.224686555450638
0.000000000000000
-0.070190796615713
-0.143434408200803
-0.118144264606730
-0.013547254457763
0.000000000000000
0.199485639497343
0.513109152853891
0.013505426191923
0.002196522353507
0.262370047971059
-0.055008810431227
0.448218921433979
0.048761371997020
-0.099741049474606
-0.000000000000000
0.311470148024279
0.360594168225214
-0.190594863042901
0.000000000000000
-0.204227472235276
-0.022518768762889
0.465273016676734
-0.412234294531006
0.167201981663776
-0.000000000000000
-0.186379372570126
0.109829028202589
-0.254383270980734
0.447160877415426
0.392277090510696
0.000000000000000
0.291419873665837
0.047222592335985
-0.163854053465332
-0.247650835023978
-0.337494923624895
-0.013680132720562
0.228795860540228
0.222509225996508
0.000000000000000
0.275514066435815
-0.004275961376501
-0.379980497019039
-0.000000000000000
0.296011306325289
-0.082484421061381
0.048249516326781
0.490402311835385
-0.023868489968626
0.000000000000000
0.220025403789107
-0.014352539545795
0.266026667378644
-0.115841634788539
-0.287867188684940
0.225343160523341
0.000000000000000
-0.123963316427163
0.296806441593082
0.000000000000000
0.285773959705684
-0.229431234966707
-0.151876290452199
-0.041963186243519
0.000000000000000
0.216121499863275
-0.311990751886309
-0.440320515219550
-0.473385976383888
0.036125007489577
-0.127535599162358
-0.151656208866560
-0.106269745757580
-0.134053597400133
0.000000000000000
-0.329240764222097
0.157587068356894
0.000000000000000
-0.186863201134760
0.054573420845267
-0.059749318995820
-0.087101437808354
-0.034964591873641
-0.000000000000000
-0.118370029114026
0.054829797539277
0.283264117652001
-0.229242892136387
0.124279998299944
0.243023076563112
0.050194079053096
0.119974246791685
-0.018950431365368
-0.000000000000000
-0.190720579932520
0.217055528875987
0.243477661074170
-0.000000000000000
0.379251575988453
0.201263704070797
-0.000000000000000
-0.133435173263306
-0.244299280820481
-0.120968693005181
-0.109010037013162
0.315922021600734
0.000000000000000
0.093801194428264
-0.012464844406273
0.548394656635634
-0.313940342332835
-0.172876589215520
0.000000000000000
-0.269329591924446
-0.039103258934210
-0.029070698614543
-0.084446490271705
-0.128999604760124
0.132614406890679
-0.498141853361085
-0.000000000000000
-0.064474572549166
0.402840815621724
-0.288259620299248
-0.023299056827296
-0.452141778895569
0.058747352744892
-0.256546356687047
0.000000000000000
-0.134951798544374
-0.484089603115967
-0.003808646869084
-0.334753627404344
-0.000000000000000
-0.288389637366969
-0.112799553490854
0.391742204742652
-0.203778127235487
0.364997496814887
-0.302979924580516
0.000000000000000
0.076411831469691
-0.067429512423907
-0.190614662141836
-0.421204913921083
0.024859159196968
0.167519593398672
0.000000000000000
0.145191308822809
0.129072119789921
0.007537622101681
0.000000000000000
0.065252959212642
0.368892489952039
-0.000000000000000
0.151328083741439
0.079115304736916
-0.057547035748173
0.432823150692739
0.001811771510769
-0.136169241592239
0.128143822166387
0.031682550946775
0.476711682624894
0.200849299484121
0.000000000000000
0.000000000000000
-0.459683406231664
0.159123058709132
-0.168899071694483
0.203918208862702
-0.051825366803852
-0.316904792583110
0.160971452934742
0.166199771999401
-0.089622442846419
-0.459373338707012
0.000000000000000
-0.118042720514270
0.000000000000000
0.265034468448395
-0.162950764077337
0.201916248274199
0.343673353897430
-0.231918007515635
-0.047563394867454
-0.000000000000000
0.325162099298747
0.314396725436882
0.436298750186786
0.000000000000000
0.180212319757195
0.082641832154971
-0.321638580878005
-0.112098556099683
-0.465242864067453
