0.164268422000982
-0.408877290059489
-0.541481188171083
0.169340084236203
-0.259540179258033
0.116268509800359
0.078695842295535
-0.220691083999693
0.238703518035717
-0.045792579997459
0.278042833152261
-0.155547897040830
0.108486051068926
0.230368108874952
-0.113135204418909
0.378892179216820
-0.398575784917410
0.201028591657829
0.069266024859281
0.173719282885036
-0.488838026241339
0.103871616105828
-0.032075077047475
0.146898922299998
0.309999454129990
-0.158875563761101
0.318322551776481
-0.090426515780589
0.018457647002958
0.433032894127578
-0.498432828810522
0.091366382929212
-0.659706596255833
0.166928404385335
-0.059409595152240
-0.014315096700896
0.047799151997814
-0.095093738238877
0.345688101948342
-0.402098510705393
-0.155332789237387
-0.461900609376368
-0.053026654140602
0.453135114582562
-0.070161494133098
-0.264310941055432
0.706921326573640
-0.340456612069806
0.003821431094735
-0.195681330690748
-0.459025525730337
0.052311330583995
0.356759867071672
-0.513506070884212
-0.201889469864109
0.213066627247805
0.417083892749009
-0.058547215419750
-0.093483970967008
-0.190278436974340
-0.256776518153301
-0.016772443966137
0.523830490063187
0.112699106945925
-0.267775611636790
0.234878242863262
0.284464109252557
-0.231972244129633
-0.405976084507144
-0.162821430671207
0.239661405210446
-0.340225738072533
0.150508092408549
-0.101755723671844
-0.558020648383147
0.128594639044023
-0.194223294658813
0.031439637245513
-0.253207250750018
0.317871674929968
0.236113297572166
0.389189779409962
-0.032003636590778
-0.061925595792097
-0.224469151680927
-0.418327041519844
-0.011164790708441
-0.246340316262326
-0.022845693323759
0.218068449710414
-0.298065456290958
0.397379805850179
-0.150454867036701
-0.115493831007536
0.495777987252035
0.449775764163404
-0.111016983860238
0.233656334162244
0.285679584427859
-0.268025262270926
0.260315672283734
0.378423361208638
-0.571764128476115
-0.105323682909212
-0.117255704087408
0.007325255743291
0.338787358326947
0.141610192749338
0.075358387088824
0.167541161705224
0.570127696499760
-0.157242252392945
-0.319926251166686
-0.276271899118084
-0.114420256296037
0.423442283050714
-0.289512993679113
0.164476242477743
-0.518571904526089
-0.443499825646216
0.304855341127273
0.222014834277440
0.474258510217651
0.357561976342458
0.040777669218898
0.564698431099001
0.210754129225572
0.373411595046038
0.336728499307128
-0.407029382065662
0.052607346733348
0.307679748865485
0.117889343751540
0.445998024833344
-0.395729067469950
-0.034133786553184
0.042577337947074
-0.077012776972539
-0.418758739899500
0.004191525112073
0.130401082617491
0.171487360231315
-0.207227380268566
-0.447236676784602
-0.358949830534122
0.315193404101133
-0.033689781941969
-0.218416798634982
0.073942105334502
-0.549542950720796
-0.293258684177024
0.080912522931225
-0.242558973816065
-0.275136973428953
0.438490544648413
-0.020585979698328
-0.411382080548522
-0.044559536300571
0.436343963117749
-0.138121494608264
0.074923120323920
-0.023867045435562
0.345210327051211
0.036201949142991
-0.170264497273891
-0.377986391840096
-0.193431900839596
0.065035442299464
-0.163900195726780
-0.110200881079310
0.345394732976471
0.208312438154943
0.140560977086565
0.408725643432683
0.019866999909569
-0.223594141769217
-0.210348169909756
-0.457908497098749
-0.342094087597186
-0.150808272763438
0.062670765280868
0.199941478877770
0.038655906583801
-0.008067498029754
-0.346240627176529
-0.448379000645985
0.061742182204058
-0.026025426572259
-0.336769062606402
-0.241581895875591
0.079678182619878
-0.553413027209953
-0.065325333284913
-0.401860521229714
-0.079879409018587
-0.387606299820741
-0.136600530480840
0.278766932316515
-0.365024239875148
-0.232184026288423
-0.105786160165918
-0.608116587216297
0.020698104016389
0.383334976296736
-0.005815414467036
0.043856053014552
-0.045010239148916
-0.013028829194368
-0.458441839598472
0.059191571330204
-0.641152013908636
0.560705701939954
0.038862849303303
-0.456611328665591
0.142554269150026
0.041640209217803
-0.083674006378825
0.272429876749854
0.217763608708842
-0.274642200472314
0.045450441557741
0.451788390823576
-0.618190559572458
-0.102938144847096
-0.234993122954365
0.108722958404555
-0.103690816489187
-0.009137210568270
-0.051069985292054
-0.241800608842499
0.030531079732236
0.054986627722382
0.300811665299633
0.287430718840223
0.200805502670116
0.222794789396775
-0.131563720072116
0.508409667092349
-0.307959831014059
0.232337655192805
-0.283263383734539
-0.001277417533902
-0.007187411693488
0.489509397443832
0.156235796346665
0.026904440854476
0.415651333509869
-0.268967925011012
0.131157946020566
-0.150341452932139
-0.315344066849460
0.315342168245184
0.201806116112117
-0.422610121045841
0.475576278431107
0.142002689715872
-0.028220084068895
-0.136645963374796
-0.156278262942291
-0.296151130052194
-0.410853643797477
0.442166003989297
-0.300238933504409
-0.295573205653518
0.037539627450107
0.140845728853004
-0.043032449961407
-0.577936148943720
-0.164505901046626
-0.091781245571115
-0.127148234445917
0.719649581084720
0.122210142086418
0.135461436323202
0.193877093725478
0.149234724194261
-0.359603457393714
-0.218171708108713
0.220698845198250
0.100531813377661
-0.684129503297549
-0.152594637873720
-0.052856335641419
0.010995828797407
0.552598775815541
0.400726249779421
0.558873810039059
0.275179172948802
-0.049318629858700
0.467941676143052
0.320126128215187
-0.113997235023275
-0.254243684708239
-0.148429794545834
0.197323139901800
-0.219766520749416
-0.363490081780248
-0.243868347784747
-0.028702409819918
0.351316738567610
0.377503100679226
0.000003211227877
0.392516536786412
0.187038782432183
0.511108347535153
-0.437869892621604
-0.498676198303267
-0.485429102626907
-0.033941614952825
0.245864837898217
-0.121857808107413
-0.136956418730126
0.027795988862295
-0.684742695237717
0.440602741207738
-0.071170909411138
-0.037194592855804
0.149796891688374
-0.309775903902466
-0.077111594940874
0.134093651999422
0.470422448623634
0.018774139250894
-0.489649216409540
-0.264945121346282
0.034110814281073
-0.209840485251597
0.232793868577627
0.030687252381318
-0.325388083644412
-0.291285168144220
-0.130967101272053
0.101474051249206
-0.031450870237813
0.330543375690712
-0.497457539088828
0.048697810690566
-0.058796087349867
-0.179847984767781
-0.220790330149416
-0.118728880775878
0.020166682897780
0.197520767677436
0.273732449300233
-0.220103779282201
0.225067759639734
0.268136740233565
-0.268969939408925
-0.349468742895235
-0.072319418449459
-0.597308711826130
-0.378176077594538
0.246258884653681
-0.060947405008761
0.331659396456910
0.164408705679498
0.058132243350290
-0.055711011764885
-0.411844454691937
-0.454627715272132
0.275420341755686
-0.330875163360802
0.174039069699522
-0.499038298344028
-0.187484176587230
-0.030604430727744
-0.407343339961394
0.352188903085928
0.131195143606636
0.365728012058758
-0.274443445173232
0.290007505854164
0.553607663563785
0.523350290767057
-0.004749634986509
-0.163897850362274
0.107129518370664
0.063464403355669
0.278980296154909
0.248365910421019
0.006739976813105
-0.215396833220420
-0.565434628131991
0.400073661973687
-0.103126524898584
0.244574509675435
-0.214346588892245
0.180541528835130
-0.343444792923264
-0.047232726680204
0.405959958698380
0.316797336706768
-0.178232514681770
0.198383402686713
0.251192061574822
-0.411432612855060
-0.142549046525086
0.050486785457896
-0.002958032160292
0.270260503355328
0.645586235863658
-0.025682661567059
0.268400170538184
0.319902379711703
0.154639764477756
0.222365305667845
0.429358970522263
0.075606166201301
-0.238049781377315
-0.104096306808733
0.185824639360437
-0.216693476070291
0.284777461213522
0.032198034539143
0.337084814941668
-0.002580020252928
-0.082835443826462
0.244888152774694
-0.058559060731857
0.023661906699490
-0.249455130522073
-0.067144684003943
0.051226263433541
-0.226548123523290
0.563419751448928
-0.039074894792903
-0.106383223189329
0.188142474195006
0.068312147427182
-0.663782759030991
-0.356465829258344
-0.051190700832225
0.461796463070794
-0.259119030657827
-0.101254892853603
0.181797652326924
0.456076326815661
-0.059499232432053
0.431918707673888
0.281313110507137
0.023352606672810
0.073336712359107
-0.210120266874070
-0.315812235130347
-0.126155606886913
-0.268859219289956
0.462372103402922
-0.358669472277735
0.193699391930710
-0.334765341433888
-0.657667034209120
-0.293014907669841
0.268535274340345
-0.120686717354986
0.076976245382065
0.046228093438475
0.015774977644186
0.421106762273641
-0.450132724296177
-0.441383998329854
0.008917675247562
0.301515248307084
-0.273413162854627
-0.356382667426237
-0.251313546867021
0.406021038609853
-0.317907984438215
0.283983143596317
-0.301549907510297
0.525318874901466
-0.072863478517815
0.220628106999093
0.080432474902353
-0.358560203749345
-0.229793566596704
-0.059231474708169
0.487100183975112
0.476914620956080
-0.335132937207875
0.016383988523294
0.160862788150821
-0.503547161074734
0.254750474743661
0.321789984671691
0.212878497929924
-0.133866878492682
-0.103685875081634
-0.081002972355925
-0.322706772776554
0.263768162410220
0.061574307545413
0.621637924287721
0.106028208612391
-0.051676962159317
0.059037884158285
0.329515519570312
-0.239093682271253
-0.318328515220291
0.140086537287021
-0.362396606015242
-0.206768523332486
-0.731032290137950
0.225311128493988
-0.057380476384139
0.042778429486159
-0.035171069815327
0.055184408789559
0.022804898067722
0.176228629418830
0.069169699415041
0.301536311598045
-0.151772614745526
-0.491894687544688
-0.057849702564025
-0.288841323839686
0.383480699323855
-0.104782175154630
-0.487456606602385
0.057632351800464
0.308736563836522
0.013186685809483
0.426567177327277
0.230682756842795
-0.352866273994999
0.034892126023761
-0.062010800967583
-0.137396398627472
-0.748461661086137
0.464844034421991
-0.247329867662799
0.179448738461701
-0.010399383657770
0.419292612853412
-0.007864760579548
-0.688493825360395
0.102614933541434
-0.203618909571446
0.060831452411321
0.116528622799149
0.334158680203215
0.432477191772192
-0.042989217134352
-0.283431156445486
0.092717972147909
0.467973650893663
0.139244125531210
-0.278672551024676
-0.583599045186927
-0.296209977545954
-0.001569801153018
0.060350825852464
-0.072371614965773
-0.072907293445894
0.139492438702024
-0.043969385135692
0.175780402382413
0.439653483641121
0.308467709236331
0.265717889445210
0.062612707260216
-0.416063369843300
0.563243767297581
0.196854765498058
0.061439960982638
-0.332501591542665
-0.379575993675645
-0.072752946003692
-0.283502445482952
-0.099729147417066
-0.150151866590951
-0.199613182050994
0.282191430855415
-0.265913261123490
-0.178814416897716
-0.212607724914853
0.074763652442818
-0.257237281157360
-0.045372184483115
0.089178562584685
-0.001511193319120
0.252062122463790
-0.057920507691801
-0.037644489648569
0.575247172239759
0.131604513456150
-0.138431148877026
-0.454111418100148
0.037740827153645
