0.231854715282285
0.556094916749127
-0.481120327384302
-0.072482993207140
-0.411857134637392
0.176650066113609
0.869826331350477
-0.015423175186862
0.078425881486148
0.100293121808030
-0.004300193683449
0.042443412263184
-0.287288109953088
-0.324207812022629
-0.073829322929114
0.174780248621161
-0.134285254369958
0.548157979639066
0.151277234082222
-0.375466825991132
0.717446810096494
-0.124876028840991
-0.327626766881039
-0.128284042659402
-0.079006247504987
0.644694191004922
0.179202870821828
-0.034614559753733
-0.183283089966652
0.103081261022759
-0.319417628225921
0.409393073464332
-0.214901096438008
0.164941074998587
0.650427637981262
-0.122036146870193
0.649632831019966
-0.458195547320356
-0.041749973191881
-0.088641884577723
-0.172998887433865
0.237337037848412
-0.128106177485816
-0.328703104140875
-0.089928438973249
-0.411271407500336
0.751122048436657
-0.019431384766388
0.627800894891296
0.104482130110489
0.206230695697116
0.176453545899624
-0.069889603999481
0.187852570290953
0.385522470482949
-0.200566208438798
0.120757098032281
0.271042462742663
0.118047480596334
0.761028250833020
0.378099323117915
0.365224568231531
-0.177026713897139
0.028899234200717
0.223370350323213
0.622987916170827
-0.382778700516822
-0.070476384750953
-0.268229186536206
0.129369610450889
0.425620865900525
0.535204517760443
0.683974031033782
0.298956845221807
0.065735395120432
-0.188544697862642
-0.354565686873254
-0.023883115736331
-0.077087971434372
0.286146822437658
-0.096781672666684
0.649547023681060
0.394754503380289
0.110574473121982
-0.041940533687794
0.268714582380997
0.599950556642970
0.173447720689549
0.493177686107654
0.260493073172955
-0.200973688937162
-0.032547118171846
0.575863948271345
0.334029515138325
0.236911907568161
-0.500800077797578
0.613472300509713
0.171045014518142
0.431149128402298
0.006882439836409
0.270934119876042
-0.364054033182665
-0.353472856738797
-0.091476252150298
0.087833873488340
0.669787451444058
-0.015991606972079
-0.129251462245545
-0.206178350977593
-0.258234912188578
-0.119388655322989
0.710894969807040
-0.032726780686445
0.110917256565718
0.042353362106967
0.128822381719244
0.443857003173571
0.609668843887148
-0.067551061471681
0.124086035258718
0.278853835025238
0.323767663363579
0.181889810393542
0.137511335382187
0.613296083300210
-0.081791499801286
0.501385099204294
0.519720268721075
-0.327900703981948
0.214084329629188
0.232560929746357
-0.441014927309783
0.145674091377285
-0.166212382264640
-0.222919836525591
-0.145597598791273
-0.142351288164529
0.622113636786618
-0.158836417662703
0.129011793952131
0.571916671072629
0.103422205934108
-0.412484562927593
-0.431650893720386
0.031106532663407
0.542329605005640
-0.003440901438263
0.181153674515649
0.037253532445195
-0.395691853793251
0.446161436011236
0.187784121407571
-0.098182526092589
-0.385915330167315
0.533322256199135
-0.028748231029086
-0.426068159614379
0.392882343711390
-0.362619806675255
0.500272807740105
-0.125507572245265
-0.066616943511748
-0.093245849163359
-0.364031337628889
0.332978133601890
0.573103546742493
-0.307936193289669
0.297154867155906
0.249605864277557
-0.231619599196681
0.134673238429281
0.692121825528561
0.469907076454384
0.042989030060462
0.077432152523790
-0.062035261949653
0.416712277626264
-0.401875306944712
0.306129212797977
0.662742952199341
0.069923680533956
0.291724599802724
0.115473382087194
0.763094262459719
-0.027236755018703
-0.233116374146555
0.416823345447305
0.051333168701143
0.746720109624432
0.140849235009828
-0.015856499425169
0.114752573632104
-0.210679894066022
-0.254707776141985
0.648573792772996
0.121793729656735
0.226078531219503
0.289557014842284
0.537125330886430
0.028947498414832
-0.285495944292669
0.596071950271252
-0.347806506151466
-0.021502744554729
0.273645007899916
0.271021053012155
0.528722575467600
-0.203026372487974
-0.008516039244560
0.175092610886892
-0.404122325919937
0.020611270800811
0.052085047250421
0.298704813237582
0.195691115863431
0.515815559860570
0.011143988078867
0.136874814644224
0.557962562775695
-0.447632116249594
0.445759827226711
-0.292515711094627
-0.281591325828397
0.101521049536536
0.603742398467890
-0.031017760811198
0.020621288935806
0.304185140481234
0.044710994377820
0.317270027482363
-0.043799462579910
0.465016182817080
0.051665489900683
0.579069815759024
-0.183619212744435
0.435379345060138
-0.233466318769730
0.446477614083331
-0.144939885852157
0.520800620460612
0.132305848696084
0.098641919481678
0.189114223380506
-0.292072996288802
-0.592524019636156
0.659729069261098
0.014884241645688
0.922801202644437
0.137179334120493
0.135727627913294
-0.012251669112938
-0.016178005407143
0.377690419872796
0.624922136734743
0.134881298720944
-0.446610926819595
-0.123856119058052
-0.035642044844038
0.531087049375062
-0.315719345577556
0.116170240023524
-0.079191347067909
0.448247764411506
0.130131403912082
-0.115599065541586
0.173727752597986
0.595082400721073
-0.386670258380224
-0.363668377941144
0.009499162091385
0.057151414603911
0.002346464699521
0.029022091326467
0.015701674629684
0.755407203263953
0.169338276585223
0.576052428777548
-0.198804553586298
-0.375515213732292
-0.235996594263517
0.258830290323578
-0.197148266721760
0.091117830972237
-0.151744688679911
-0.014144859807047
0.002323973518586
0.714351271710839
0.192832273132110
-0.380699261041752
0.537875205258823
-0.110463755426166
-0.426283601728849
0.079732119079020
0.579582814611413
0.394218352313933
0.000000000000000
0.166880665655189
0.120801455681156
-0.039835905047183
0.001605843889383
-0.000000000000000
0.062214785974037
-0.210574888687771
-0.320936859236295
0.243109746178272
0.121736334898031
0.317464626553001
-0.405760658188003
0.389529020819766
0.104702476190688
0.172410164029806
0.000000000000000
0.045745666587400
-0.201848838452440
0.000000000000000
0.262058563328846
-0.073206464145009
-0.255245612207471
-0.488128577512327
0.000000000000000
0.363023534472796
-0.314088406032165
-0.168089417359063
0.060298963862821
-0.083671607577676
-0.370255460779473
0.054227286668615
0.243912390537470
-0.000000000000000
-0.111842837430052
-0.000000000000000
-0.221269185343333
-0.293045737514282
0.259050595458207
-0.199213769574914
-0.174776723485902
-0.142420539449482
-0.181082060955948
0.251576400009578
0.091497214285083
0.000000000000000
0.094937470854185
-0.000000000000000
0.380043072421494
0.158156355195567
0.468176465819967
0.180473129851312
-0.244751912986508
-0.283630118651554
-0.169697771454169
0.091262505550878
0.003263833364428
0.111432696453306
-0.000000000000000
0.241108098787414
0.363556554344504
-0.135265358676448
-0.097733564638657
0.187922819067559
-0.000000000000000
-0.195819076372773
-0.100054703536212
-0.389916746057421
-0.175524701844031
-0.247048803881439
0.000000000000000
-0.000000000000000
0.119377491680324
0.027097437770096
-0.076058219743058
-0.461317085409097
-0.207516968084719
0.207214802793830
0.293651909148540
0.059804576063219
0.000000000000000
0.067769529065150
-0.418930621768540
-0.116046421761849
-0.344445661170121
0.000000000000000
-0.190810605189341
-0.217070039693318
-0.096385355151899
0.180957860946600
0.031993259682529
0.000000000000000
0.094050310509588
-0.314169421105169
-0.259056143555513
0.000000000000000
-0.353629946495949
-0.052301616295394
0.154728529464473
-0.161332869179635
-0.157349781036600
-0.145464423856551
-0.232230187606370
0.555218020687275
0.000000000000000
0.091138383593581
0.041633271644690
0.127630676601947
-0.377703859916777
-0.315482677653254
-0.000000000000000
-0.014357015563064
0.314834860552516
0.190976444232343
-0.347777843822361
-0.114843321279949
0.000000000000000
0.336884762281633
-0.329914527955050
0.297633718745964
0.067146771744236
-0.486395448465214
-0.154421454919581
0.000000000000000
0.170525058626909
0.036618408936558
-0.000000000000000
0.030469969546282
0.012620867907916
0.264304513546487
0.065487490807207
-0.247485360655334
0.506152035073591
-0.136973865122744
-0.049107865714539
-0.366550151992088
0.000000000000000
-0.283988259559313
0.210800589082988
-0.000000000000000
-0.324225516112716
0.133864920555571
-0.125490586228265
0.159656532463175
0.000000000000000
0.532771154854508
0.251652290130005
-0.375208384760123
0.026021179906465
0.244421313044048
0.288272983250976
0.215440251327481
0.156521977458699
0.000000000000000
0.328771705091311
-0.150368634693067
0.103438388936863
-0.042289420132707
-0.000000000000000
-0.474093529529786
-0.047855164288340
-0.257954776423449
0.371598189268993
-0.015186872179560
0.000000000000000
0.110086840510232
0.139150764971439
-0.200335245695793
0.001775563580504
0.027876502366280
-0.000000000000000
-0.344439087950556
0.068310365760617
0.125342902897548
0.192763273784151
0.228630802646663
-0.049627002135680
-0.120234277430311
-0.000000000000000
0.065523162571593
0.283760510645382
0.015376766409208
-0.000000000000000
0.102452128184920
0.404634651175365
-0.083420113247450
0.312281843099081
-0.000000000000000
-0.090790359842609
-0.261955254048442
0.226785987759642
0.248864792269458
-0.135185980990335
0.000000000000000
0.389401184169091
0.026891226585495
0.296202856237989
-0.173573640066922
-0.213437063141499
0.056749014104025
-0.000000000000000
-0.215077675057094
0.165090696421575
-0.180787405329958
-0.053767227635583
-0.000000000000000
-0.371490580995277
0.381374927302993
-0.425607443299797
-0.244912566080849
0.320885904624032
0.452346549273777
-0.035361534669248
-0.266729134898615
0.000000000000000
-0.127795868857797
0.013813362354292
0.000000000000000
-0.159458885315389
-0.088563363130052
0.367945512828369
-0.531222562059423
0.145232269926324
-0.000000000000000
0.286688449749463
0.231139952561146
-0.114338146390840
0.324348182386627
-0.266512404832856
0.001389754042029
-0.050214867363878
-0.403034699996406
-0.000000000000000
-0.392292946308701
-0.042499566952470
-0.002103548637527
-0.005948605021847
0.273677533262059
-0.000000000000000
-0.036948650051875
-0.225229402191871
0.010837528576652
0.048414575177618
-0.103980966211627
-0.000000000000000
0.086915045271076
-0.000000000000000
-0.265165734796458
0.077407834606132
-0.113905427806270
-0.117178916440360
0.078383087987052
0.000000000000000
0.001812318765631
-0.273315108415454
0.205722899151607
0.330737114279473
0.000000000000000
-0.247178599451702
0.301733895558943
-0.399428385957327
-0.235151994193560
-0.116879024956627
0.401288294096565
0.247993758351735
0.000000000000000
0.166815902029695
-0.071692695748279
0.254898139480488
-0.213727187061246
0.438231106227968
0.041002716390115
-0.387963426556778
-0.000000000000000
-0.080007717310147
-0.000000000000000
-0.020130265201403
0.257701744316016
0.148052177492438
0.240821086015429
-0.423490333931687
0.172166388173554
-0.161106481149004
-0.269472044214668
0.091097743320433
0.000000000000000
-0.533360143366598
0.023465390825583
-0.008526760323082
-0.120675446398780
0.116221643450055
-0.029522399302419
-0.000000000000000
