-0.077446978508440
-0.217462394062411
-0.049951543334536
-0.422275807613988
-0.096829317561246
0.681677081190535
-0.112221318627848
0.722743293757057
-0.112041120997546
0.053556314287431
-0.222495008616324
0.454149167430062
-0.305315670740792
0.201796472313035
-0.195716400120996
-0.162704103349249
-0.400949978119213
-0.085475805860430
0.280110398392364
-0.269587667078871
0.614870378495828
-0.175123422087508
0.129181394920830
0.806141698016282
-0.049564225724724
-0.074350102662188
0.084087719724636
0.423876242782663
0.081681633668034
-0.023919688053782
-0.087373219159737
-0.050845863356829
0.611845938525982
0.298910820851306
-0.014874247862835
0.107713530727926
0.047338411538228
0.506976376335286
-0.146046179949901
0.255801088805050
-0.255914272056658
-0.272015029780151
0.232291003298281
-0.156998198857870
-0.020449547044742
0.096019016493202
0.652097953917393
0.056190289957864
-0.369619065508388
-0.276203308540486
0.567705463781620
-0.023265399770861
0.232616446341958
0.186536166633742
-0.206214673061153
-0.268967591292788
0.675716540711593
0.429586214301234
-0.188590146421118
0.126564149916611
0.029921800302779
0.153843773131989
0.033856752788013
0.109992417029984
0.089295585036345
-0.159137353618506
-0.178269724187056
-0.143853007028165
0.297399661565927
0.635563634287185
0.000889521702830
0.247464367935483
0.071348742257251
0.499507551414651
0.024623272803689
0.619308809292412
0.110265680201621
-0.153781412205498
0.080693052686382
-0.154768469245410
0.688123256107068
0.173149833085927
-0.224555184849367
-0.046376216382343
0.042659675006350
-0.458986894241925
0.345364198818065
0.485867091695920
0.370475360262518
0.147134378217363
0.130777201416232
-0.046981547619873
0.303556887301634
0.215172022602008
0.548513220841514
-0.187042238850410
0.109738193479332
-0.148271634401316
-0.250531671950192
0.245751939977960
0.109863828539510
-0.153930977618255
0.602293601599302
0.232204337036457
0.420833023053147
-0.154370067069163
0.658127453833822
-0.527477638197038
-0.040660369675935
0.003737265105348
0.084704858150805
0.055746049953669
-0.050007794122539
-0.143321387163854
-0.128124167925409
-0.034248290833756
-0.139688471625719
-0.000000000000000
-0.468084883080300
-0.000000000000000
-0.059773131338093
0.045855114858070
0.058024876570326
-0.046336294339055
-0.172270345558035
0.177930155788468
0.048368027411646
0.175995183060216
0.390466260753519
-0.024523567609200
-0.225972090691870
-0.022540558836980
0.000000000000000
-0.202388232472981
-0.084155886739056
0.000000000000000
0.010890224387175
-0.220137096249139
-0.070855606080994
0.080065522909706
0.199691454610838
0.390383900058966
0.158410374066568
-0.448592985988213
-0.000000000000000
-0.037335820119844
-0.314026208798046
-0.415026574633364
0.203222241499681
-0.000000000000000
-0.198801531104543
0.307482076104664
-0.390541310612501
-0.052418707219637
-0.007273965929513
-0.295360019156739
-0.251781624373012
0.032871371671979
0.000000000000000
0.437014199069372
-0.063252675286860
-0.206291718032416
0.000000000000000
0.392858827546926
-0.334593487194484
0.073264328959443
0.059328624508736
-0.281730492185883
-0.000000000000000
-0.129465690050481
-0.242414455637037
-0.205193489981116
0.020110823319827
-0.022208953901771
-0.403782650648778
-0.412763233446312
-0.369770031924372
0.141295003993306
0.234786857501460
0.101566423441161
-0.131276604456647
0.000000000000000
-0.367163161149998
-0.024839372402827
0.005232341446590
-0.354845149999985
0.093667750306491
0.000000000000000
0.133086606014180
-0.261640029150080
-0.414879482402266
-0.309275525229559
-0.000000000000000
-0.182383807611306
-0.123836700694807
-0.070605542686787
0.056771957718391
0.056503275637780
-0.023920564975955
0.000000000000000
-0.057907552428385
-0.425327692205460
0.254793895225299
0.376924144383520
-0.099608081047154
0.206507454216927
0.000000000000000
-0.465147521871795
-0.158755760368900
0.230789800870868
0.334288300597874
-0.319144240273124
-0.020642698497398
0.162220036221758
-0.000000000000000
-0.052669982923811
-0.064659774409042
0.154073566133999
0.000000000000000
-0.169178988311459
0.091519389911543
-0.077277135986200
-0.424798247919232
0.075461317470050
