0.552792062027225
-0.495321393376324
-0.085033140647619
0.358413468714905
0.199564580239562
-0.073191260829924
0.173870508627011
0.283699071362945
0.110493702093666
-0.021495194612044
-0.093032226795383
-0.060978972846055
-0.360921919389583
0.537300381047514
0.312787295233208
-0.166118470686061
0.526338315841004
0.429036037144399
-0.052842942661386
0.176400638949895
-0.283054235513671
0.456354979770471
0.511994560898378
-0.007172193565033
-0.119805117935378
0.269524445233071
-0.085267186046556
-0.076726141832333
-0.318584286226956
0.023340799584858
-0.111310948737327
0.062113678769478
0.554564717355159
0.248187742123937
-0.313944622709542
0.100293943347986
0.497739468046263
0.384929194522313
0.425870610834161
-0.339089223134773
-0.156329442207296
-0.009863327487999
0.259629831797856
0.206123914178666
0.611726736942705
-0.219886539520293
0.343694179154958
-0.224945742168486
0.103727887899858
-0.150464400148938
0.074529707710446
0.407848269079341
-0.165854156099439
-0.291036371078431
0.467335957185155
0.547216654067749
-0.115648356398276
0.090684958662600
-0.063649723265657
0.769879642067314
-0.018522197820574
0.142653335392755
-0.315829818844778
0.367046351662079
0.063569552885336
-0.133508979098759
-0.188564293082755
0.346883070114100
0.537944289316879
0.109584278950557
-0.244160033210282
0.629807586732053
-0.478770443981330
0.345905903290376
-0.019411248318025
0.003279835777579
0.051694563933981
0.165341008226445
0.241169342097136
0.099726890874764
-0.111770032592062
-0.417485644474213
0.617957400218773
-0.313939158963982
-0.081114481343987
0.203648848218480
0.172509614905615
0.506321020630750
0.420494464258477
0.213617390078541
0.454459656872763
-0.076670955253567
-0.148052583302190
-0.379861016622571
-0.012805557185487
-0.112352295028523
0.613259770538927
0.367054973036910
0.600631904203182
-0.167073264606187
-0.161537775835945
0.248740637114160
-0.377012049138166
0.178194358975806
0.165969944974568
-0.192100601096359
-0.097109139461349
-0.130718029934463
0.347992640642540
-0.341020280538501
-0.214059404037526
0.696284392843975
-0.151546734547134
0.595510768172680
-0.069533155554935
0.095275634158833
-0.162956632022269
-0.155338917721452
-0.241533265176010
0.000000000000000
-0.020624130834901
-0.148579667003670
-0.159741426934690
-0.368811223229075
-0.232186843868235
-0.004671530426939
0.344001276047743
0.452072123724943
-0.285411170212782
-0.008873985315078
-0.004557049337408
-0.266925158470640
0.000000000000000
-0.296473780215580
-0.137048725026782
0.000000000000000
0.019910112861555
0.281257570058782
-0.326737385516270
-0.080603645718473
-0.076298194110628
0.000000000000000
0.353474011524641
0.295753292829400
0.335198963674807
-0.130660451012373
0.285885247600219
0.360528351144435
0.448172803762832
0.118283444572550
-0.003143400217615
0.000000000000000
0.241045089990767
0.105202055093054
-0.270133753433756
-0.000000000000000
-0.095497794759691
-0.234132327784201
0.027630932166040
0.342588866810901
0.134543611501213
-0.134607537409466
0.194144535298907
0.000000000000000
-0.385853138177493
-0.235567964259467
-0.074241838247530
-0.149538592917002
0.160053766306276
-0.058099798655630
-0.267600792517031
0.210373738946513
-0.104229395735881
0.140296068262731
-0.000000000000000
0.306413435740220
-0.097829312644906
0.000954444689161
-0.000000000000000
-0.230138270215970
0.126526615668406
-0.297927739797887
-0.273102085936849
-0.129704142064311
-0.125440014203371
0.327083473076313
-0.355289817835510
0.000000000000000
-0.213954543363521
-0.146881782265415
0.000000000000000
0.353373548197049
-0.063358651811222
-0.118806585464427
-0.045118804063864
0.158695354613592
-0.272926065018142
0.177916833387417
-0.122911270114753
0.077631774296006
-0.009777349465640
0.000000000000000
0.331610906471242
-0.010715308719876
0.255944094713770
-0.302899515883437
-0.000000000000000
0.220455950090820
0.068044959085996
0.162000692151419
-0.097780915946950
0.134233686180203
0.199365338563812
-0.337607212092013
-0.283873090904431
0.000000000000000
0.205948526863241
0.000000000000000
0.126935777075978
-0.196632717007764
-0.105956154389703
0.416759803768500
0.283465479201146
0.043346389046891
-0.096679323711474
0.167184692203213
0.222550776700445
0.050319644034207
-0.003265850868499
0.281395954801469
-0.000000000000000
0.369513408065502
-0.000000000000000
-0.513296883774306
-0.125751387337974
0.019928686577837
-0.271732104569246
0.096964397253951
