-0.217942399294066
0.101537660884949
-0.289743504806484
-0.510148939369933
0.432796013173936
-0.134941441743545
0.014589982921777
-0.205810775207430
-0.238967743977204
-0.399474005095016
0.043761434637253
0.093020910875103
0.213300131327912
0.063962150759771
-0.213361624140433
-0.299686027799689
-0.021463892614552
-0.274353545521178
-0.188246442434515
0.291308232039239
0.327121378179467
0.477191992184481
-0.559778879200482
0.176366650548595
0.055329808800805
-0.035055258525019
-0.115614532071462
-0.129379439126766
0.310998330848231
0.029004029427956
-0.107840401326555
0.030968570153420
0.367047240137793
0.304522697234362
-0.020229052575848
-0.405884514417843
-0.469817838424047
0.085012269284070
-0.399711372822436
-0.017399419114323
0.196144817629029
-0.110221799227331
0.260930499021317
0.149053792659526
-0.161411237948866
-0.562537986143535
0.072893221401694
0.132821955488002
-0.567809363673752
-0.096639090576715
-0.417302530806915
-0.031050728764236
0.066767587585408
0.074151542702428
0.638024918758280
0.426693084197095
-0.174842413079149
-0.344615615885685
-0.156896666885436
0.246148598062071
0.130721457198060
0.175590723584908
-0.084245394276388
-0.018448040287083
0.426903950909775
0.319451377649208
0.070801106154655
0.090072930729726
-0.365785090444342
0.359494108229024
0.214515902079521
-0.029810545321026
-0.659217842839224
-0.340212072541104
0.200316482789110
0.070595049218790
0.012393881258676
-0.046021320362656
0.239817130880757
0.014152806584919
0.083903462698718
0.138606799333302
-0.262838341513201
0.125221545287396
-0.269340396186859
0.122723687013159
0.048635695736113
0.330025008919599
-0.436628442549672
0.485906184864408
0.397933638583543
0.143228803956817
-0.118473082916297
0.362818355731211
-0.463715319182322
-0.029533399122478
-0.031381977806892
-0.020499219483795
-0.048414308882158
0.374003590762824
-0.155457269485085
-0.067021973916364
0.047724459198318
0.150184796971037
-0.182273040475327
0.120267307886751
0.196286315574328
-0.400130545080703
0.072116943844036
-0.313579285821990
0.062576023548627
0.480979167101955
0.442912759234839
0.110689538382270
0.382374141097381
-0.298290957130403
-0.237647053264129
0.328240835235308
-0.036427919107568
-0.102705203962519
-0.058401723788839
-0.425988795971554
-0.319739263074949
0.245796048092842
-0.080639008122798
0.312127512378896
-0.170565056591211
0.378968130429961
0.005525052661167
-0.527905237752753
-0.034636223670002
0.548242103795175
0.192937769431374
-0.190923456782265
-0.097425275799427
-0.122869218264728
0.430713763773574
-0.026124690479446
-0.091401568402708
-0.594261110032385
-0.288586357478660
0.149883991363240
-0.088323131994168
0.004088968629298
0.232439080322089
0.425146938962611
-0.523095042030811
0.091960681343610
-0.110279939088840
-0.511480123837379
0.611700688644000
0.187298630402680
0.359045581545250
-0.105876311245027
0.206025546626270
-0.333061032341289
-0.247630697036252
0.092982101737333
-0.386515099941502
0.137778226345294
0.023107426310908
-0.092879261354140
-0.558618583143076
-0.011090763489009
-0.281872522516336
-0.227141972183868
-0.366621861935054
0.307472499325032
-0.612655714794566
0.250592959439070
0.192806243477864
0.026055741796036
0.246536981979179
-0.110312778163419
0.112616749862025
0.171092983533166
-0.084662011778915
-0.240799086316048
0.145514493946083
0.008380402699491
0.038416891122658
-0.525631975376861
-0.254640287050344
0.141876994265905
0.266723806718403
-0.387593711395375
0.288681492384315
0.479690461545199
-0.205431403105442
0.108522318768369
-0.058369669511651
-0.450337686211232
-0.159076434504667
0.156606836526437
-0.215284864865244
-0.287126432003992
-0.073884525287672
-0.148307880633714
-0.091980923246592
-0.041538762408473
0.245316910571741
-0.138866340734508
0.323618207401710
0.245249654408416
-0.091759260524401
0.214450638094845
-0.105900604795380
-0.021490524009836
0.292280559616669
0.069247756612024
-0.534302553584638
-0.144995077996943
-0.025342868211041
0.043964648503278
-0.504971271040181
0.322190757339856
-0.206315806573609
0.066425785998812
0.318867068287206
-0.359379387829263
0.022139506458407
-0.246539004199569
0.053864100933141
0.373881948898375
-0.391310460187334
0.107316569428436
0.004494980104380
0.010177312462975
-0.214694374080128
-0.308941738648658
-0.226306652523892
-0.125099583620917
-0.334403771788846
0.030945599780170
-0.291524031243352
-0.588859193854047
-0.320553768826589
-0.407705612647052
-0.054757631054557
-0.089979275957694
-0.314210708821027
0.190422188730088
0.121398048080885
-0.133918362798712
0.193020854922018
0.500323403203924
0.109576705576551
-0.164902439876623
-0.340202049994068
-0.448324731841232
-0.062117653500625
0.079930181373304
0.070417176214603
0.469791519350010
-0.214593039343934
0.058482483187626
-0.644621389344961
0.082660179138417
-0.271218432425487
-0.014103155946848
0.651070007697605
0.012735962001127
-0.132998475629730
0.021164955547560
-0.056581192663149
-0.050221748123754
0.256045975656318
-0.158406429218393
0.436179189204510
-0.000352708672029
0.139951569409243
0.300537082844015
-0.005472282141527
0.198215121861810
-0.045751357087043
0.397618841175637
0.342719326490727
0.410493583988931
0.184117635738830
-0.136584446828079
0.236987017689112
0.149731432621730
-0.229674255417350
0.066545564572154
0.153363873492028
0.184000818736407
-0.128236082580929
0.220910346205021
-0.052207489767444
-0.263201761849127
-0.122613040504420
0.399500113290188
-0.175730707669298
0.254842293980808
0.408904993191051
0.011024009010825
0.211178390932163
0.205453139284566
-0.104005698485052
0.199431694304603
0.270751594367691
0.266015991609744
0.128064396550485
-0.140955866848426
0.078106811214774
-0.107260808818781
0.059131252514408
-0.200629022693448
