0.081356977800828
0.099631493861919
0.002876504051733
0.183620031265785
-0.107958494090846
-0.326137594322408
0.469227904854083
-0.240902651184139
-0.279616772447540
-0.311167724116994
0.456469678057679
-0.141424518154082
-0.188152794828220
0.123695987430040
0.189588848983994
-0.088986785571087
-0.093797575025157
-0.322852285654843
0.238711947784512
-0.039999018329076
0.022913218182537
0.155670976198464
0.490566783636393
0.042839970675664
-0.168133878699816
0.164903596317063
-0.301388931495409
-0.406938024384321
-0.011659758576296
0.147118632129053
-0.161539333063047
0.157482904359822
0.063517403402415
-0.034724292367325
-0.028501651733624
0.281812461303877
0.118316673761821
0.250764064401343
0.059313088835583
-0.130435976221003
0.153059285936525
0.478043596326224
0.319255640934932
0.140048901945755
0.121788114368434
0.215972884575235
0.082277166846548
-0.166195599513212
-0.128185853677284
-0.047090377652993
-0.317769787532385
-0.298238086380345
-0.247085244030102
0.342869524214947
0.251454683277428
0.056954220570714
-0.164752817228703
0.158424763636822
0.185080153142797
-0.039161313204541
-0.077897256715064
0.024909304015569
0.245222071175611
-0.250379885939968
0.198599447790398
0.188307653426890
-0.024869662094555
0.073323132305884
-0.095157801992361
0.299844483614322
0.025004810261512
0.172154656577389
-0.397594644833251
0.136784642360332
-0.288926489809616
0.101660683587026
0.416832302145413
0.031194563744611
-0.334012150231800
0.443545595002119
-0.056994886313758
-0.178088425060630
-0.280423705342224
-0.180815083574746
0.422750393569781
-0.141454670425784
0.020813090282984
-0.060320621060267
-0.142823897667962
-0.231566730056695
-0.078957591714906
-0.168203704847420
-0.540665083222257
0.358061236697439
0.006786755600001
0.053270725994233
0.338871059755401
-0.002963271961367
0.201212293700233
0.165904412504353
-0.184916189787886
0.268813901177053
0.114154200385045
-0.045633816549215
-0.105544142174634
0.322139696324080
0.337774344908551
0.150829142492970
-0.195872406281917
-0.035506266579690
0.495541132718159
0.152930133843412
-0.117688950911459
-0.176744221388666
-0.223546690399905
-0.100380728780855
0.094751915881969
0.264597401450686
-0.447786276254016
0.437267853693130
-0.153724993655126
0.120276636682626
-0.006089592286929
-0.228993713807259
0.202286744692473
0.258689825990892
-0.022829106240013
-0.077710249878253
-0.104896262773252
-0.101943967719080
0.119545072972724
-0.181514710388326
-0.248919884164604
-0.570394993966264
-0.046918115756115
0.260001704068324
0.132557035156624
-0.540920241421380
-0.221166038287340
-0.088933560493141
-0.072802490735118
-0.206336842800607
0.209010057012756
-0.266952195695768
0.091575807137472
0.214446852010972
0.047802901340804
-0.125224439254104
0.136720859386699
0.399834017030052
-0.004146674049110
0.445694961966079
-0.100397332331209
0.319629374323262
0.043076955878112
-0.091586276674796
0.421569997548473
-0.189592629956927
-0.520527577077301
0.073690090856380
0.286869101159159
-0.117195341822442
0.158113711243836
0.275690067394753
-0.102104567092584
-0.558842671251684
0.486526651625260
-0.380416211960794
-0.241851308504437
0.389149665642176
0.112595367682636
-0.485841789953989
0.240266796000372
-0.308163979699318
0.013848207010716
0.519253224082709
0.057231933890746
0.059869452410020
0.372149237425058
0.216401562756324
0.160060481614991
-0.021437875218246
-0.661888502004961
-0.084177979424909
0.380425205088942
0.209306467855594
0.305810251323944
0.094929111035002
-0.218520489783814
-0.291431562879871
0.151228633154999
-0.092820038000629
0.014842171168544
0.478805559716213
-0.016905716257670
0.274227281331667
0.243770183520610
0.403739743038198
-0.473547429742086
-0.177317722172526
-0.098254055257654
0.302287857112278
-0.584911550941936
0.124777322990004
0.192827797835732
0.156003062979364
0.295084363557753
0.570493371961100
-0.129176588785935
-0.254760511463183
-0.043596346797674
0.482074843812892
-0.229874807376092
-0.063236383140018
-0.592749067971712
-0.348790065793185
-0.044937237003648
-0.159620527253233
0.050706836094299
0.003177615231004
-0.460273225935455
0.004043571081552
-0.141261878788192
-0.550356546518529
-0.526219207530185
0.456192565702858
0.073177476655123
0.039027085218472
-0.186890675440158
0.186270801141377
0.532565684164674
0.429749072334104
0.501879418599761
0.468505193414661
-0.036337849330037
-0.253249388833902
-0.043727061316570
-0.184444614680042
-0.154674385317583
0.176866081884335
0.372724685110504
-0.074012978424653
-0.066382401817427
0.390010277481630
-0.411413886993381
0.170806831187119
-0.047435911167947
0.277898725677166
0.465306929774617
0.146972633288626
0.175821375863705
-0.408359086647817
-0.220153224909131
-0.035754416961355
-0.093363438993507
0.600703917865165
0.069707871857082
-0.539784875547501
-0.037551999645865
-0.147052834782684
0.127661714375041
-0.152303361052075
-0.507471970891781
-0.197507505053366
-0.106723632189392
0.253790096400812
0.069150659739382
0.028731751226211
0.605899487689032
0.036165964484148
-0.046231070688949
-0.610096247426797
-0.225603632454982
-0.164916334334728
-0.141195747952876
0.157190320102173
0.205577454543723
0.049370180752481
0.551030928919132
0.175022057731925
0.477519272538498
0.409012255573266
0.058306518414218
-0.161816522106074
0.242231193254864
-0.116142680886943
0.343939132464379
-0.513238464557311
0.340383654169000
-0.447482194629842
0.031496183523538
0.017510795785212
0.029539560277701
-0.169402280590923
0.003819650075193
-0.284712769048352
0.061405526224257
-0.757741056302858
0.372662777841481
-0.104176687317222
0.232585471105703
-0.059314561152154
0.208932271509718
0.312400012700434
-0.061271599374604
0.262596054416242
-0.135724714357513
0.044282179041505
-0.122132767973769
0.633471979880106
0.119426976844925
-0.150220494528223
0.376556406485021
0.401790095806083
-0.155741315411575
0.217556993068493
-0.254959037956273
-0.098842168798927
-0.430701987513923
-0.260945820011290
-0.342854000780809
-0.040056590816863
-0.081132890426969
-0.355724632978326
-0.045812521633166
-0.397023986164580
0.202669455023026
-0.263653789423829
-0.118232866073657
-0.119311744567450
0.227979578238025
-0.174258885737320
-0.029224667661021
-0.235038538600848
0.157902699623497
0.059148490216512
