-0.165918431605855
0.158922252963289
-0.131773559317061
0.307864659827085
-0.312382816037125
0.065033550772535
-0.335401271678197
0.119608822790189
-0.873780147219767
-0.066248542897996
0.083497484160332
0.137831160485565
-0.100567801847173
-0.083220126944862
0.253961987717236
-0.077136584204225
0.638611266678111
0.422037976920241
-0.034591659918768
-0.143944547823042
0.252912504270426
-0.078386222263897
-0.079755846214375
0.019352918455174
0.328966906901362
-0.278611195904309
-0.364582205385648
-0.430430789273443
0.269029999147151
0.175489822612198
-0.204728565314222
-0.364224700895182
-0.060362714813557
0.195280488895953
0.194020742227210
0.282132090791869
-0.163131177633793
0.103986701566750
-0.120914452769069
-0.114526558994714
-0.093104390955596
-0.581985481677822
0.121161189252715
0.402724476323719
-0.013099241690331
-0.467267237566981
-0.067513174641244
-0.327181899932040
-0.060537858471495
0.147840964248840
0.025143303321821
0.268082167735104
-0.150602868369143
-0.151557311794837
-0.037057397690701
0.140752199884869
0.158416700575633
0.065407439149090
-0.191523330574067
-0.224594155306539
-0.573237911938183
0.285216891714501
0.239852976354006
-0.337822147080397
0.345585229524396
0.119211863709231
-0.148600092218602
-0.152827001717344
-0.051876700838368
0.223730616633817
0.146310817369495
0.144804154924882
0.605171485741396
-0.255456994638046
-0.038723772511019
0.238263695784199
0.107722657621940
0.011428606754655
0.078208461050880
-0.224044145101812
0.197906481473926
-0.447342238123813
0.318343057017358
0.039860045907993
-0.420037983112712
-0.334368658026237
-0.231238598638683
0.157528967497455
-0.418241386756824
0.042966580572246
0.151147994721371
0.082013364328476
0.217980812435789
-0.062179581105843
0.490251086279926
0.151667912279263
0.166514346136172
0.376625425207692
-0.025225935188354
-0.015536766326726
-0.123323902640218
0.458743322421654
0.047607031906457
0.108500031572348
-0.383103456177553
-0.190831214833447
-0.322003358838113
0.106299936895587
-0.500843770191318
-0.027359216970351
0.068247674950401
0.129670750749336
0.456501301487531
0.188553174382695
0.075040049820363
0.418362590165960
-0.029858789924440
-0.396922981990548
-0.272467856942999
-0.107609413449352
0.432154784494939
-0.028771606566744
-0.084341359566490
0.400243452755489
0.584995045426910
-0.195718241944172
-0.121549346969056
-0.073674951866178
0.341191742529097
0.040442853546558
0.028559270240657
0.126103949922450
-0.149665058902763
0.252030385898497
0.456763947116283
-0.408917029723846
0.030212444682276
0.331509754464027
-0.009004172690188
-0.408259691300100
0.208460201658486
-0.324296744205266
0.220069622149273
-0.025930365943643
0.327858982794566
0.620892894824484
0.161265103949426
-0.371379022761019
0.340344878221833
0.263980056540863
0.302105784718136
0.124444688031126
-0.044894539679235
-0.151619533487615
0.099817719853162
-0.009747989976115
-0.227279677789689
0.127073022056816
-0.335790955619559
-0.246055129382802
0.319986819630966
0.250464658830533
0.161713551385966
0.003309151657599
-0.527007097335729
-0.053669495326587
0.476032780542970
-0.202338111338428
0.258052759899928
0.385678392387872
0.277921417881611
-0.170560785097256
0.161239635991258
0.096928454664024
-0.188044237972083
-0.227201429607168
0.170519208321353
0.093529643020348
0.448495444390216
-0.360384054372178
0.395422374174564
0.209606068395744
0.063054295239708
0.349644603590888
-0.099815323294151
-0.109428860652419
0.110636705924225
-0.118594834703532
0.018281155535581
-0.155826231822002
-0.248953644953146
0.310500085434707
0.006883230880423
0.214165407538929
-0.078185297520512
-0.151770634064393
-0.004455608359052
-0.288033831319964
0.241248286922035
-0.493920460076290
0.250746384904925
-0.170869595650623
-0.076642879819315
-0.023630525265810
0.379440341078956
-0.145066852353817
0.148733016907796
0.438550589485543
-0.489652326673052
0.151806757872872
0.399063788552813
-0.147138811622682
-0.286081360513953
0.086525842508663
0.140052315231084
0.264476403673105
-0.384799791381495
-0.150803128758766
-0.118880471614507
-0.417111115279925
-0.079803234758722
0.463352869149532
0.216212646721064
-0.103361817692761
-0.766904827500089
0.325821122460789
-0.295726780712779
0.234154374791119
0.026772700407213
-0.020839411808662
0.032733206293028
0.087994268331024
-0.261623495978264
0.282235745543092
-0.354135645856551
-0.241229084863523
-0.163850471191441
-0.222991257525918
0.170018345310788
0.106430904018586
-0.474448868050288
-0.039511143889873
-0.012839095756140
-0.096498783493396
0.614554656074919
0.111996263056385
-0.168218170027281
-0.487597304529662
0.249684638650650
0.079765749737453
-0.307795187948861
-0.119274010318987
-0.049780021157231
-0.213417095488246
-0.501927007903448
-0.198415105443805
0.257881752274132
0.222066987240916
-0.382364928466081
-0.184778901843393
-0.057279678334414
-0.335704704452905
-0.314132813533247
-0.180967307547126
-0.363769246841836
0.141360597852105
-0.370188926881650
0.191183150513026
0.196975018056028
0.070213619087297
0.123130843188339
0.480845952363324
-0.212778919212373
0.365503798445620
0.246356641963900
-0.395583511511146
-0.302153213925662
0.110484531000739
-0.353584309930318
0.182660611466804
-0.230592084808579
0.236935197312924
0.106094620625811
-0.279238249623798
-0.610531106358135
-0.063944086607425
-0.012417979131744
-0.303359203453848
0.151744045730426
-0.093546957353633
-0.295229057016500
-0.204408313311655
0.282952211148238
0.099543250858596
0.257951848804032
0.032459007931266
-0.109607937068154
-0.087243082398224
0.290766729978818
0.108753949924919
0.263459331854182
0.528917991504184
-0.229381399480539
-0.034972342492605
0.437815108016224
0.004803540825142
0.287751091847310
0.463178036625083
0.076714243668642
-0.184132767974312
-0.105274872043587
-0.176512384975294
-0.249563205815970
-0.009408409605117
-0.372378839611266
-0.242816318441645
0.005869929962731
0.123019861036991
0.102929610760460
0.443959243705540
-0.023940366071775
-0.029520291286007
0.101588752016943
0.367118928346640
0.428646002671545
0.047592716171333
0.318869138358841
-0.312911042093699
-0.118782300512755
-0.484332630708831
-0.379505220076786
-0.012857250078352
-0.044978902278972
0.461830911148681
-0.113953630686367
0.198453009831521
-0.218061400206984
0.148815202739150
-0.048100744813144
-0.072917275392324
-0.066522545524767
0.295169494104981
-0.440525581352554
-0.448245407522334
-0.213293813015334
0.245657772530249
-0.319753342756528
0.284423571073693
-0.305682166343259
0.155657257471564
