0.172165905091715
-0.272527263977362
-0.348678090078719
0.555341306595268
-0.029956101184315
0.000540065733825
-0.065177889737859
0.199321366316124
-0.086671029541384
-0.198154476537887
-0.546191188918870
0.425379602904790
-0.419509157495283
-0.001222022617464
-0.598867487700474
0.184598197920700
-0.379639523571246
-0.072211080490489
0.092325361169243
0.012251303679505
-0.046748710222672
0.144541721963968
-0.101784655198454
-0.079266889643543
0.189342300111007
0.095988718597717
0.314415324261306
0.311534888578368
0.126136198654110
0.181270911619678
-0.081633288984612
0.054592310878999
0.247408747298131
-0.062526607634413
0.175576795171145
-0.284716946105950
-0.547090359134870
-0.243299188371901
-0.244744544125281
0.206056476248121
0.097549639749967
0.162770537969552
0.111135455240659
0.100652787318834
0.113037900277069
0.151577909766428
0.161004103776970
0.648552232901092
-0.085488415797732
-0.114339688171651
-0.348689319813288
0.067555531286418
0.180851674257888
0.024229144532696
0.052043688980014
0.080306521273678
-0.422143731594700
0.087904385986797
0.409157910517106
0.338265835579954
-0.183663515903795
-0.302397189877876
-0.129934341576860
0.090684259080940
0.374401095668089
0.464684825276465
-0.118635516929606
0.057474621770121
0.009505665310736
-0.189644883348935
0.195325182459340
-0.327009647137033
-0.111147700075885
0.024088497194865
-0.342360002166002
0.378682183837095
0.152790544271740
0.472052915193469
0.353351746251286
0.212730536220470
-0.114145905837684
0.034221552306130
0.063972556162938
-0.016682944819715
-0.059348105463649
-0.559107729957989
0.248264512828531
-0.185166347211384
0.239498217511773
-0.242805390979590
-0.091242801333898
0.425150098004717
-0.208720910780379
0.407530880695439
0.106734809593960
-0.420869995565799
0.096585290310241
0.146639140646386
-0.342486587056969
0.302474391936590
0.395806408343511
-0.222037632680688
0.060752786820088
-0.223768239991478
-0.089838893368018
-0.334072638904215
0.202867436315990
0.247158573052464
0.263917421068307
0.189335120537690
0.410704219449010
0.246251207483622
0.254072023463191
0.097488833714082
0.370423055892557
-0.270124016776874
-0.316077362726626
0.257167038889580
0.443011616687716
0.252833620009369
0.241694795975849
-0.030409171277454
0.052171456827575
0.011904920435853
0.107556261739654
-0.358662591713224
0.325903833684623
0.268892691308544
-0.263201211793470
-0.335217370361380
-0.004211918001601
-0.004529983358747
-0.503673123648302
-0.375646979049734
-0.192841471730399
-0.017381680137437
-0.290795147596127
-0.462545471567101
-0.065588118066514
0.215422412782729
0.465280065093358
0.212304801284030
-0.218128972384139
-0.221416494437193
-0.138142022068793
0.020142614653746
-0.157910900813248
-0.198528139801902
-0.306840421325642
0.162560950950780
-0.050966274188344
-0.326409102151654
0.573795257804352
-0.152573266561306
-0.013741095747439
0.179649221143103
0.549808078249434
0.199426617716349
0.081125098165337
-0.107270715796073
0.241035082497948
0.004880381375484
0.009573285085783
0.012377492444335
-0.170300536575238
0.445136345987917
0.234075556211943
-0.406980131212038
-0.203018164941490
0.370314367054529
-0.122840227272240
0.561788147742770
0.299288968981224
-0.200475725128085
0.270079790274188
-0.058655614256615
-0.065988486703245
0.085316974072672
0.106425876812466
0.308459023108731
-0.130932316241970
0.229663701456026
-0.027056758918169
0.042296588775910
0.008534176699620
0.223211397478049
-0.541784771994864
-0.320473684934042
0.110951545997481
0.001519772597697
0.283736769939094
-0.194807187691381
0.217494560953010
-0.084326188875407
-0.249320304452896
0.152308147933914
-0.124920908724607
0.176080500481010
-0.229993887826423
0.200245186900371
-0.405184557709834
-0.250804483039862
-0.283546833719716
-0.186695452957210
-0.045329717975418
0.066886318374373
0.452056288901668
0.460669782615202
0.316373117847424
-0.404279321043919
0.669379976902740
0.121439731388485
-0.100361913672579
0.288298601888377
0.057322772787100
0.009356472450540
0.535031889279587
-0.088889671866934
-0.097361913529996
0.003772668501277
-0.065384364236648
0.502005350946266
0.250632617192460
0.292520795304735
0.308698618265538
-0.174332457176898
0.484146628188167
0.211718177864155
0.033759473725715
-0.187724709749988
0.215926960359605
-0.131222680014775
0.518862139081232
-0.254707071511209
-0.189299767502695
0.052583307269965
-0.230482639285770
0.612610581943363
-0.143242324435926
0.112484974634517
-0.000470271965686
0.379732676573360
-0.245109034970454
-0.268021205580530
0.284415314975219
-0.017293021639043
0.177834863879585
-0.669306093603914
0.006379809721820
0.035633811843171
-0.147841498535996
0.281375952855450
0.364984390689008
-0.469045489278205
-0.274973537158195
0.038936743611538
-0.075200020492657
-0.051269274297447
0.345536980396285
0.076462149675139
0.320712185647012
-0.056913811619777
0.023190173634629
-0.069378875752231
0.659047932401485
-0.191952490270907
-0.118752611048470
0.129982759160821
-0.067019132853779
0.371965280264274
-0.098903301557107
0.194857977898540
-0.491646694816649
-0.028521659878155
0.241748725825213
-0.099791470125347
0.392288886451984
-0.348696900470655
0.097507075696350
0.189852391494605
0.237800311978689
-0.240621683840119
-0.041096652914976
0.040665300558019
0.059187409438287
-0.556520040416984
-0.303984397817228
-0.114109403073563
0.044884210113424
-0.193545548932540
0.176336691332972
0.281650184370202
0.327444109450211
0.425674266703440
0.519727255982123
0.083180839105475
0.057968858003912
-0.180872961693854
-0.010769382887620
-0.106555504979721
-0.169950249054749
-0.247674025132318
-0.181095300537837
0.583844781711863
-0.323346860807005
-0.346018647319066
0.199258282302887
0.186184469907009
0.084487626510542
-0.336158196876594
0.053365323163246
0.256081444955007
0.040353837675635
-0.192122301300517
0.398757450816177
-0.073911367845215
0.562559977168340
0.232528421974229
0.252456781864248
-0.160979021493617
0.073299625777677
-0.033956595386981
-0.488034434070228
0.320286399006472
-0.156372520131560
-0.353549135008329
-0.134148474001180
-0.257730793869565
0.150928813235122
0.186098053420772
0.098667335722965
-0.076133621761297
0.188372259173420
-0.303792657399052
-0.329011079446477
-0.303583553657085
-0.266606171000906
-0.425919722583258
-0.348158371800572
0.282641381740122
-0.048306616237685
0.184253737872298
-0.243765070782269
-0.002973429634431
0.214578548468490
-0.121911906221985
-0.455463744779468
0.081065074257473
0.402423631233745
0.339528560805904
0.033392085735102
-0.051117407205921
0.434490902341364
0.081104217474688
0.036297026352736
-0.295703221283274
0.020040589414363
0.164872474336152
0.143407085109724
-0.444965153089489
-0.122167252276095
-0.688141761392724
0.249614103982186
0.109773833643848
