0.631004052317238
0.200251901475032
0.088585169912867
-0.139528153481540
0.109343423951760
-0.008732215499234
-0.082270934424060
-0.249655223291843
0.181668781672481
-0.293274101680599
0.038577561766922
-0.126437660961124
-0.213907242116770
0.516261142700692
-0.011577048069216
0.532050513369190
-0.286335615431566
-0.014835619802099
0.210484717448843
-0.342370701674825
-0.165199178092357
0.096131751028578
-0.177663425833971
-0.139927799385662
-0.066865357056070
0.610784565337903
0.415310537817199
-0.076066740564318
0.317923312268806
-0.329317264062685
-0.092446303139512
0.066485598485230
-0.169249150555727
0.543149360564469
0.104552180386729
0.237719271119429
0.143430840003150
0.234145956293963
0.400571154566172
-0.397543487576166
0.488098506210599
0.091606747053294
0.329098467872882
0.028636407684654
-0.125859607422235
0.191197462157363
0.398974876293972
-0.036478011398270
0.509400734105965
0.206421085575519
0.421278560300695
-0.096336204320018
0.590698935073894
0.316714080615161
0.098985171451034
-0.056555779791732
-0.192899294874833
-0.146872665912353
-0.173601957937127
-0.231729390798858
0.544343802283260
0.216907266099381
0.466663284175523
-0.313984186235891
-0.129633267057555
0.709999107290642
0.325529792902380
0.133063923755136
-0.218320257326345
-0.058509477204873
0.571021879995202
-0.204886294333009
0.631615419883376
-0.218457137968813
0.091144823242289
0.104029163878558
0.111519807219510
-0.002572593123793
0.430561006783825
0.170675480869250
-0.070224183450345
0.193332671995797
0.730164599452686
0.214248921126684
0.164294055355130
-0.199054922791343
0.181726049964709
-0.310456510175312
-0.080107038393750
0.198373808166123
0.627492764442621
-0.219655415578554
-0.125403344061618
-0.239681862885265
0.364603152341719
-0.045104479788325
0.584601819195445
0.386138802079207
0.109163048023386
0.376319271364221
0.343732161456582
0.272297838840563
0.248835990814715
-0.339104774676301
0.503528768104353
0.539098222048794
-0.057553122796082
-0.329077209723763
-0.157529860727299
0.069756268512204
0.043633596353845
-0.454988874050896
0.173055588034094
0.562184126222754
0.505274157696909
0.063201636915997
0.171145422940602
0.004159407633813
-0.363137506197228
-0.073919381879001
0.468501197699964
-0.118859133072962
0.432898262560630
-0.162921328704278
0.458023528866097
-0.405879400777363
-0.149320481798198
-0.349756199188349
0.130521034695575
0.029061820620362
-0.040859241824308
0.195084288016202
0.598795902456010
0.280834538975678
-0.147341053264092
-0.064996264083850
0.759777616059139
-0.349726349598739
-0.170381617184212
-0.039694154788930
-0.205557733935120
0.066883443386843
0.109284105130996
0.251957599150101
0.603382432793987
-0.146382803841330
0.044899521864737
-0.244378567901984
-0.383735873256062
0.144169977832569
-0.051531553069882
0.507669169107113
-0.114363448150758
-0.195285258353598
-0.376579100507754
-0.093105357107889
0.399024443480776
-0.154235151184338
0.059035653714174
0.570055358479684
-0.180585548497706
0.517603366229922
-0.412255014199982
-0.008567759893321
-0.396201821374678
-0.034378642080040
0.060022156901942
-0.206697336884567
0.223202648882941
-0.235387874464072
-0.081896823103675
0.436376164362220
0.685338758325794
-0.245172606384833
0.000175491948549
-0.202543478184738
0.049168427879082
0.117103667658721
0.049000469696694
0.715442796870317
0.290947865191436
-0.060959754764659
-0.065869223383219
0.808819739604917
-0.095056928658340
-0.199725266150404
-0.170455569277319
-0.133840435350255
0.301409148105695
-0.000000000000000
-0.152475920157166
0.295694509982791
0.258749739015040
-0.424887591150808
-0.058099335754426
-0.392525548902541
-0.405270209722009
-0.418960211668693
-0.051088392101765
-0.278452951258085
0.249260866099947
-0.082787603951145
-0.000000000000000
-0.376138157409167
0.000000000000000
0.099513509532294
-0.179039456619584
-0.081085779487594
-0.108075244139652
-0.494039087237729
0.030454094540348
-0.005283805371592
-0.432346993381829
-0.054442241328980
0.000000000000000
-0.065161966695394
-0.434427806141074
-0.276934045942443
0.220966345425449
0.385721250298099
0.025791039801518
-0.378119973696640
-0.000000000000000
0.158054500981470
-0.089617935053569
-0.061463328223399
-0.348829801764094
-0.137600137598433
-0.037133208048339
-0.000000000000000
-0.386210787737491
-0.225514588720350
-0.278043086247857
-0.304587216005302
0.369698255880899
-0.245603003300882
0.023249598364092
-0.000000000000000
0.427928261211087
-0.097338650596376
-0.258137437576199
0.000000000000000
-0.042969505498175
-0.202489073615751
-0.079522543895636
-0.402126477685271
0.256250578926414
0.238408536812596
0.060701200003612
-0.000000000000000
-0.086704413781386
-0.028941129638068
0.266897415624232
0.270839406211152
-0.000000000000000
-0.161001211559541
-0.034076456787352
0.048265515418776
0.178177713323215
-0.204199342781293
0.088108814246966
0.000000000000000
-0.206978410023323
-0.030999421464778
0.202515673867328
0.139476832501487
0.000528462093175
0.256816843657025
-0.042499025560443
-0.221713735752757
0.077925536504079
-0.000000000000000
0.202824735767602
0.010409823329458
-0.416850948060479
0.381403894067804
0.191996474173481
-0.013085862542740
-0.089914574585034
0.000000000000000
0.127185372443528
0.002147279372381
0.301865615996710
0.055100288693359
0.273531616129672
0.000000000000000
-0.259974235851875
0.015718734884029
-0.105471333443805
0.357255591519599
-0.113172712983219
-0.082739367744527
-0.255068617889510
-0.000000000000000
0.000000000000000
0.316566120165630
0.196812002016322
-0.322043244317150
0.192681782716980
0.141182624652779
-0.243821344723425
-0.094564702539202
-0.000000000000000
-0.130934704353159
0.067409164913676
0.133175974074916
0.405979878991261
-0.142623868809990
-0.113960102377474
0.000000000000000
0.356542087809523
0.113313074566027
-0.133449031113744
0.034915100531348
-0.021689325599719
-0.018024307146149
0.067393062860666
0.021796479018384
-0.550639657991556
-0.227881983933611
0.280595360681055
0.000000000000000
-0.041119669557990
0.126287186100431
0.191577430023844
-0.000000000000000
0.176478844313352
-0.280236154787635
-0.031681497707774
-0.278020732328766
0.077114940765879
-0.364060771704529
-0.191494407073994
-0.000000000000000
-0.421232008679973
0.245853051277910
-0.409850295347383
-0.183515675275080
-0.169027389089446
0.387443941052873
-0.000000000000000
0.283231678332293
0.009142154645728
-0.363164625405586
-0.228067338283965
0.121955962716601
-0.079441232938466
-0.013168364428036
0.000000000000000
-0.316528508389003
-0.000000000000000
-0.117725158668211
0.053438749779162
0.217948205254031
0.028038294562194
-0.472002849527501
0.264169945829798
0.043784968744513
0.271037964255832
0.233211323577174
0.037874558341983
-0.000000000000000
0.089567528937850
-0.169174409519630
0.230302139774915
-0.402756731587859
0.294551014998423
0.089297202977444
-0.000000000000000
-0.076801938485052
0.155994402160999
0.089614412547687
0.000000000000000
0.020880535780714
0.365382133748091
-0.058648585724564
0.093231140208214
-0.025049737169035
