0.170411978640057
0.528738276185865
0.428398515980440
0.033758100703043
-0.365641845017754
-0.263956948986136
-0.053706954300868
-0.126427107011806
-0.066339473665373
0.118325470220155
0.037182669130655
-0.217172644340871
-0.047960848997588
0.739655941245605
0.448425411609821
-0.036511023434407
0.344944095397903
-0.417051533030931
-0.108539429351656
-0.055202965780587
-0.090891328246064
0.048597761730168
-0.554630323647947
0.006360946771599
0.655003819759192
0.122722426598792
0.189115133806868
0.358266233096844
-0.297729720872058
0.630246428336547
-0.153434562801099
0.105927567524707
0.005867429155276
0.102692783761646
-0.092588647276828
-0.315602857527666
0.052940788965591
0.128542927367918
0.597760057409785
0.483066778479337
-0.101611147070447
-0.299133120005227
0.127830794718629
-0.069492479535738
-0.057513685835185
-0.161926135860733
-0.368129461910957
0.528860802404840
-0.499879904324801
0.259051985900649
0.072484146153467
0.031377609474063
0.077638439170534
0.722323627719179
0.054019620834976
0.393393771839639
-0.420947504066631
0.116956423616726
0.582408774181030
0.311546558387049
0.262383266766443
0.176030936628862
0.387908120971378
-0.364047664978455
-0.210989118785252
0.254543958847161
-0.027167288309145
0.576493495802906
-0.417761985503388
0.063833765659431
0.184222306020659
0.442118713735794
-0.006625357146689
0.715881640378416
0.051995419222951
-0.048848604250499
0.334554966234505
0.041050516745583
-0.113389039080538
-0.040055529184034
0.278389282649002
0.030891496291362
-0.339423448884201
0.502787161449595
0.068851802108162
0.035182233238313
0.721310643304371
-0.209241258118316
-0.063774189509485
0.118084925820902
-0.031360053987775
-0.221969354781253
0.779936050591053
-0.173796588811510
0.026440012737073
0.067099981059189
-0.044162658196846
0.301774528655782
-0.052998767457328
0.043596307664939
0.488720678936868
-0.355025036138229
0.473711707079506
-0.300759378292204
-0.275666041994441
0.642264855929273
-0.117758277184223
0.063766232785122
0.127612238275288
0.312782364173271
-0.058270943420410
-0.482210556490409
0.159769118147771
0.416024476772553
-0.196009396564496
-0.247144302568575
0.108367119950896
0.259614790956941
0.532165446847418
-0.051957154068355
-0.161526885036240
0.123895911286240
-0.440019923448642
0.066928456931741
0.196652515260732
0.623294719616510
0.112867584328561
0.013701249617892
0.121788155929029
0.059623434172691
-0.018865998527880
0.681819344612235
0.339987447967798
0.598671618447281
0.634294348022933
0.002288908326240
0.001022440169806
0.246549401497710
-0.106630237951000
-0.009875842160314
0.135400966659420
0.146567894422044
-0.338579474669544
-0.165040229688882
0.574879067021403
-0.249271188149651
-0.257029039476780
0.290904475235333
0.051920751784591
-0.420741863380579
0.289167501286542
0.366381960371346
0.665590964417445
-0.090066134988321
0.013726350042771
-0.058369422895941
0.763975859455003
0.057635579755556
-0.243305806019872
0.102601352170050
-0.286579749269254
-0.001787892397260
0.555202948138262
0.109001933462608
0.060194128888819
-0.436246291304071
0.058623705220662
0.010151308694559
-0.174722152010389
-0.203947017543691
0.351882279470712
0.031545554472965
0.514396206692558
0.470788163887723
-0.357437610504304
0.539567153996415
-0.140804691333343
-0.175969846936635
0.016977898228467
0.032934393122700
0.070898655812389
0.614529224800279
-0.131288789246974
0.151135147589467
0.297453302055175
0.436109375536889
-0.309171011157180
0.591602112945214
-0.060798895604640
-0.386741453608563
0.179067687336223
-0.076931420608741
-0.156822334442180
0.001079680427577
0.665355797263659
0.043601166119385
-0.452310338312395
0.250376852777269
-0.094192810506469
-0.271156550003911
0.545774971939698
0.334920733072496
-0.027293624028230
0.483237397302464
0.000000000000000
-0.055464491959646
-0.164523075479011
0.167013309800395
0.007247612507375
0.094183439976006
0.066557288408758
-0.125778055253664
-0.299176247152029
-0.371901866375764
0.132301217902831
0.319539750261821
0.000000000000000
0.000000000000000
0.430010778708576
0.012812129579601
0.163218554157260
0.430521954462318
0.200627376236506
-0.210379567142373
0.156613335434032
0.146386609983502
-0.050571422850652
0.000000000000000
-0.078843128141206
-0.053497214101887
0.155500927651297
-0.141305851355906
-0.000000000000000
0.458648636293004
-0.318420752221272
0.162229496369322
-0.084065420486936
0.308427707945873
0.173137560593915
0.320824039469856
0.079800472053555
-0.000000000000000
0.193394816229580
0.100481926602750
0.061820793923719
-0.274194907548174
-0.094922922589267
-0.400289644767657
0.026665707973886
0.171827077636076
0.000000000000000
0.097716963851568
0.189933325331111
0.109967983373661
-0.396389806014771
0.041866565518543
-0.000000000000000
-0.057477340054637
-0.175637910333489
-0.162596986002292
0.067038661510432
-0.000000000000000
-0.014038950402746
-0.158816541687673
-0.245640152266116
-0.076601197265325
-0.269071004383948
-0.169708990199726
-0.211797711463640
0.026381970621189
-0.000000000000000
0.216426981263433
0.229961649056007
0.014262462440642
-0.085284797164219
-0.000122758529172
0.000000000000000
0.305923353651993
-0.199270513605727
0.016470152307084
-0.498875350780524
0.002332160360879
-0.277515554213423
0.374195014059223
-0.161007706082003
-0.213431308579305
0.000000000000000
-0.252251942471938
0.077034927931393
-0.000000000000000
-0.546169693438852
0.095946199828439
0.056526312184435
0.175181014279072
0.175088053026453
-0.000000000000000
-0.229560244710784
0.013492855058659
-0.093999678645268
0.306159880885373
-0.167029393630984
0.297893499882497
0.256036137087705
-0.000000000000000
-0.052239321333498
-0.061706440133186
-0.237192097243847
-0.149857596829402
0.000000000000000
0.144714611302653
-0.197774000678618
-0.371766749724756
0.102890764251464
-0.065980963681306
-0.079467660148179
-0.412612244710267
0.084781477173514
-0.027424770378061
-0.081402939091457
0.330911541373664
-0.212688435267321
0.000000000000000
0.181069798049084
0.381525137578099
0.063857589035710
0.066805899662027
-0.227352869893740
-0.303341395713475
-0.000000000000000
-0.094605575030238
-0.194373380342486
-0.230992138219902
0.451651129874881
-0.121961250584216
0.000000000000000
-0.262505204677441
-0.047411685576414
0.000000000000000
0.350609898109444
0.077051603953579
-0.152500090646949
0.097252268884327
0.056357269807009
0.250516453093608
-0.440875119468789
-0.037650710895764
-0.073397656997271
0.000000000000000
-0.235145287193757
0.200989143944458
0.157004973972651
-0.005862708781630
0.052365949802614
-0.045494673301313
0.154945247449308
-0.000000000000000
0.114775258825340
-0.000062616703681
-0.095744246377037
-0.000000000000000
0.424726759105295
0.043276347187685
-0.234581924649086
-0.105402145931540
-0.310025689613529
0.000000000000000
-0.346065206146024
-0.017806655973404
-0.211848779023682
-0.450058888006430
0.136982044954516
0.086518895242063
-0.300178204229386
-0.262170269917233
-0.057272999890176
0.000000000000000
0.033335940868723
-0.135416836003153
0.261881103554738
-0.242206681670477
0.308940213208213
0.127189630944847
0.186027116939385
-0.023602808072381
-0.000000000000000
0.252514446162573
-0.280680146047589
-0.016523872682960
-0.162467695650950
-0.005431625663437
-0.000000000000000
0.250463777414070
-0.268561727232276
-0.007697779662191
-0.064446920703881
-0.419444293393763
-0.248649467168650
-0.000000000000000
-0.170749592939758
0.281526597092950
0.132865634270935
0.191086763530886
0.303919564254480
-0.000000000000000
0.043548389923314
0.108872647155040
