0.034728215764062
0.178767048069595
-0.109032290512443
-0.459149853359888
0.698099582214800
0.313862887820640
0.200280894508053
0.558748166976963
0.220376918167084
-0.231555833066357
-0.097417522225704
0.048535631088612
-0.028396169345410
-0.132422226709035
0.611660762414336
0.469294099613161
0.245277379861798
-0.198847602982870
0.132006538889892
0.002868294073225
0.317919651457702
-0.328715218195286
0.200598093566398
-0.166806360216398
-0.046341006145791
0.581579204045121
-0.393308367115530
-0.245195685239358
0.021147022826991
0.052037475039806
0.327456740434604
-0.021980484075727
0.011241158983605
0.643278759359531
0.036108496221287
-0.245810297943053
-0.230135913999047
0.767937511270613
0.231215789503944
-0.176773213718567
0.101216043233041
-0.141991087773924
-0.103852296416626
0.812807284998845
-0.085024499121972
-0.247840087566543
0.135279120645706
0.302291448130111
-0.196994423937364
-0.414180259355947
0.490365616833037
-0.166354211952349
0.420012977539232
-0.130675164280894
-0.065225477658088
0.334719003440828
-0.154525243893157
0.632544763712290
-0.191388421905216
-0.229928670829336
-0.045720830855605
-0.179354440035331
0.300491619057345
0.117251642852683
-0.140861125710614
0.584996903338333
-0.282671676050996
0.386351062900895
-0.321215875599605
-0.025140212874308
0.611561446417371
0.196412404485041
0.026262327608256
-0.012135161099321
0.089772872441396
-0.163577831204234
-0.075719905873870
0.494500175459938
-0.023921317084179
-0.269388341803515
-0.088419843029538
0.089487292030421
0.625410912641331
-0.239660177705055
-0.034499810342916
0.057212393749865
-0.243539239202939
-0.373262862283268
-0.038751510574881
0.547270281725907
0.309585198382343
-0.295284820886447
0.133871136457185
-0.474759037183814
-0.116198507140801
-0.054887077089625
0.539523384117217
-0.257181372224209
-0.132684388171347
-0.395108514668079
-0.135079823694259
-0.053105298177937
0.057753093554352
0.557747560615641
0.094002248759925
0.592356784298990
-0.010202255674394
-0.228926936104620
-0.510270982263502
-0.144404968134162
-0.185904107830112
-0.022825471610522
0.491837545986303
-0.088539305060905
-0.355637039833570
0.644426431421689
-0.111605985262928
0.023257742585699
0.023829972086173
-0.040359925274059
0.643616474413221
0.433626693231249
0.120219377029709
-0.064284175394220
-0.117641967220534
-0.035584444076881
-0.385130655436089
-0.079971468329413
-0.009178993847472
0.240366086395158
0.643986623041492
-0.287363977732369
0.296207684108656
-0.088093806734676
0.056972814509448
-0.351187464739858
0.294501969598469
0.139211182570329
0.363957174888022
0.671188530534985
0.085932643061753
-0.268386431374826
0.299552611155576
-0.349401269185287
-0.186373569153455
0.485526497753806
0.396342510320737
0.569529042842044
0.001755854367427
0.422852899844727
0.387395672162833
-0.060454900882700
-0.011797259810193
-0.415647360072188
-0.229790829318390
-0.379233574351490
-0.446374681242347
0.456691463558687
0.181334478191353
-0.134520670756026
0.172157555060019
-0.308595606983288
-0.139091190944204
0.168630752765873
-0.044569433949851
-0.412272707150494
0.495884845512208
-0.436611792249542
0.022477987588861
-0.096270603022521
0.351597199210341
0.557129049818049
0.034873230160509
-0.141815478082919
0.433879280308421
0.085038692576986
0.356708905657084
0.017024845998795
0.567618296652279
-0.436777894933132
0.138015364965931
-0.070845801699460
0.025503246777649
0.011533475375251
0.287834942485755
-0.021339916434502
-0.076124945393603
0.069413596617862
0.634714863033932
0.667528927511017
-0.273639892535036
0.247141495013260
0.048446732805595
0.353195031165484
0.236730235181097
0.253379997269967
0.042222220508800
0.067150477846314
0.741413352076260
-0.055598421560271
0.226946914815216
0.283848093432238
-0.076211747620830
-0.234190794429944
0.344450615163044
0.559927713829924
-0.042173071201489
-0.446450392894576
-0.025734243367013
0.221899078084996
0.177571023397497
-0.059019771572336
-0.093408561193238
-0.094076204409851
-0.215687904551397
-0.141064159151904
0.672212974778172
0.003506858350082
0.178598249085043
0.151060174306157
0.175110356399329
-0.000000000000000
0.176276368267639
0.041212689477041
0.000000000000000
0.461089611357932
-0.130110467920362
0.426817071798188
0.352369647011523
0.132540431055017
-0.044632006316660
-0.000000000000000
-0.012461812405402
0.211475936283138
-0.081478772211182
0.045426202111984
-0.071142381282999
-0.358866273609383
-0.041189501539100
-0.227506196864324
0.182392151715388
0.202770695600990
-0.000000000000000
-0.124528561753134
-0.354037051594004
0.206971176163823
0.349040118931137
0.214931556741231
0.321096712052245
0.375401717957239
-0.000000000000000
-0.137858267353346
0.030393648660230
-0.172925765212594
-0.000000000000000
0.154417570608132
0.254740027595216
0.021549378813289
0.248480045124273
-0.047742162135822
-0.000000000000000
-0.086226191790970
-0.272795159024039
-0.087868341409928
-0.113627958781174
-0.081572991523799
0.067226955497978
0.000000000000000
-0.176854640198052
-0.188781717472247
0.198166095224915
-0.306417768077145
0.214353126044855
0.124152443027720
-0.000000000000000
0.047878164717868
0.257978261093101
0.221418894115195
0.444076534552378
-0.177396449678744
-0.094453805023622
0.265893513459541
-0.000000000000000
0.172151296047628
0.390161500256741
-0.076067267716388
-0.154717656701245
0.000000000000000
0.347651842640101
-0.045267351551030
0.014347357891539
-0.596173183711088
-0.058949954333084
0.253008038256737
-0.096033599229901
0.187265756813558
0.309276555383104
-0.267655106690130
0.034533194894066
0.000000000000000
0.071768465234224
0.495776574719874
-0.245748985284674
-0.248456111495740
-0.046891527111985
0.172995717664004
-0.000000000000000
0.002606724509205
-0.246852857288013
0.046948654042670
-0.044071886562487
0.397724257735976
0.078326027735675
-0.000000000000000
-0.257574131471059
0.177606259059468
0.369734218539161
-0.214115219186087
-0.025611928047685
-0.500132909799402
0.000000000000000
-0.130696588796784
-0.000000000000000
-0.181579483375831
-0.089285057481318
-0.299110879161314
0.119181699288862
-0.211315867562812
0.301698990288648
0.111515842585059
0.124635539030177
-0.098954873441421
-0.000000000000000
0.068449918399929
-0.267037176946469
0.284908215359973
0.378039788341044
-0.000000000000000
-0.038573295214306
0.252088470230313
-0.222723781148617
0.064890281186145
0.317235801107869
-0.112592314048095
0.287522304921891
0.056555693802962
-0.154372265473986
0.000000000000000
-0.074528650751556
0.272860856404518
-0.150921711646664
0.049106772381204
0.069623017391746
-0.088689872214471
0.134184714978197
0.347394988808529
-0.000000000000000
-0.254886609778718
-0.384809208117278
0.144772916745821
0.086907306717130
-0.187369750533501
0.000000000000000
-0.067438909164053
0.000000000000000
0.081013626195387
-0.297823522175187
-0.076260155314081
0.049634348424946
0.202439100549728
-0.160231329798178
0.225736179485957
-0.115437251656415
-0.020890640953904
0.000000000000000
-0.279814198182410
-0.289409363718763
-0.296937078027349
-0.223203703248482
0.177647053779497
0.011262476134365
-0.381096712932067
0.092752600142068
0.000000000000000
-0.114700666346510
-0.208037612395940
-0.223326037509036
0.133624281171784
-0.000000000000000
0.268205870176883
-0.237689306384999
-0.327405146035550
0.068091078774065
0.109387498287673
0.304409324541597
0.000000000000000
0.237158897323695
0.396230835770538
0.075460113790905
0.176739796018814
0.358934724643530
-0.285612406725276
0.470154757390267
-0.175374332827379
0.094809354491609
-0.000000000000000
-0.000000000000000
-0.058371643445299
-0.043912692819569
0.150103957195460
0.221783476533856
0.073525209531939
0.297742069838980
-0.135842548212516
0.139448683191212
-0.000000000000000
-0.279454224076777
-0.431423897744984
0.030320536653167
-0.000755345807066
0.159968716651816
0.189188233406034
-0.000000000000000
-0.210215885751494
0.197273543579832
-0.089871086870026
-0.330794297979549
0.050151203176071
-0.093358875770307
-0.058616822237594
-0.156613567550825
-0.367884157988791
-0.504564699608662
-0.000000000000000
