-0.085422367944192
0.074232712196364
0.114042814209997
0.016994450097999
0.827283849531286
-0.191779084155537
-0.079891229938703
-0.172712036329058
-0.067606354741183
0.154337703167702
0.611646616948877
-0.030907892674714
0.190631123263855
-0.053775070121882
0.646517051304391
-0.011992504367939
-0.141503925433030
0.096373411799754
-0.285449168394135
0.376488919997834
0.097341825933986
0.362785314162526
0.630948910721042
0.190228753315610
0.143665382921755
0.220112465024749
0.042662491827234
0.120649443392352
0.161255066394868
-0.323997632335240
0.316876268494231
0.391454017702833
0.578746736119949
0.291927167633530
-0.205221032210655
-0.222435395184315
-0.013965565212768
0.698316421970395
-0.029457456431789
0.002724428110668
-0.098471474028883
-0.519122251868266
-0.023673489171613
-0.371520386925883
0.385668132021656
-0.153096763320590
-0.160412374508256
0.535900067418676
0.298108684472848
0.004594485735080
-0.370640517408310
0.553525143033975
-0.212298692232501
-0.143717453672033
0.385584776571657
-0.151220105860405
-0.211861361052260
-0.219627119144239
0.156164162573037
-0.291817537040656
-0.244180770911517
-0.026436684140710
0.542007048392720
0.085313667622408
0.376460600650583
-0.012103297246922
0.295512426726266
0.109835518123519
-0.393227002402835
0.493833396581145
-0.482150691817409
-0.108159610734470
-0.045383234139879
0.174498118904807
0.003382368806625
-0.036023312168423
0.642549941981199
0.240176844136760
-0.438861660296579
-0.248971887467978
0.239016883766426
-0.063284017180187
0.677097321451594
-0.009967240020435
-0.124363191054945
0.423922249547620
-0.149417693204142
-0.393205707124901
-0.218770588120012
0.528867738486064
0.390446403529448
-0.166332437118941
-0.239841913573566
-0.028773866108553
-0.183378100708414
0.595646505026055
0.354999834744976
0.480453793021461
0.015386029541295
-0.011098327371759
-0.132256473698434
0.339691928398937
-0.414502666451993
-0.257475754505265
0.531149448768969
0.040898403746161
-0.113996772098860
-0.161594207340421
0.619399791080664
0.041645919630626
-0.000083575905160
0.164250610385130
0.345125081872855
0.705204185016702
0.000622160114410
0.015782313863508
-0.106291608450213
0.042326261749062
-0.154511153036413
-0.326780928691338
0.591950900341035
0.276322859597026
0.145223860333077
0.162558311702334
0.076917478554099
0.245717080735315
-0.019636073367151
-0.085437019063717
0.059856727492540
0.429940353171165
0.111342600562109
0.346998284896844
0.644948610092827
-0.273372325833440
0.553598278757799
-0.051547976919097
-0.080494520237268
0.164557046489989
0.059675118816057
0.448970118164241
0.225374675938856
-0.003142719863243
-0.079315351394393
-0.181797217956878
0.169433716772021
0.591476706845227
-0.011153042149610
0.373254466559957
-0.001400711604800
0.565630369878161
-0.323949793109311
-0.223445345984530
-0.048409341629347
-0.220773635307397
-0.163091481399384
0.046838592701961
0.053076291333130
0.125803101530337
-0.187488015562244
0.623851467383220
-0.363370020513459
-0.431699591162775
0.195030303798603
0.193276588781428
0.022475295902488
0.271703086874440
0.541738413544770
-0.090924432212180
-0.073406249570730
-0.169286879922444
0.700671529849253
-0.048602936810042
0.308384734689909
-0.114537375554793
0.310497811535920
-0.191891944799446
-0.129726686158957
-0.348251101213093
0.646935326264761
-0.013555884928546
-0.037558250774636
-0.270004293089225
0.288218234145464
0.108601777800811
0.015990515420368
0.671789812353695
-0.000547249305146
0.055664004519138
0.280398454097485
0.654230266199298
0.040582796151102
0.491814746025451
0.287707789888313
0.114185450751884
-0.005927880043200
0.143810296570339
0.682886332899864
-0.053315886739294
-0.279862802866263
0.011826174436244
0.476319373848197
-0.194312069186774
0.061867312677857
0.013201776380693
0.032374328588584
0.216482472946050
0.042610555620349
0.549430626954904
-0.306443641356126
0.308386730566268
-0.226438614746360
0.163635750556028
-0.388608735580346
0.147969319113522
0.219622339529306
0.665231519719283
0.136539275694220
-0.411154951391773
0.086139718647139
0.184609464764734
0.586440422433364
-0.425416993014326
0.001047291255390
-0.139303194442855
0.051960915002571
0.332174699319702
-0.117539833198300
-0.035386482099580
-0.000000000000000
0.110535241353082
-0.325594429637640
0.085073507292452
0.550411598887914
-0.304681367419313
0.000000000000000
0.148480922677285
0.109910296376930
-0.300554351779996
-0.000000000000000
0.221644958031222
-0.339294919667067
-0.262842676032080
0.128439951885833
-0.021165971555861
0.263783053348753
0.297161149162563
-0.000000000000000
0.061888163591219
-0.104696535906960
-0.001865884821438
0.450390360851463
0.206607058740726
0.055236787618316
-0.285417741040966
-0.156596137336055
-0.179571813793895
-0.000000000000000
0.053307762692805
0.094689485955716
-0.161770742917872
0.190361563825951
0.000000000000000
0.046251442377972
0.286357302842389
-0.023193995488935
-0.188512504750681
-0.199478047689468
0.301572697992484
-0.040321955464718
-0.352871357664405
0.097409116961834
-0.000000000000000
-0.145167717470337
0.282300161107938
-0.313479228924817
-0.000000000000000
0.167031206514478
0.083894883197466
-0.309911302235766
0.100002167340339
0.328512912109124
-0.324908713913185
-0.061156258056154
-0.320238448432508
-0.345888100862919
-0.061817862326373
-0.000000000000000
0.074508452545654
-0.300236856414631
0.337601138858354
-0.212941613524717
0.240814460839289
-0.199895538601784
-0.000000000000000
-0.121939282228286
0.418472594536465
0.309207580252935
-0.109576508679257
-0.065876187991948
-0.084846438652948
-0.000000000000000
0.065147487531620
-0.093464682034067
0.121762219938783
0.328156946476735
0.151388560326498
-0.000000000000000
-0.098097410383499
0.260938491425242
-0.065685176364005
-0.095608585619507
-0.115702804727147
0.216287347764345
0.000000000000000
0.078520714809398
0.041013469531240
-0.235143941110669
0.283679578130620
0.049132022895965
-0.000000000000000
0.159657482855910
-0.057836636655447
0.284635624014105
0.064111313006044
-0.163920201245330
-0.092446189482047
0.213569523647758
0.424706938862642
-0.000000000000000
-0.583596454961823
-0.217254894986432
0.092454707307656
-0.000000000000000
0.242033478010629
0.124913431144506
-0.276287279051126
-0.246091995977064
0.000000000000000
0.304939572779590
0.132310786718998
-0.203875330896317
-0.246939868603464
-0.269746445468168
-0.333623142636661
0.000000000000000
-0.234159657720172
-0.089953724923528
0.353921708031630
0.170978471292347
-0.154675934171820
0.070669909217608
-0.127673929954923
-0.360606334947736
-0.070452534812529
0.160396449630611
-0.270365184933629
-0.000000000000000
0.011508746658817
-0.000000000000000
0.097306413379198
0.466931852734518
-0.352782099491187
0.095036998676858
0.127796955680182
0.111884829376326
0.118521276269199
0.379406994289694
-0.117817172138990
-0.253763757494181
-0.000000000000000
0.531400272776944
-0.159386799321647
-0.070373082797838
0.000000000000000
-0.409334358995165
-0.254464072061173
0.012000794199228
0.268288183310737
-0.273709404720315
-0.173311807078924
-0.222740320083660
-0.218994630180397
0.412725333764636
0.000000000000000
0.152694795764112
0.144535015363396
0.352147529104345
0.310851973047931
0.207847924686459
0.277620817845932
0.000000000000000
0.019132590700715
0.122765993852199
0.327794208816098
0.000000000000000
-0.009390485488653
-0.208515488485881
0.073996593455959
0.310578286532873
-0.047952941020839
-0.179245994368525
-0.326243905384586
0.000000000000000
-0.148605319758053
-0.396505120281210
0.109014089593559
-0.060783784954660
0.236085993849184
0.067471303536575
-0.000000000000000
-0.528637844406280
-0.046372299598331
0.162063500959134
0.000000000000000
0.147716231474506
-0.070081992853269
-0.051157568823910
0.130880333375502
-0.117861077539435
-0.389299187612129
0.000000000000000
0.070188704787318
0.336029134101614
-0.069191412186421
0.199473555431725
0.058673298210309
0.134290711564334
-0.356153072210032
-0.329887495614194
-0.299756637037515
0.267878036795244
-0.000000000000000
-0.106409308978672
0.224959562950379
-0.336127516952133
0.155123588090820
-0.124177412740357
-0.059017912809959
-0.277126080455760
-0.000000000000000
-0.082947344124467
0.017461207791889
0.046702344994577
0.469270732530105
-0.000000000000000
0.041454229120258
0.043421943602179
0.137286179251723
