0.063172978219675
-0.127125591693198
0.068490850329523
0.557844401497934
-0.077391362286999
-0.329955998693211
-0.074640622544577
0.082306243535473
0.204849018761202
0.504121011351322
0.221983169862530
-0.190261416960120
-0.011303114983343
-0.234371421669302
0.001804369754191
0.316076293386092
0.133095588715276
0.511530088161914
0.091997609157063
0.152801085058899
0.041691309699387
-0.097810000149173
-0.283992690861355
-0.170414779838581
-0.259115002209189
0.476369674959515
-0.010657857480788
-0.094875756346764
0.396212857939331
0.200717345634561
-0.253268640516116
-0.305378678047076
-0.288085454898016
-0.070540290386954
0.642748712589977
0.044321775048860
-0.025211090588793
0.226951096374934
0.143358473494592
-0.263789802532695
-0.185092654910266
-0.262061174120711
0.463768164711201
-0.168161228436825
0.338998967954495
-0.423288384820202
0.362345472559659
0.020993156273308
-0.104753520371613
0.085559082115648
0.045213695124311
0.638873451831270
-0.489533842802908
0.053558497719979
-0.014676586828864
-0.148296933169076
0.315002612844651
0.054509403308259
0.143065320866068
-0.091029123661759
-0.009522030375950
0.317834595874042
0.456467603019544
0.133906716713936
-0.052540745369455
0.308744142363937
0.601100590661910
0.018240019520873
0.003960045586221
-0.300985214501321
-0.352558586263176
-0.207566702346539
-0.056635595323737
0.251251196597194
-0.258151046168358
-0.133341850937856
0.184398608376995
0.013962588876977
0.055466477421544
0.610634045599588
-0.448862135857061
0.140626929691790
-0.337054498877193
-0.034890481608708
0.005413896635252
-0.164468764782766
0.525846303642578
-0.066208681111527
0.153997511899938
-0.003292881181870
-0.115437228677036
0.386103438272360
0.626242454974729
0.325679808020736
0.267305864195387
-0.099720623958392
0.722846102063443
0.208328773478422
0.071430561901185
0.039726733886531
0.210750556953277
-0.397885984633814
0.215733548727806
-0.232233920659144
0.588295032750157
-0.097923044694698
0.268644173656694
-0.000804874882654
-0.222636372506565
0.316817532366648
0.305301931541126
-0.122505449988582
-0.071150966320910
-0.306381529366661
-0.125984485259547
-0.232170706305562
0.580655259737867
-0.006969072787819
-0.231566825945965
-0.304414955352853
0.045675950182403
0.634687226149899
0.144982450151062
0.115184741990420
0.228113488630581
0.336589710170528
0.167466157131329
0.087131725945460
-0.126995240825377
0.197094590843009
-0.004873768273582
-0.000000000000000
-0.205413415070575
0.072655893133858
0.456710238260761
-0.475084568713548
-0.059589738799396
0.000000000000000
0.119355432565274
0.298622266459935
0.384057876068776
0.320826753644303
-0.322388406760264
-0.046057476372145
-0.042242103054280
0.000000000000000
-0.117593535067390
0.360239670893451
0.358668483751390
-0.358985134083709
0.377209470241829
0.150423226214611
0.138506101861617
-0.000000000000000
-0.031193499452055
-0.309960218204027
-0.076125582272549
-0.316268616392321
-0.188194502680944
-0.290985742039915
-0.325223095947920
0.182710529174274
-0.000000000000000
0.302556578553475
-0.131900902123043
-0.067947971733341
0.075838679381537
-0.310163564562978
0.228430034785059
0.025672666122748
-0.000000000000000
0.248120400270280
-0.052819191171235
-0.051152702778815
-0.187912986539487
0.269733894049805
-0.191504587791523
-0.109388400846492
0.248295702599298
-0.000000000000000
-0.140430421700175
-0.123857480808151
0.105541761295932
0.387675730033843
0.034401862403689
0.329175078984855
-0.415916301723855
-0.206628730899967
-0.319646106562068
-0.222390321272540
-0.000000000000000
-0.254543314600820
0.143384502412994
0.272581105973256
0.000000000000000
-0.321657582627800
-0.023357137627232
0.222803546150844
0.009127494060653
0.183518853838678
-0.240467843227441
0.316364022280872
-0.003114105685323
-0.087341952223038
0.071127752740642
-0.380784641887988
0.351410830907105
0.000000000000000
-0.266171516769827
0.201257359058000
-0.084515705435802
0.342078948823549
-0.077852351148649
0.181114723241773
0.000000000000000
0.285605173590421
0.076085201786155
0.095565122887038
-0.112305082759105
0.184795729311441
0.000000000000000
-0.162972587700904
-0.220356771433227
0.312134605456924
0.000000000000000
0.017987225811287
0.054924963414491
-0.147804243310457
-0.258596156335750
0.168229517415794
-0.062047506166939
-0.000249952294708
-0.000000000000000
-0.028868158435873
0.330246647666061
0.145465461807306
0.124735931569536
-0.347356905456624
-0.112899883566985
0.184319989396706
-0.355265936403578
0.104168492928186
0.186531966650461
-0.319614078136383
0.000000000000000
0.100200689424034
-0.150920181356435
0.202391796249897
-0.130931545592024
-0.000000000000000
0.432816439866252
-0.134815444958007
-0.100753673754821
0.183601994110243
0.196259788320676
0.234106609865137
