7.938126654153238e-02
-1.707501736748978e-02
1.019766346841039e-01
-8.743437109719301e-02
5.744297105081043e-02
-6.892216672208558e-02
6.509075715455502e-01
-1.562979879413382e-01
3.238571045500980e-01
-2.444158041309113e-01
-2.149124059234256e-01
5.891763212375318e-01
-9.971113444728573e-02
-3.221005028897970e-01
-1.207745987476857e-01
-1.924740315566235e-01
2.453129853474513e-01
-2.120123198507675e-01
-2.244686126093499e-01
-1.309902417015397e-02
3.484112673559733e-01
2.089558232925020e-01
-1.592803376406531e-01
2.927768364399884e-01
2.728017109235194e-01
2.628189982754779e-01
4.172801978115777e-01
-8.345334996653997e-02
-3.035578197910405e-01
2.880358422032422e-01
-1.897949900903574e-01
1.449874131236654e-02
1.199921417267383e-01
-5.233116325390230e-02
1.128251048048481e-01
4.491591573524436e-01
2.057737057152481e-01
-2.145926352607231e-01
7.371588178370141e-02
5.953387167536940e-01
1.750907004601270e-01
1.893395329472954e-02
7.330699968731309e-02
-2.762723079517656e-01
7.895219259327939e-02
2.202041369638953e-01
-5.612347078121662e-02
4.812265077771102e-01
-1.148938184768538e-01
-6.282883043405965e-02
1.370040927790631e-01
8.762044883821633e-02
-2.094077575207760e-01
4.879962574201864e-01
2.992725444638214e-01
2.885381830286371e-02
-3.568429131783681e-01
2.187948619841725e-01
-4.335065126214178e-02
5.470302553354954e-02
5.214162825097758e-01
9.246366752180589e-02
-2.241299194177395e-01
1.413750049236639e-01
1.137682937677694e-01
3.886300136143128e-02
7.230611487981395e-02
-1.861753033656503e-01
3.186264995276077e-01
-2.649540883436140e-01
8.221556189831142e-02
-1.835139555687312e-01
3.784965784827233e-01
8.745534090446516e-02
4.616835881730398e-01
-8.916330581630869e-02
-5.544966408355404e-02
1.459297884772116e-01
2.720015172009399e-01
2.100464305489223e-01
2.255749511791499e-03
4.016763611566034e-02
-2.840467350862508e-01
-3.327207270125525e-01
1.954749123453309e-01
-1.143630677192707e-01
1.540420535964341e-01
3.694629879226867e-01
5.128352893385518e-01
4.038868610757424e-01
-1.825762943759015e-01
2.450098868464697e-01
6.948432245689639e-01
3.071035510803752e-01
7.463093739685391e-02
-1.286729966021755e-01
-5.555311136725200e-02
-6.549479967314757e-02
-3.419060697690307e-02
1.582123147684968e-02
-1.971577784690194e-01
5.352291881489151e-01
1.285446358261808e-01
1.559197024744245e-01
-2.713907347828469e-01
-1.853081314727178e-02
-2.146733278561455e-01
2.585454994597037e-01
3.616176950531581e-01
4.062801652485079e-01
-7.073047275480007e-02
-3.248835958744505e-01
4.672661511405566e-01
-2.605775366673502e-01
2.113397210771100e-01
1.743499583859745e-01
7.302687552982824e-02
-3.553399216557204e-01
2.625345162583094e-01
-3.556701424693735e-02
-3.324829684998167e-01
-2.332929794444988e-01
-3.538258754992812e-01
4.450946733822732e-01
-6.205084612641156e-02
1.114105867386982e-01
1.495780034704071e-01
-7.453759233646343e-02
2.913281402691883e-01
-2.823328067360439e-01
-2.409807747577405e-01
7.268476352079428e-02
2.809480648484246e-02
-1.901691902910266e-01
1.403772868470856e-01
4.880084632703638e-01
-6.950983039139234e-02
8.007548746682078e-02
-1.265433431118328e-01
-7.874908747554225e-02
9.865754378778434e-02
2.980788811189596e-01
1.651046892734956e-02
-2.983831760045017e-02
1.445009064770186e-01
4.586996578727678e-02
-2.494065363151673e-01
-4.199765203791737e-02
4.219390242990071e-01
-2.824884737543218e-01
-4.262883487350073e-01
-1.036256369103045e-01
-3.258868501021459e-02
1.863886441724110e-01
1.985251298907855e-01
-8.560871083872301e-02
5.007630871171513e-01
3.182325435694542e-01
-1.518480397694035e-01
5.335061689236720e-02
7.926942155971264e-02
-1.096818616723555e-01
-4.734782704603396e-02
-4.494261171816881e-01
-5.003090858532326e-02
-3.369882621746922e-01
6.090859596553112e-45
-1.012625377189414e-01
4.052614601696623e-02
6.388116795542804e-02
-4.268041318636162e-02
-1.923086139278397e-46
-2.112712451655111e-01
1.080231509890813e-01
2.113825409168110e-01
-8.351536235453523e-02
1.546385610417406e-01
-2.156200291384924e-01
-1.525836339174623e-01
2.867129110272004e-01
2.013840234801395e-02
1.509664727176105e-01
-1.930942003344608e-01
-2.720878453638390e-01
3.543889514699305e-02
2.573814219573659e-01
3.787258978756613e-44
1.358652007018735e-01
1.611768225451170e-02
5.857379064610927e-02
1.713264132832460e-01
1.392506387088215e-01
1.521201198427032e-01
2.140791781125536e-01
2.244861589826664e-01
-2.205781820389535e-01
1.182323820257620e-01
-1.996280241136841e-01
-1.153671308105019e-01
-1.045315825111631e-44
-1.274381897634356e-02
4.665108946288381e-02
2.397666580581434e-02
-2.501075948467830e-01
4.553216444782179e-01
3.985278777546164e-01
-1.575691599106716e-01
3.516176663742016e-45
-2.396555119999393e-01
-2.584797813631461e-01
-2.482407412084216e-01
-1.859118471644506e-01
-1.623428829716231e-02
9.426115917712377e-45
2.285461488632383e-01
-4.248830288681680e-01
-2.607941791505186e-01
-3.724332372561646e-02
-8.892390665450310e-02
1.206935422160608e-01
5.936449145141114e-45
2.444619462811149e-01
1.544908691400973e-01
1.931982503109918e-01
-2.200359460596241e-01
3.130147475789266e-01
8.838115930908833e-02
-2.069171455202288e-01
3.233116945755413e-01
-2.797955379394466e-02
1.798751522400988e-01
6.348036713166477e-02
-1.448396226390687e-01
-7.204563129012406e-02
3.593285719308431e-46
1.070956489229642e-01
-2.687814818941064e-01
-4.172453287220286e-01
9.040579241776509e-02
3.413869565724548e-01
1.624326748563733e-01
-7.128189857478141e-03
1.561249744944390e-01
1.162314077934357e-01
-2.764908946446539e-01
1.271263060486557e-01
2.647490177227208e-02
1.053338314937823e-01
4.737251520509565e-45
-2.501247824228885e-02
1.674101715664311e-03
-1.996412217109498e-01
-1.162638772557483e-44
6.723748975469182e-02
-2.299230558387253e-01
4.028627322856720e-01
2.190223004240725e-03
1.820885241979389e-01
4.794571392695220e-02
-5.993078947666425e-02
-7.147579573764098e-03
-1.467165248409566e-45
-1.053730702599988e-01
-1.383469565063933e-01
1.115839138446276e-01
-8.443778773889160e-02
-8.941894259175971e-02
-2.008201685357588e-01
2.290813976367710e-01
-1.970401908411280e-02
-3.827967881573051e-01
-6.822550035967524e-02
-1.679649406314388e-44
2.864822860045088e-02
2.983260045011427e-01
8.492914417244382e-02
-9.337714564516482e-02
8.085998409027026e-02
1.934263885590801e-01
-1.595832205449551e-01
1.791112960161520e-01
-1.906263383880931e-01
9.311424996254980e-02
-1.106125411431506e-44
7.569979542033195e-03
7.450010896824426e-02
-2.474909103920943e-01
-2.757700299766407e-01
-2.188829434548732e-01
1.871998692020266e-01
3.352655419601120e-01
-2.879763400475569e-01
3.311194432212046e-01
-3.446604476337503e-02
-4.097479616477338e-01
2.650649143288287e-45
1.768960491327013e-01
2.820826134277633e-01
-6.429373360468964e-02
1.390105516548488e-01
3.797238644033587e-01
2.712225860350627e-01
2.044660405210586e-01
-4.519790477648018e-02
3.484832897450378e-01
-1.568244020294944e-01
1.474114808621520e-01
3.308521308998690e-01
1.248736141819191e-45
-1.289945417272675e-01
-1.763582468172966e-01
3.915938497704577e-01
1.514183044926177e-01
-1.054184028326234e-01
-1.290509872864735e-02
3.233276557520372e-02
-5.514644853414934e-47
-6.115184357105065e-02
-1.730638490186477e-01
-3.060478666134345e-01
