5.664296346630263e-01
-3.619752987075696e-01
-3.755732468869469e-02
1.971171314172567e-02
-2.099010053445743e-01
1.001596212884220e-01
1.385894625596806e-01
5.284769930953374e-02
7.798990314123266e-02
1.349955446144540e-01
2.365108159739963e-01
-4.366115101647102e-02
-2.539046323699884e-01
8.050095037824241e-02
6.984500789166090e-01
-1.497236058423920e-01
-2.003216858593032e-01
7.405135433858559e-03
3.277527799340358e-01
3.842726787170209e-01
3.955317991891799e-01
1.031957981330858e-01
1.719894253556900e-01
4.164900169265898e-01
-1.753715315296336e-01
4.521071318451196e-01
2.317555871646689e-01
2.776269322363950e-02
1.993818770380073e-01
-8.538259583113819e-02
-1.857728071054976e-01
-1.607908475120435e-01
1.241199413862102e-01
-2.334948451575543e-01
-2.090958494477911e-02
5.925322628130952e-01
1.091056394105610e-01
-2.195770144711317e-01
1.511294062544901e-01
4.585051205578932e-02
2.581836494358282e-02
-3.137070460095202e-01
4.415802348222980e-02
6.706101587446066e-02
4.584500589929275e-01
1.294358947342993e-01
5.404866382789303e-01
-3.544907338067260e-01
-1.731935706877727e-01
-6.124365884495888e-02
2.199121745723216e-03
9.993501340596600e-02
1.506204743282281e-01
-3.222099448551691e-01
4.181550864930336e-02
-9.385331426895860e-02
4.971736327872295e-01
1.937723291133521e-02
3.563071630614427e-02
2.232233658209165e-01
-1.647834327273797e-01
-1.586107970170853e-01
-1.406855723152081e-01
5.434422787115385e-01
-1.222616981532417e-01
-1.451797071346153e-01
2.183096608802970e-01
-1.587945122857437e-02
-1.354845244826661e-01
4.817572445091451e-03
4.493526950899627e-01
1.472311287408247e-01
-2.388374343404470e-01
-2.450339834819337e-01
-3.033789156586958e-01
-2.608931500440662e-01
-1.372307801830418e-02
-2.165875532024510e-01
2.649314145819921e-01
1.293152163675076e-01
-2.374014269666599e-01
2.662302196395444e-01
-2.419368767132002e-01
1.420122731590806e-01
-2.179609948537411e-01
1.025061468380476e-01
1.335485442260519e-01
-2.920462609053193e-01
2.274506801344692e-01
4.738548773355206e-01
-1.303126759566113e-01
-9.204870494872042e-02
4.876376934636126e-01
-2.704112116959148e-01
6.731592507542099e-02
-2.683607630926920e-01
1.647489645493475e-01
1.253735503659170e-01
7.734917605536412e-02
2.824729523646638e-01
-5.661354120051282e-02
-3.171178063848390e-02
-2.491398966233331e-01
-5.706479561165321e-02
2.046895966424389e-01
1.697685257230933e-01
1.188160757560673e-01
3.929982443126303e-01
4.757642992783458e-01
-3.635186876614254e-01
-3.968665974722166e-03
-3.400888584435105e-02
3.870433763663723e-01
7.923699479641470e-02
1.057876601010740e-02
-1.638933011427835e-01
-1.725938662433573e-01
1.136563632535646e-02
5.975642309086243e-01
-2.521804216759446e-01
2.039817959200489e-50
-3.079170027056418e-01
-9.253548440001845e-02
-2.459199933926302e-01
-1.911256859622111e-01
-1.942519740297967e-01
2.596615270885365e-01
3.537645175954074e-01
-1.189022906103143e-01
3.330662749292055e-02
4.426537462768933e-03
9.340860623144191e-02
-1.514742860896100e-01
1.243191300525366e-02
4.980434641965643e-50
-9.528013684530989e-02
1.714575348374368e-02
-1.176947140914753e-01
2.359272083209036e-04
1.030512245363036e-01
8.211834431172899e-02
4.116432601974119e-01
2.660828154788633e-01
1.200809340408387e-01
4.867892010263151e-02
-4.406675085178215e-51
1.032434130069829e-01
-3.852192043061096e-02
-6.562980580726530e-02
-1.137849415404708e-01
-1.060433723248632e-01
-4.231958120768251e-01
-3.196583460528667e-01
-1.628837242030267e-02
-4.318448859077026e-03
3.077847051598487e-49
-1.170059524703239e-01
-2.794008639321156e-01
-6.673319822748182e-02
-2.100074596588023e-01
-1.322911594091862e-01
2.156689797686125e-01
3.161390496882896e-02
-2.483654505386099e-01
7.339298155121121e-02
2.357810076745790e-01
6.000549075473876e-51
-1.095356024724225e-01
-1.218501208441462e-02
1.272130734310650e-01
2.274971014251178e-01
-1.864560525699914e-01
2.805857308127765e-01
3.289392085236639e-01
2.003475129941334e-02
1.299557861125722e-02
-1.029551480613504e-51
3.106960955906951e-01
-1.521807981070284e-01
4.007225986529156e-01
-3.089731411626595e-01
-3.512271935984543e-01
2.501928638285873e-02
-2.567854555568581e-49
-2.572884963591123e-01
6.539159664183272e-02
-2.927683863444181e-02
8.449687050763649e-02
4.078831859325761e-01
2.568299184676273e-01
-7.053351903267820e-50
-1.261823621937230e-01
1.563287156556614e-01
-1.599269907967487e-01
-2.176995391131521e-02
-4.165761048138491e-02
-2.885531921896219e-01
-3.893885295301314e-01
2.381195972374266e-02
2.482068440054809e-01
-1.943979392859195e-01
1.666984487799024e-01
-1.142170755759626e-01
2.738200595129655e-01
1.685458293933209e-01
-2.717241412758115e-01
2.382755300016247e-01
-2.403053834084447e-02
2.084509602439582e-01
-3.825571739429503e-49
4.068359514984419e-02
-1.569463373863884e-02
-2.386016616836970e-49
5.223434019273520e-03
-1.753721223774766e-01
-3.752796181693682e-01
3.715497936528506e-01
-2.733174582525770e-01
1.554344381504855e-01
-2.191320905862807e-01
-2.085609830675067e-01
-2.290412176274932e-01
2.947557359363736e-01
3.089023091979353e-01
-1.224283784072040e-01
-9.601798531555165e-02
-9.935552445280191e-02
-1.371983225996334e-01
-6.165540682831441e-51
3.896688547565066e-02
-2.208482199939546e-01
1.338664579211430e-01
-2.640857835075455e-01
-1.768848273239508e-02
-1.091889224476374e-01
8.017669649052832e-02
1.027020050926440e-01
3.430589344017909e-01
6.135487072259271e-50
2.860801335769889e-01
