2.229787408951316e-03
1.073223726803476e-01
4.400530958163364e-01
5.960955367412572e-02
1.503503720555630e-01
1.800456241204177e-01
1.912879195317681e-01
-1.488976979630800e-01
1.901840448537486e-01
-1.985808405975991e-01
-8.953753839778186e-04
-2.128848103143845e-01
9.260612171793856e-02
2.481939690403062e-01
4.004654750924506e-01
2.027965164042931e-01
-1.021691168373643e-01
2.331951234356491e-02
-5.177957020695657e-02
8.353188260359905e-02
-2.707512004889283e-01
-1.479572773295324e-01
1.115933660286890e-01
-2.738390577388324e-01
3.154101762977634e-01
-5.733705949269564e-02
-3.017079968997063e-02
1.843859384314250e-02
3.676703548516338e-02
4.482595749561093e-02
2.732039298138115e-01
4.063319550462335e-01
1.744884307114053e-01
3.107560541985871e-02
3.266007901627844e-02
-1.019495450621991e-01
3.052556596075479e-02
4.427721897387306e-02
1.329664204843969e-02
-1.804487379455430e-01
-1.639033259224349e-01
-2.612290862887746e-01
4.699643819293104e-01
-2.430852095624453e-01
-3.948245286286591e-01
5.001051928517262e-02
9.668859620755313e-02
-2.419515520854827e-02
1.700132278814402e-01
-2.519122656798624e-01
4.436407122590127e-02
1.206366088916998e-02
1.612731901688013e-01
-1.225941866815334e-01
-2.234969321608662e-01
-2.297226570230111e-01
-8.588246963575485e-02
-8.449908682705143e-02
-1.499228720261398e-01
1.801994291466588e-01
-5.209924164952678e-02
-6.907504450737713e-02
-1.619498734155885e-01
-4.060157409587296e-03
1.522828877154463e-01
1.955029233844482e-01
2.970119195951861e-01
7.656447169425634e-02
4.825553988222248e-01
-1.186122182424535e-01
1.568056393124926e-01
-7.302259006744198e-02
-1.253448845283774e-01
-1.766451545623235e-01
-4.050394263115034e-01
-1.219878397860014e-02
1.385099940149781e-01
-2.525105214235923e-01
5.674033128914825e-01
2.067044120847696e-01
-4.409440328826197e-01
6.097051916130033e-02
1.163331679820586e-01
-2.096980970542629e-02
7.257994352840072e-02
-8.183976394194160e-02
-2.750999622752527e-01
1.134031883141764e-01
5.387223280803249e-02
2.329002941219239e-01
-1.080928632543188e-01
5.530128571219445e-01
8.170521003280673e-02
-5.082277795543748e-02
-1.942456793332906e-01
-7.002810058023601e-02
-1.421844677543679e-01
-3.565249232292114e-02
-8.933334817289480e-02
2.700139553053907e-01
-1.337912474720958e-01
-2.358965973634060e-01
2.795797489590993e-01
1.652845023779050e-01
8.991673998148048e-02
-1.605974300698007e-01
1.306105101500448e-01
-2.983473736258690e-03
1.070275182136081e-01
5.311478974549609e-01
-1.627977687389937e-02
-2.378841541258062e-01
4.118409877460255e-01
8.513967601376024e-02
-7.209994697150708e-02
2.595803860838323e-01
1.109098091419227e-01
7.165482438357326e-02
3.357595450658867e-01
2.485399801561854e-01
-3.091062582200469e-02
2.390532794107932e-01
1.390117434420971e-01
1.549440406558453e-01
1.253301870982377e-01
1.577074194654786e-01
-1.661449355811265e-01
4.562765384792207e-01
-1.418154850873490e-01
1.770800949542390e-02
-2.268061471846644e-01
-3.072879923983971e-01
7.938295377849427e-03
-2.690466737450714e-01
-1.866410146223246e-01
1.924419058015823e-01
2.525528908270408e-04
-1.954042418293797e-01
-1.453364210209632e-01
-1.914566416021990e-01
-6.705828069343632e-02
1.930951427096617e-03
-2.982918039803216e-01
1.820019087602356e-01
3.835169586867210e-01
-1.727869655240530e-01
1.584637983861694e-01
-2.216743125386068e-01
-5.578516406133902e-02
-1.086562070079330e-01
-2.351603417522899e-01
-1.016091924917271e-02
2.488131689800550e-01
2.312800575866052e-01
1.262402410939610e-01
2.545716070958884e-01
9.008643347743216e-02
2.126954256228217e-01
-5.015755288667773e-02
5.815685891571899e-01
3.849766648661066e-02
-1.652050322136226e-01
-2.156331702409156e-01
-7.949887415824147e-02
-1.135280008118796e-01
-5.573547502930563e-02
1.184398896326235e-01
-1.748204643563666e-02
-1.017884967381921e-01
-1.866665291422306e-01
-7.503152530728549e-02
4.170597271609839e-01
-2.624232710897011e-01
-2.828640834327910e-02
1.981454839888051e-01
-1.831276302006377e-01
1.269230684594341e-01
-4.844130741190954e-02
1.639661905456818e-01
1.072287932297646e-01
-2.744810014148035e-01
-1.302023775183163e-01
-2.249993418565720e-01
-1.213014445177097e-01
-2.307511422724651e-01
1.157942353181820e-02
-2.452206744780594e-02
-5.313735634415001e-02
4.389648658496887e-01
2.277210168202578e-01
-2.061103628359418e-01
-2.350967880238615e-01
2.290938255301409e-02
-2.732936706115672e-02
-2.708086858377646e-01
1.271214160611408e-01
1.499169197744705e-01
2.368956481110149e-02
2.950814955174268e-01
-2.538597503899992e-02
-1.886976830036481e-01
-1.732157039200252e-01
2.778361064920263e-01
-2.943652998059463e-02
-2.507745418302500e-01
1.515902917949765e-02
-4.441010979557755e-02
4.343648203281566e-01
-3.619644205368574e-02
1.857000038957553e-02
1.988964435899555e-01
1.218602451832003e-01
8.080177561383321e-02
4.992938561731357e-02
-2.763185488122203e-02
1.740695503164684e-02
-2.268844544333133e-01
4.243744680810500e-02
-6.563189481354610e-02
2.120958028687334e-01
-1.030561102162379e-01
5.071530180422975e-01
-3.932369295984285e-01
2.004905683095786e-01
-4.797819761853963e-02
-2.799838364292282e-01
-3.670819595521734e-51
2.042505055853554e-01
2.754438762532139e-01
-1.865516968108229e-01
-1.035668394744192e-01
-2.037482197355742e-01
7.810754690761820e-02
-3.499619636792086e-01
-1.358381800068179e-01
2.158247569821098e-01
-8.630828071420182e-02
3.925956519997887e-03
-6.752896791021978e-49
-2.481838311886377e-01
1.392761139561749e-01
-3.154685423131331e-01
2.251932364125072e-01
1.143927917774682e-01
-1.595649019573764e-01
1.153770051050234e-01
1.581409998658264e-01
1.512903208957981e-01
9.689242510405946e-02
4.358155767824881e-03
-1.966882372168536e-01
-3.348512992703502e-01
1.009412340282909e-01
3.723600867605718e-01
2.677840910186339e-02
-7.187728056775393e-51
2.450916576486448e-01
-2.664566680118748e-01
2.788952942628652e-01
3.039085236604614e-01
3.023395081652008e-01
1.025880143300787e-02
-4.831428835678901e-02
6.554630302693346e-02
1.807220378557372e-01
-4.133938307311915e-02
-1.628937832222933e-48
1.867125683582559e-01
8.170674860065021e-02
-7.611349116448013e-02
-1.108705419592540e-01
-2.271937343003381e-01
-1.300609814384881e-01
-1.014945912095302e-01
8.693051409682518e-05
-2.565657492392105e-01
1.274550407167532e-01
2.408612787389693e-02
-4.712247155169839e-02
3.002552210499703e-01
-2.166591380012801e-01
3.488337949490576e-01
-4.015078317680230e-02
2.808749718578413e-01
-9.675103702223341e-02
1.904691792882422e-01
-4.524796861553788e-02
8.350468110831692e-02
6.776384111919269e-02
-2.753838021858570e-01
-8.750117207754173e-02
1.283445136828714e-01
-9.947551314555996e-49
-2.933284204900514e-01
-1.369388916779569e-01
-4.478887958762123e-02
7.012415089122932e-02
8.560059783355402e-02
5.112332943371407e-02
-1.836879290210082e-01
2.238407215678364e-02
2.772509546798778e-02
1.208070747298205e-49
-1.968881402447578e-03
-5.375440756809175e-02
9.883798767164091e-02
-7.297033327371207e-02
-1.029675959712942e-01
-1.580298860117172e-01
-5.812173819091199e-02
4.886029129213974e-02
3.049598161360401e-01
1.937213959195487e-01
1.289466969813102e-02
-3.357706862285590e-01
-2.511864802662934e-48
1.448759400330879e-01
1.344994482505497e-01
3.439811531240859e-02
8.034333413238835e-02
-1.009195121478002e-01
3.469622014983845e-01
1.515335802954949e-01
-2.005132454101579e-01
3.333690868415751e-01
2.027394191247127e-01
-1.506597405073805e-01
-9.689269720825018e-02
1.078303102366389e-01
2.999783460562294e-02
3.283204497457436e-02
-4.369649399974215e-02
2.602502094106091e-01
-5.837153935032342e-49
7.596306950142971e-02
4.692097521796908e-02
2.643692422805220e-49
3.671419953903435e-02
1.398715939295817e-01
2.480338885416105e-02
2.179449550119792e-01
1.943106252451680e-02
4.000230305457796e-02
-1.163522292778205e-01
-3.915054098162145e-01
2.018565928698256e-01
-1.971589991306068e-01
-3.753311781770618e-02
1.127558355389158e-01
-2.916214451504367e-01
8.572082157351155e-02
-4.478294654441163e-49
-1.169954701037789e-02
2.019304687848274e-01
1.722288439280756e-01
-1.851226706730466e-01
-2.169590894170055e-01
-1.218899610952377e-01
-1.800628837154665e-01
3.030970151148727e-01
-1.814119520112455e-01
5.995218391534915e-02
1.491706037915330e-01
-2.161104953035907e-02
-9.557393543321660e-02
4.700919987576288e-02
2.213099081853680e-01
2.255869961402460e-01
3.535378355288845e-49
1.117115680600308e-02
1.160578923611732e-01
7.045461897303240e-02
1.780866666430946e-01
3.119186357828601e-01
-1.962212043989851e-01
-2.385799786182205e-01
-2.697384295431516e-01
9.759955371681528e-02
-2.337852813058488e-01
1.630120888772571e-02
-1.541194670396102e-01
2.187191877589002e-01
-3.140392851450141e-01
-7.899537276275432e-49
-6.568073138042151e-02
1.368461684084930e-01
-7.746716989218805e-02
1.802263441086788e-01
2.126087854147151e-01
1.580705523250117e-01
2.363317815341683e-01
-2.334326994551874e-02
-2.084994199601390e-01
-2.714608543479680e-01
-8.241592571879147e-02
5.511758304691392e-49
-1.137662185267896e-01
4.051600660113603e-01
1.468265858271657e-01
-2.474121050152675e-01
-5.479827874437744e-02
5.792899102151999e-02
-1.121140432497465e-01
1.947107364025526e-01
1.278873484831391e-01
1.631319643868372e-01
-4.792496140375981e-02
-1.326983561110895e-01
2.473891738314005e-01
6.472473259374176e-02
-6.118901729486403e-02
-1.122797135376740e-01
1.967857257954494e-50
1.021735171239899e-01
1.584187395175997e-01
-2.504905600728876e-01
-8.662345999392071e-02
1.382072332421138e-01
2.192142673841792e-01
-4.125528572078324e-01
-2.770449362165278e-01
1.929143896431974e-01
-6.572642065415664e-02
-7.741443985104017e-03
2.555878143727210e-01
9.711064381198989e-02
1.149387758009788e-01
-1.002922478719575e-01
3.425230155130840e-01
1.735217932293409e-01
2.625920357388145e-01
-1.058466670966555e-48
-2.318930580864360e-01
6.019066545907523e-02
1.449782351614663e-01
1.405575767211527e-01
-8.381770489140396e-02
1.971992825900912e-01
-8.121279420350352e-02
-7.894675879209642e-02
-2.165883892354779e-01
9.400506243682323e-02
7.073641192391414e-02
-2.186821239896867e-01
-3.936994892696173e-01
6.553943014020600e-51
-7.746391994230802e-02
-3.444698363624128e-02
