8.784227744413980e-02
4.061500619829701e-02
-2.531217563493328e-01
3.160390966397732e-02
3.888358813423649e-01
1.545036452971792e-01
-1.306484333106878e-01
-9.216325970390968e-02
5.428375114597382e-02
1.919852372753311e-01
-9.375798730028879e-02
-2.254469695647972e-01
-1.512591896615562e-02
-1.730437168466865e-01
-1.144053917968427e-01
1.498798570311055e-01
-6.447278455371885e-02
-9.310423359382994e-02
-2.638255896836829e-01
-6.807202287029679e-02
2.307891974440430e-01
1.882230730866592e-02
-2.932285413637059e-01
5.816098494304712e-01
1.923729213095086e-02
4.418557386748329e-02
-4.961848629491494e-02
1.187141211706427e-01
1.091393254739814e-01
5.541658359721298e-02
3.106285597245573e-01
-3.214731654059898e-01
2.018228796731068e-01
6.590605067065446e-02
4.407285228358748e-02
-2.854387746981710e-01
3.661829404721893e-02
3.052802217571725e-01
1.063834756480493e-01
2.608806536988133e-01
9.171411697246334e-02
-1.007194254505168e-02
4.360391198430107e-01
1.500123502746079e-01
1.051080647414605e-01
2.478834747516105e-02
-1.495934268940008e-01
2.371183510872261e-01
-3.131927583948331e-01
4.662993156009357e-01
-2.406906623713289e-01
8.752149150436905e-02
-5.968606995900439e-02
-1.026042132577777e-01
-3.623273076172415e-01
-3.254347115233758e-02
2.123374199022441e-01
-1.251068207823938e-02
1.645927348499623e-01
1.813763768473252e-01
-1.633878140163481e-01
-2.470996368116538e-01
-4.485194907316195e-03
-1.099352268665830e-01
-1.266659432879470e-01
9.107006302639177e-02
1.054469056882592e-01
1.127642107282669e-01
-2.051807359069664e-01
-1.481881738721158e-01
5.399939297270152e-01
1.092898439523981e-01
9.385144673328923e-02
-2.246859060140359e-01
-2.698960569548701e-01
2.631528182372894e-01
-1.274897653074469e-01
-1.385859581986807e-01
1.965217620234276e-01
-8.609129677281745e-02
1.139876891549473e-01
-2.709874324611032e-01
2.230031724896333e-01
5.159084874838514e-03
-3.492083479468004e-01
2.615801654776637e-02
-2.261862668811546e-01
-1.017985274864837e-01
1.617124066964128e-01
4.172704431113785e-01
-1.136371626112305e-01
1.148590140525533e-01
2.475027918904779e-01
-1.422130345606712e-01
3.934662276011769e-02
4.660794490270604e-01
-1.940327844781952e-02
6.289355901730888e-02
2.003047024670101e-02
9.300724096966205e-02
-4.428434314275059e-02
7.398964836586304e-02
1.989845796390877e-01
3.765326176016249e-02
1.681924890193018e-01
5.126827822028920e-01
7.945069196334018e-02
-2.157662820760849e-01
1.021369074401024e-01
-8.362411170082051e-02
-1.323102586689729e-01
3.145982128529760e-01
-2.045861648881129e-01
-6.964398479164095e-02
-1.389284777915160e-01
-1.011987368218656e-02
2.003352435317637e-01
5.815823906941799e-02
-1.534708669944797e-01
-1.837612803984427e-01
4.781133193692721e-01
-2.531550731151395e-02
1.320762808955348e-02
-2.520861641268536e-01
-1.471431679108769e-01
-2.014725479318417e-02
-2.659489997593796e-01
-1.831270243643454e-01
9.194615948030782e-04
5.290427889090049e-02
7.633159523114401e-02
4.975125770851293e-03
-3.645679664889693e-01
2.413620484961216e-03
1.171913266084069e-01
9.323659858589603e-02
7.000764539048775e-02
-1.744887143046891e-01
1.189245238161135e-02
2.125398861567823e-02
1.166151921077994e-02
4.501154834797374e-01
4.101716575779208e-01
-1.966500896562564e-02
2.940576558164719e-01
-6.867236461209883e-02
-5.222841101881730e-02
-1.649754387642537e-01
-6.418880356077171e-02
-8.726005755235083e-03
-4.629722536492895e-02
-5.819614636751796e-02
-1.349445992046095e-01
-1.305800384508070e-01
-1.347528768188942e-01
2.894630454100907e-01
9.783280577970084e-02
9.410018772536591e-02
-2.199534144676195e-01
-1.558941851204138e-01
-2.361191226461549e-01
-1.446772898987882e-01
4.853333839104140e-01
-5.116665915449908e-02
1.323043743700923e-01
2.539718564966410e-03
-1.206651039538240e-01
-2.823615176541571e-02
-1.000241464108118e-01
8.331513156517205e-02
9.228276559995283e-02
5.881016852313892e-02
1.935249059999234e-01
4.603881298728737e-01
2.348376771509984e-03
-3.375450515897977e-01
-6.933041089958612e-02
-7.434759436892076e-02
1.562408011060774e-01
-2.488718838953788e-01
5.542001150663491e-02
1.762317164976371e-01
-1.229384316003221e-01
-1.899278854615641e-01
1.483563875709380e-01
1.366804061119991e-01
-1.577619739633856e-01
4.623131937172938e-02
-2.626698102441362e-01
4.971080386476296e-02
2.517700959259893e-01
-2.007597452280533e-02
2.365275348131096e-01
4.424034859228382e-01
6.031213984075779e-03
-2.425133089319245e-02
5.878744541947687e-02
3.321516194225082e-01
2.886293452573929e-01
-2.280926260694038e-01
8.331191948290252e-02
3.230234431384168e-02
-2.360965483456727e-02
5.187700193317799e-02
6.407338606049601e-02
4.677628890222853e-02
1.329211749241584e-01
-1.524258321457438e-01
-2.197422333108804e-01
3.964865385156711e-01
-3.628841985467161e-02
5.624775062017966e-01
2.136589437605613e-02
8.289150959345097e-02
-1.853456705086448e-02
-9.656845818927177e-02
-9.349982252603138e-02
3.609801899565454e-02
-2.845302732686486e-02
1.169853359389664e-01
2.063977696626977e-01
3.099807898160552e-03
1.209563951433168e-01
1.944413886067113e-01
-2.020637025220435e-01
7.797588065445796e-02
4.519589904602649e-01
2.553087856165372e-01
-1.390000361216351e-01
-1.352502929862552e-01
-1.903984296386881e-01
6.425649972189658e-03
3.540728093271715e-01
1.755955751837335e-01
-5.221937117115776e-02
-7.142638262364534e-02
-3.469045156008208e-01
6.374192893321470e-02
4.682187710052386e-02
-1.421887437022327e-01
6.104831505023911e-02
-8.261991306916319e-02
-2.199262151820723e-01
-1.692506193595201e-01
7.510823777854668e-02
-6.221089534391795e-02
-2.945030987527371e-01
5.075049663235813e-01
6.777535454022965e-02
-1.895414265370838e-01
1.219715251308559e-01
2.365295954502567e-01
-1.364172004565085e-01
-2.008241471980183e-01
-2.123500308838873e-01
9.198787527109933e-02
-2.380508233456935e-01
6.448753284465135e-03
-1.863620678244861e-02
-2.271035704715466e-01
5.115562813619777e-03
3.307644697904816e-01
1.116196099923027e-01
-1.903621117882319e-01
2.895545265504558e-01
-7.089993572036804e-02
-2.211637925142894e-02
-2.360149915100657e-01
4.796041605690664e-01
2.014107451060227e-02
1.277096586725539e-01
1.978223246257346e-01
-1.424029893249586e-01
-3.451845489392360e-01
-1.096472740094497e-49
2.857754542407658e-01
6.766297250406045e-02
2.395352919677705e-01
-1.212735719750072e-01
1.654036243461670e-01
-1.669409666123214e-01
2.885523562813314e-01
-2.230307396850388e-01
-2.012372302169108e-01
1.787400624334871e-02
-7.473757374318529e-02
4.207139861685966e-02
-2.739815775604761e-01
1.466375795049881e-01
-1.183056766975995e-01
-1.181363080292885e-01
-2.136914366620366e-01
1.908247541754790e-01
4.310713083907964e-49
-8.738017201140999e-02
-1.505858350525260e-01
2.022370768883872e-01
-1.228663980505832e-01
2.799475085885885e-01
-1.047107509916595e-02
-2.824536703164636e-01
6.448156230777961e-02
1.431264822417079e-01
1.272421677369525e-01
-1.427203694597550e-01
-2.941599339708797e-02
-2.486635698186757e-03
1.514114394517095e-01
1.517352274389897e-01
-1.114416569090973e-01
-1.874757406848657e-01
1.257032720027789e-01
-4.534811272812636e-50
-8.594594521965376e-02
8.370111290693248e-02
1.123134741122855e-01
2.014354180717172e-01
-6.432797488962336e-02
-1.456956258682718e-02
1.241502494911329e-50
3.442079761930930e-02
2.520990739731054e-02
-3.621874980137058e-02
-2.114063124864929e-01
-1.805610860544716e-02
-2.140733478517937e-01
-1.622551224565691e-02
8.735448795332883e-02
-2.459930798286029e-01
2.609169503180486e-01
-1.321761069205833e-01
-1.913959496463067e-01
8.589819424674418e-02
-4.848094282410220e-02
-1.643198313037320e-01
2.798522156049719e-01
-2.205067593921218e-01
5.498208238631271e-02
-1.518461955989971e-01
-3.261490477763792e-02
-1.567149086353347e-49
-1.853321444781014e-01
-2.286980330670902e-01
7.363760593521892e-02
-1.234686846137697e-01
-2.433418827782034e-01
-1.182634530796070e-01
3.268303679567881e-02
-2.826632889078279e-01
7.257276806004168e-02
1.328942014857690e-01
2.796998908634542e-01
-2.427946455418243e-02
1.540399860377647e-01
9.980437185478126e-02
1.206961283477072e-01
7.895797513336630e-02
-1.348173525934832e-01
8.382097049060521e-03
3.570828575815611e-49
1.183715198467753e-01
1.545960696027199e-02
-1.103130324730220e-02
6.621956743189089e-02
2.869207030621744e-01
6.240639066680290e-50
3.303634412341620e-01
1.196722409004071e-01
-1.804239115358860e-02
-1.704459947202377e-01
3.122088528717675e-01
-3.194042646129931e-01
-1.253019523293655e-01
-1.490711197038350e-01
3.036066105390774e-01
1.214273236629551e-48
1.801448072357432e-01
2.657137233171362e-01
-2.657986157833464e-01
2.873567351453146e-01
-2.953233749398026e-02
-1.527297970181637e-01
2.715096964647642e-02
4.150557157125411e-02
9.279054773339869e-02
5.134860452158754e-02
-1.051224675531229e-01
-1.832407839159525e-01
-6.880567892600939e-02
1.997307868389816e-01
-7.913634662512890e-49
2.883569246259167e-02
8.251860347918313e-02
1.882062237473780e-02
-7.373804322926981e-03
-8.741316255286779e-03
9.529487813518642e-02
-2.145130621759501e-01
-2.441256702626826e-01
-1.268116911656461e-01
-2.266149268229011e-01
-3.778668497923371e-01
-6.047052679252762e-03
-7.438671787563822e-02
-2.946423780370498e-01
-4.134690892604962e-02
-4.407186879216977e-02
-1.441631355758334e-01
2.335013671358387e-01
4.357068397513246e-01
2.838130897497146e-01
3.499683558855000e-51
4.365488039151608e-02
-1.297125526561846e-01
-1.472256186424021e-02
-2.513120446378593e-01
-2.975108726665137e-02
-5.805716104015194e-02
1.479438421387576e-01
3.279109997210603e-02
-6.492499974159478e-02
-1.943412490731846e-01
7.293795899496658e-02
-2.537298687710562e-01
-7.492151772474649e-02
-3.108511205060421e-01
-6.268420099569100e-02
5.460079779856408e-02
-1.985819185679114e-01
1.169417208245831e-01
-3.335219935138267e-01
-5.312878353508721e-02
5.903353587785719e-49
-2.136444296095469e-01
1.223144171893796e-02
8.890418187564365e-02
-2.862806165117128e-01
1.377135527076994e-01
2.284062421923272e-02
-2.211213350134811e-02
2.203182956859122e-02
-2.137728733448833e-01
6.216972616845236e-02
6.210036933178521e-50
2.625931780642169e-01
1.630508346445617e-01
-3.838825269299015e-01
-2.278076622218563e-02
-2.631593632030735e-01
-1.520439452145603e-01
1.367792370067041e-01
7.659107856535187e-02
1.956793571521921e-01
3.288130834873512e-01
1.166156381815803e-01
2.824534827643249e-01
-1.918885222346167e-02
-1.381779455309165e-01
-8.584990862591672e-03
1.898217032229376e-01
8.214924856299971e-02
1.948483796246220e-01
-1.815572266447686e-01
-3.309236140709602e-49
-2.497994504336948e-01
1.095858360251456e-01
-1.163886232942348e-01
1.707987212978646e-01
8.655765994296750e-02
1.529615338491761e-01
4.191250168863041e-02
-2.207672685368226e-01
7.689380499360934e-02
-1.879125895773759e-01
3.660937560935599e-01
-1.381413340607883e-01
2.712640888199224e-01
2.748569552675229e-01
-8.251000556930121e-02
-1.380177788703337e-49
-2.331819394953452e-01
1.019137598268087e-48
-3.138402945040134e-01
-1.221284272678664e-01
-1.629015665159244e-02
-3.698758977420669e-01
-6.238699818711135e-02
-2.480057035303325e-01
-1.020290769400353e-01
2.988688695705710e-01
-8.137559443471192e-05
-4.769143455664109e-02
-7.473555799983965e-02
5.979021639126778e-03
1.643240846623431e-01
3.112826842483031e-01
-8.341208492373088e-49
2.234991933316608e-01
-1.852862073441588e-01
-1.534121337638838e-01
7.341052119526176e-02
1.955968815418619e-02
-4.664742995080243e-02
-6.509475946566808e-02
-2.085574896753280e-01
-2.162712241008602e-01
8.525734187564039e-02
6.482130499095488e-02
1.856994833945067e-03
-1.451706220396009e-01
-7.127150948457303e-03
-2.838225508222851e-02
-3.100818427415977e-01
5.223748574298959e-02
5.120414385784638e-02
-5.437081999475300e-02
1.294316070122054e-02
-4.268396309408399e-50
2.874101433626998e-01
1.241125848564415e-01
-2.147505335709432e-02
6.209989019237585e-02
2.886092483570801e-01
-1.923232650133352e-01
1.231364631885951e-01
-1.303992730071569e-02
1.105713036708986e-01
-2.386305446100702e-01
-2.230434337256142e-01
-3.225945697582041e-01
7.917069459577833e-02
2.520048104068892e-02
-8.185709412630575e-02
3.886633439627408e-03
1.819188120072752e-01
1.243274273173548e-01
-1.005358178448160e-01
9.355522881734367e-02
2.152828963569521e-49
2.123763626752051e-01
