-1.159561747401070e-01
-1.548645671246141e-01
2.038532720759324e-01
2.271709993292663e-01
4.516127077082029e-02
2.516209352233919e-01
-4.031800440434286e-02
-2.615622670344390e-02
4.831725857874201e-01
1.502049899561411e-01
-1.698583763652838e-02
-1.203909243037336e-01
-9.161561750967907e-02
-1.609334472656755e-01
4.058462639457355e-02
3.532402676485895e-02
2.565678434811941e-04
1.284156610198294e-01
-1.595397246841283e-01
2.355833080518048e-01
1.101043161188820e-01
-2.507201796735926e-01
1.893612930772562e-01
1.143380206234778e-01
-1.094106788754685e-01
9.886022065202366e-02
-2.231502403761684e-01
-1.420179508550618e-01
4.189513931141352e-01
-5.069697521359549e-02
1.978027521302433e-01
-1.969279800840390e-01
4.250624142342664e-02
2.260115884634538e-01
-4.256128350802976e-02
-2.261898402785831e-01
-5.843195934453104e-02
-6.725779781550094e-02
-2.540376747529037e-03
-1.656347359026440e-01
2.603866916859699e-01
4.070577360476407e-01
1.240283389326479e-01
6.588715556735310e-02
2.790711261884080e-01
1.996926711433018e-01
-2.161445277722404e-01
-4.074371427473741e-02
-1.002472009673069e-01
1.965849711055257e-02
4.305151967678152e-02
-2.859906753605308e-01
-4.767174397229022e-02
-1.655966524733607e-01
1.528964485683887e-01
1.391886654891248e-01
1.584217524395901e-01
2.227746147303246e-01
1.856483070841557e-02
1.769355010780933e-01
-3.601039456244016e-01
9.398058379193933e-02
-1.006440021537648e-01
4.322090932280733e-01
-1.131548947189263e-01
-3.178692281003486e-02
3.491077141620547e-02
-1.735371630357692e-01
-3.893480124631197e-01
1.760326874247931e-01
-1.906045934684847e-01
1.709141203752699e-01
4.892804253821649e-02
1.141788575707634e-01
4.592307442240599e-01
-2.511203265929658e-01
-1.096570563059699e-01
-2.461718504962348e-01
-1.419905627702348e-01
-1.633058940082661e-01
2.241114209491794e-02
5.371153418422161e-01
-2.139056270231796e-01
1.837424119374778e-02
-6.320139139914695e-02
-4.400682325124480e-02
1.899441652548222e-01
1.649458048044949e-02
3.547111687393495e-01
6.432197416890782e-02
-7.186355652462226e-02
-9.889767807680394e-02
-1.085775986225639e-01
-6.530438690046327e-02
2.813580654812409e-02
-1.765701018596674e-01
4.123002169430895e-02
-1.008065210768198e-01
-5.518267573671273e-02
-2.677525637900129e-01
-1.130908633896081e-01
-8.196010798871645e-02
5.054560336916587e-01
2.277536000260474e-02
-2.382027715869806e-01
2.844316118545601e-02
1.634111691820051e-02
-1.350375497003332e-01
-1.367860116039832e-01
2.559167257357920e-01
5.888126670554936e-02
2.723379393736188e-01
2.714597659305937e-02
2.031312252535642e-01
2.668931094133004e-01
-1.421614145380181e-01
2.225572400000975e-01
-2.311154389298786e-01
-1.189403618526734e-01
-2.296845218055499e-01
-2.245233676570377e-01
4.092558265961685e-01
-3.605356008259366e-01
9.517272122437564e-03
6.265647537995506e-02
-2.685695758153120e-02
-1.668238861231327e-01
4.889128442857062e-02
-5.592456854674696e-02
3.791960796682344e-01
-3.817545521375799e-02
1.550027800084882e-02
2.192281539977546e-02
1.512413093900286e-01
5.264882814796933e-01
-7.548231943667702e-02
3.472368377216901e-02
-2.326784724739468e-02
1.260499258801314e-01
-2.686640399801656e-02
5.060477402691375e-02
1.148533978149644e-01
-4.457345896529631e-03
-1.249471427254369e-01
-1.142191161278860e-01
-2.015636687163854e-01
1.113647524123203e-01
1.182289259960570e-01
-1.693369378447498e-01
4.192459793392227e-01
2.079286798192668e-01
1.607332443075877e-01
-1.230010424138385e-02
2.115286467012743e-01
-1.586528256067853e-01
-1.405043905374419e-01
1.359580845338830e-01
1.676389239733144e-01
-8.779784405821933e-02
1.050333174019726e-01
-6.048793767557806e-03
2.671786160876816e-01
3.076141483448991e-01
2.469870255546219e-01
-2.040549330550059e-01
3.733685785261049e-02
5.822823656563822e-02
4.509018496645694e-01
5.347621632279818e-02
-9.773429518125061e-02
-7.888926955016838e-02
-3.417536169475562e-01
-8.839530867675510e-02
6.664532525069844e-02
-1.365215878875011e-01
-5.602159975232427e-02
4.557308785966304e-01
-1.516851136069481e-01
1.384248603022816e-02
1.073855838821067e-01
1.342076343473869e-01
9.386393538114446e-02
-6.240386286425219e-02
-3.620955097846553e-02
2.807885523684415e-01
1.080206633856609e-01
-1.732106462782053e-01
5.395558644186277e-02
-2.766222050718436e-01
-2.170233599969947e-01
-1.568377463362450e-01
8.729317885289098e-02
3.620883219393387e-01
9.639869565563253e-02
4.080714732723401e-01
-1.471194914911643e-01
-1.258190997686864e-01
-1.763951432287337e-01
2.340030764914886e-01
1.747802505174830e-02
-1.980665681524129e-01
-6.112039106607187e-02
1.903031807043113e-01
1.439676022845407e-01
-1.737878329064384e-01
-1.042182956175946e-01
-3.060811415027167e-01
-1.042547680952643e-01
-1.400378184662898e-01
-1.843097062023246e-01
-1.262997618415875e-01
-6.987761796231894e-02
2.060070573051599e-01
-3.138223145974661e-02
-6.523316744187260e-02
9.348925731318715e-02
8.681628550294337e-02
1.078733617233962e-01
4.981383197320903e-02
1.763202856152369e-01
-2.062057442574775e-01
-2.251890326653795e-01
4.262849505790326e-01
2.698322352123013e-01
-6.243587162264431e-02
2.669727124172182e-01
4.068754064398148e-01
-4.567817501964162e-02
1.675069436728168e-01
9.703869707984929e-02
2.825608059874384e-01
-1.942414349151668e-01
1.315333319403136e-01
-2.432184658978757e-01
-2.709926947815278e-01
-2.626508050470113e-01
2.867140679487952e-01
-6.787252568297655e-02
-9.222816579632780e-02
2.231302272665317e-01
-1.671135588218666e-02
1.947749552260105e-01
-1.521286328326527e-01
-1.498494344940076e-01
-6.382733708623015e-02
3.006627173553346e-01
-4.031035431088961e-01
4.370383896162627e-01
1.143449649184995e-01
-2.223375860112009e-01
-1.690719735067767e-01
-4.449983027632241e-02
-4.938711908648487e-02
-1.614195903141268e-01
-7.596459967120016e-02
-4.635072244565925e-02
1.320312254495153e-01
-1.546030555958594e-01
1.258171246265955e-01
8.673196586858159e-02
1.462415375646288e-01
1.477777447015997e-01
1.013992897899217e-01
-1.675138611835450e-01
8.866705018842783e-02
5.214837103057225e-02
4.317282600297184e-01
4.757934130302862e-01
-1.637140455564441e-01
-4.184480962554948e-02
2.366008918855067e-03
-1.771979421075493e-01
-1.745532101031294e-01
-1.806459665137558e-02
1.988805929437117e-01
1.985251977803053e-01
1.425278907384352e-01
2.684595052325833e-01
-7.539513085342414e-03
4.031832333738603e-01
-6.265659926284570e-02
-7.520087400919369e-02
6.766544682944138e-02
2.243083810000779e-01
7.752858496612539e-02
-1.624817686744275e-02
4.616809538250622e-02
2.886814245214308e-01
-8.936022606411360e-02
2.228078386113760e-01
4.485191304835115e-01
1.165572063881143e-01
2.500989297928936e-01
-1.190787297318998e-01
-6.673749524323651e-02
-2.753014711374708e-02
-1.274919420156988e-01
-1.310709527430842e-01
1.047857322198940e-01
-2.229058302140872e-02
7.478787788211190e-02
-2.030955708229905e-01
2.306354136398981e-01
3.538803557988114e-01
1.955203605898661e-01
2.238930023392016e-02
-3.788821748118061e-01
-6.527913381503365e-02
6.285179114997741e-02
-1.486360569552744e-01
-2.117059837054800e-02
1.453127025533683e-01
2.778432386552558e-01
-7.298118374786856e-03
8.589793457408801e-02
4.788137832022855e-02
-9.195903657868830e-02
1.606516839708041e-03
-1.447007530661513e-01
5.474965425231638e-01
3.365854581502063e-02
1.776156029582673e-02
2.804545984343208e-01
-1.867936335676612e-01
3.740054809863559e-01
-6.849187923921250e-02
8.253870855829610e-03
2.539233950134320e-01
3.147313990211786e-01
-1.436414515760231e-02
-3.550636158538958e-01
1.832906669628678e-02
-2.491839416142229e-01
-1.418467074419006e-01
-1.626501565431248e-01
1.074185251813961e-01
-2.620950644056398e-01
-1.897618533268497e-01
1.982162003662051e-01
-3.375283341152915e-02
1.069464378354829e-01
2.290377072302053e-01
-1.514987965877245e-01
4.083446407450549e-01
1.171549018668127e-01
-3.717410226555377e-02
-8.881935085451939e-02
-2.751154307938305e-02
-1.034620927127478e-01
-9.335616358920377e-03
-8.658233583815063e-02
-2.872222678771675e-01
-3.425837010926373e-01
1.711447114657886e-01
2.031432974044846e-01
-4.560624008848071e-02
5.379288588864530e-01
1.214456981095537e-02
-2.122563503608891e-01
5.067549210887282e-02
4.940456767713211e-02
-1.893934162630995e-01
4.307928625865665e-02
-2.210393918797134e-01
2.328386398663066e-02
1.669458180298011e-01
-6.219619812534580e-03
8.744460001871568e-02
2.590567997390908e-02
-9.981776238437907e-02
-1.735002384326753e-01
-1.974732225974847e-02
1.022176930289569e-01
9.845877518539600e-02
4.365143934964604e-01
1.151412499616869e-01
3.299535617391426e-01
9.047278708507406e-02
-4.898442451411884e-02
5.267172211464153e-02
-6.443317455173282e-02
-8.093895653117555e-02
1.763359426174057e-01
-2.769300542219123e-01
-2.577398500232295e-01
2.198316439426311e-01
5.892882604844644e-02
-1.983953190722925e-01
-1.880037030271609e-01
1.824463555077790e-01
1.717673787608007e-01
2.143894577869471e-01
1.887016077863881e-02
-1.136011063910260e-01
-1.676328867922981e-03
-1.227183119331572e-01
-3.681506606828359e-02
-1.464679683201836e-03
4.347639352473642e-01
-1.781418740822286e-01
1.408340669393567e-01
7.406237381796957e-02
2.011037474793228e-01
1.735616195115026e-01
1.278910195042085e-01
8.633783093271567e-02
-2.208679916049455e-01
3.473776859017246e-01
1.919118433021521e-01
-1.146553941404387e-01
-1.014639914526259e-02
-4.831618442142206e-02
-1.856793393598821e-01
3.425514316700937e-01
4.042547376088265e-01
3.314613823479550e-01
5.562161197851377e-01
-2.641754663876370e-01
-1.175241875186584e-01
-1.529860584163627e-01
-2.402307483611784e-02
2.423540371645341e-01
-2.449732416162989e-01
-5.614871917525015e-04
1.403945280095734e-01
4.010770087226179e-02
-1.018284500480052e-01
-1.663078952438549e-01
-7.059224821015948e-02
9.973391210030810e-02
3.892568981822014e-02
7.995234158652714e-02
2.653175977708196e-01
-4.060001934392687e-02
1.628878756401446e-01
1.412537429315982e-01
5.290108205465081e-01
-1.291089787226542e-01
-2.662953305425389e-02
-8.858736936732425e-02
2.087005850198555e-01
-2.167760221767675e-01
1.687651110227099e-01
-1.030226783436937e-01
7.819950990882939e-02
3.725946143776344e-02
-1.966710869233937e-01
-2.088293891842917e-01
4.212559695038897e-02
-1.778049749014581e-01
5.490507113170211e-01
-1.313352417825206e-01
-1.119812738327451e-01
-1.308640011492605e-01
-2.181707794000776e-01
1.068868905881518e-01
1.858432573351197e-01
-1.109521966800484e-01
-2.611921207628245e-01
1.074626329116666e-01
2.170702897391626e-03
-3.374279117161071e-02
1.810243428162437e-01
-3.101557950193362e-02
1.772406298958095e-01
8.628611880294527e-02
-3.679199646020530e-02
-1.930394015627321e-01
2.639051100830239e-01
-9.867278521131705e-02
3.052586421933727e-02
-1.005128906280851e-01
4.867742422455740e-01
-4.352112296150163e-03
1.764627829313716e-01
6.679311411635809e-02
1.256496690870545e-01
-5.802400268432283e-02
3.643349286929130e-01
1.797223452947211e-01
1.034659867234155e-04
-3.907973422281349e-02
1.046245428590361e-01
-3.156419494703107e-01
-1.620133425029347e-02
5.772622137983865e-02
5.369876437062986e-02
-1.910877401306997e-03
-4.000726046163740e-01
1.972036925377742e-01
4.425468887592326e-01
-1.791861397235897e-01
-6.194805914538078e-02
-1.106694591158104e-01
-1.170211132218843e-01
-4.012248504404011e-03
-1.544492528288301e-02
2.659295537119274e-01
7.916464101478368e-02
-7.895012807555445e-02
3.563165935214649e-01
-1.106924481845865e-01
2.817359629877537e-01
3.889332917447657e-01
-1.403152738686933e-01
1.083716534740385e-01
1.679995087010829e-01
1.049807859019818e-01
-2.247423460493575e-01
-1.124492247056866e-02
-8.703669143230126e-02
1.485048757644618e-01
3.861559821458977e-01
-1.853898111277267e-01
4.165692346887642e-01
-1.818148165428279e-01
3.172792732207493e-01
9.229900273370008e-02
1.550173381538699e-01
-5.106649166450002e-02
-6.937742175537087e-02
1.783803215591437e-01
-1.976878228752707e-01
-1.047110638008735e-01
-6.300733708555357e-02
-1.877975174069742e-01
3.339663772197785e-01
-9.542341835067399e-02
-1.364006006472102e-01
2.715010606835608e-01
-1.225839492845316e-01
2.241957835297208e-01
-2.944180010818605e-01
4.739374690404307e-01
1.365501580909521e-01
1.444735341866221e-01
-1.901336787593953e-02
7.371718588680023e-02
1.317316732023327e-01
3.758240004663080e-01
-1.337876490507384e-01
-1.977810256101115e-01
-4.003553742755066e-03
-2.329845750203542e-01
-3.163500936505815e-02
7.101438733246367e-02
-6.883092252110423e-02
-4.600320672840929e-02
-1.380164060742108e-01
-1.243498296048502e-01
-8.366011294275550e-03
4.559412000604603e-01
-5.286683034711447e-02
2.559069749623143e-01
3.598893621856068e-02
1.293166473325502e-01
9.316684900776441e-02
-9.830458677855389e-02
-3.370814420824751e-01
-7.193457595734765e-02
1.854208366661054e-01
-4.421629277878220e-02
-4.875140280439651e-02
8.436454906408197e-02
-1.628983955348902e-01
8.905413572938711e-02
-3.417436173425777e-01
-9.976171976663609e-02
-4.132425215522072e-02
4.990471630251189e-01
1.740757407421940e-01
-2.542827006799696e-01
6.334132196539315e-02
-9.227435977615255e-02
1.778430935211503e-01
2.069874625975625e-01
4.746819399275022e-03
5.898645430424578e-03
1.829956780818752e-01
-2.330427146272672e-01
6.076438470205710e-02
-6.803857526633256e-02
-2.236693152163551e-01
4.114727177876008e-03
1.833908533446698e-01
-1.099546258026484e-01
6.449955296354740e-04
7.308145333548001e-02
1.912180972104823e-01
-1.297271499375587e-01
-2.505314475791405e-01
4.308791691669465e-01
-2.595302692776629e-01
-3.994912445816649e-02
-8.807159422764212e-02
2.012083218988114e-01
1.827641904615930e-02
6.066724675007686e-02
2.794575116174660e-01
4.369522998110290e-01
-2.162625568265002e-03
9.104784588911098e-02
-1.096662158116912e-01
-3.180868857993219e-02
-1.973241187666805e-01
-3.040431062214159e-01
1.063631012499789e-01
1.223183765209121e-01
-1.075742266319598e-01
-4.936102433322302e-03
1.649282250938945e-01
1.915106702187016e-01
2.067476429944883e-01
-1.969300856025538e-02
-7.415200719698771e-02
-6.906622681899284e-03
-9.548925981128380e-03
2.647415057821120e-01
5.993566462247641e-01
2.517029615090191e-01
-1.187281501474594e-01
5.234610111410157e-02
-5.712361717191185e-02
8.417299684631036e-02
1.050228687731026e-01
-1.613339240197813e-01
-2.041529062297027e-01
1.069397302261870e-01
-9.322356824608172e-03
1.125623644242237e-01
3.077293041760723e-01
-3.414554582967523e-02
-1.605020526630000e-01
4.195435091373492e-02
1.077706198499937e-01
-8.110901859549108e-02
4.533078263661934e-01
1.795974498600475e-01
-5.079175833921495e-02
-2.096249788966826e-02
1.251677037072555e-01
6.551629225812285e-02
1.864524285617185e-01
3.853404693941585e-01
-1.858357972018005e-01
-7.489573237322873e-02
4.879799482489201e-01
-1.287966591677244e-01
2.889366853514353e-01
-1.711525026039621e-01
7.994583144484307e-02
1.655216311337905e-01
-7.579006545699378e-02
-3.899469906074506e-02
-1.678172885322054e-01
3.377663843838795e-01
-7.047012193242352e-02
-4.698077419558851e-02
-6.749155277816166e-02
2.195872186844561e-01
1.501280103595063e-01
3.061855993919821e-01
-3.206856094670096e-01
-1.809922668687822e-01
-2.607116585832173e-01
-9.915667316146350e-02
1.094812839575950e-01
2.734210777097139e-02
-1.381232371982449e-01
4.402129935529353e-01
-1.913658445065975e-01
1.012204232310868e-02
-1.036544724608396e-01
-2.109899265759713e-01
2.987266116089916e-01
8.692502682185593e-02
-3.967690074740925e-01
-7.777500446938583e-02
-3.053685641886566e-02
3.141860473548836e-01
1.588101292227394e-02
1.441102237565589e-01
-1.504834061454669e-01
2.605480225821895e-01
6.688040327809008e-03
4.199060661747537e-01
5.365511429333655e-02
1.077855573740993e-02
-6.434383168138541e-02
1.105940045399204e-01
-1.126342697022733e-01
8.348296861377497e-02
-2.738006222891212e-01
2.427829234292520e-01
-5.319198012934687e-02
5.524119941560832e-02
4.694395809743268e-01
-8.702951112606631e-02
-2.477602224190566e-01
-1.490544954604029e-03
-6.392242161845632e-02
-2.770741015635652e-01
4.928712761933300e-02
3.753003078090685e-01
-3.084101575433327e-01
-3.143655505081028e-01
-1.128012531482351e-01
9.554202582510776e-02
-7.457355886935525e-02
-2.516264264520879e-02
-1.038985640444249e-01
-1.660768375071153e-02
-2.728932843083076e-03
-9.581469424290767e-02
-7.858912717403138e-02
5.419353492621396e-01
-2.010045136499707e-01
-1.781480655124651e-01
-2.786012540861488e-01
4.848721154858672e-02
-8.779847124780271e-02
-2.143947021063513e-01
-3.478262253587099e-02
-2.050970454546983e-01
3.476348720393553e-02
-1.003480001347272e-01
2.909067983255078e-02
-1.731175641081579e-01
5.954001613591612e-01
1.155923477682584e-02
-6.972034342727045e-03
-1.516843715981431e-01
-1.588579036886034e-01
3.032959648474340e-01
9.026520026996621e-02
-6.362328351888719e-02
9.162851282123191e-02
8.192781081415260e-02
1.136783992723957e-02
2.695712408827239e-01
2.277405536335832e-01
3.608085323158556e-02
3.138676601184442e-02
1.227651008754483e-02
1.246314503754119e-01
7.042286765323101e-02
-2.175837590085697e-01
-3.541159165205005e-01
-1.669373064642667e-01
-3.286262806481707e-02
-2.854281014820890e-01
4.279105220461142e-01
-1.246582252062429e-01
1.685119975700395e-01
-1.752160306586535e-01
1.245731769746595e-01
2.009669492065995e-01
-1.250565839816097e-01
-2.548381174978318e-01
4.142981159334846e-01
2.974994801694957e-01
8.816395171933945e-02
3.747349194216101e-01
-2.777952209192207e-01
1.723679001152612e-01
5.390617778814157e-02
-9.580599603911663e-02
-1.041391159966744e-01
2.111183925595000e-02
8.620202735069442e-02
-2.227183080096069e-02
6.128976360963331e-02
8.530147793291058e-02
3.140235634088854e-01
-1.754267135127852e-02
1.120921201776171e-01
1.850966863228880e-02
1.583447818854122e-02
4.086302678329093e-01
-6.880408123595100e-03
1.999048184580706e-01
5.173466154725463e-01
-1.746362545719477e-01
1.582788834628347e-01
4.397403411798618e-01
-7.595234151814807e-02
1.089512598252186e-01
3.778502262694727e-01
-9.729345856400831e-03
-1.079126983084315e-01
-1.765795188727388e-01
-9.441571404625215e-02
1.554969863887597e-01
2.303333508332223e-01
-2.813240158878998e-02
7.553928143346986e-02
1.927253442235076e-01
2.728903074193857e-01
-1.368962559168518e-01
-9.636625828292633e-02
4.873881174786862e-01
1.833490480379980e-02
9.719594456249991e-02
-3.617938462727456e-03
-6.453794026131429e-02
-2.487854010549604e-01
-2.867650276666497e-01
1.465495901575158e-01
5.648070785682366e-02
5.647932099485448e-02
1.884496846844348e-01
-9.617995950337571e-02
1.278068209298197e-01
-5.212092909634526e-02
1.084197646105756e-01
-1.641945710084980e-01
2.830906114790901e-01
-1.377628976966675e-01
2.326479001652101e-01
-9.210785390817636e-02
-8.428271536812701e-02
-1.443589359761992e-01
1.863018121092512e-01
1.063431399787155e-01
-5.515115241113590e-02
-2.986924875231682e-01
4.553776483792121e-01
-1.046379771276168e-01
-5.726950162560449e-02
4.080486243514852e-02
2.106750864786526e-01
3.975266294257466e-02
2.553580275914364e-01
-1.421857393248182e-01
-1.007892277322814e-01
5.064883735326653e-01
-1.903386397158398e-01
1.396374624812602e-01
-3.778948288876904e-02
-2.136371276788596e-01
-1.542795632744249e-01
1.084309785130318e-01
-1.256070783582671e-01
1.262725156987668e-01
-1.971802734534429e-01
1.105896287727572e-01
1.879489641956566e-01
9.176803628832059e-02
4.376035548810610e-01
2.611551899584644e-01
1.563673181176329e-03
-2.554990615577375e-01
1.803311164272186e-02
2.263814543234688e-01
2.294424935643335e-02
4.640422935757227e-02
-6.996390209433739e-02
1.787026273014587e-01
-3.375203848565080e-01
9.149652796387193e-02
7.728873616473170e-02
-8.944686402915683e-02
-1.098748449868963e-01
-4.027279178249020e-01
4.841574263582065e-01
1.699799210317845e-01
-1.181436092457061e-01
-7.587093195221874e-02
6.727948025455462e-02
8.626638983030567e-02
1.092389584466470e-01
1.043622941817045e-01
-1.281960192968291e-01
4.693707364629641e-02
3.747115868105914e-04
3.187507870179396e-01
-1.348033138231052e-01
1.126598241489828e-01
2.934039772706131e-01
1.105203828086478e-02
7.656845717656405e-02
3.839855906506824e-02
-1.086463601205454e-03
-1.083067921004121e-01
1.776551396406294e-01
4.401182440953927e-01
4.131513115649168e-02
2.192091400141048e-02
1.655770888462769e-01
-1.810741026189311e-01
-8.216621556514578e-02
2.881413966156636e-01
8.406694669200082e-02
2.030538281540434e-01
-5.819890493373173e-02
-2.860764946397242e-01
-1.076946516009922e-02
9.538813957508829e-02
1.360266922472337e-01
-1.363343642896575e-02
4.951949944387241e-02
3.224353348610405e-01
5.114311972216515e-01
6.193513312080526e-02
-1.452276254534774e-01
8.031402741450427e-02
1.807324555846764e-01
1.350383232456062e-01
1.848201866255507e-01
8.302689391080853e-02
-6.569211767586067e-05
1.363900353228137e-02
-1.913940977775321e-01
-9.464344114983625e-03
1.746549625893082e-01
1.299008637063847e-01
-1.761191154456183e-01
4.175616530422666e-02
2.145171917317155e-01
-3.357408875542763e-02
-8.222973664536463e-02
-1.220412802146651e-01
-7.595729275309675e-02
-7.197445292849666e-02
1.116111571587245e-01
1.579159650405249e-01
4.757508567503754e-01
1.201855331563115e-01
-6.297976056773769e-02
-1.447797276083929e-02
3.779547031343415e-01
-2.779804134953389e-02
2.295640488201896e-01
-5.139623968133426e-02
-6.664813441066292e-02
-2.618758887286004e-01
1.058354608699431e-01
9.950178520099828e-02
-1.896096084241582e-02
2.975836766872995e-01
3.114065222766824e-01
1.399999066093605e-01
-6.649048026890046e-02
-1.906621384946106e-01
3.933258419123410e-01
-3.358149897958011e-02
7.916781182536171e-02
7.469988321217633e-02
-1.440932204078725e-01
-1.412754445450994e-02
4.756390232982553e-02
1.581288411612449e-01
-2.148866586784982e-01
-7.108952949316261e-02
-3.683375103039834e-02
2.046907224730804e-01
-8.591787725997699e-02
1.929247121575679e-01
1.075855881992110e-01
-4.971790946571596e-02
2.562991819021052e-01
5.897159833630575e-02
-1.086092321231312e-01
6.071170191999655e-02
-9.134401056851457e-02
5.625969624704615e-01
-5.030962179283757e-02
1.202110237231276e-01
4.866048160173985e-02
1.374682986136347e-01
1.407419716567190e-01
-2.563835891372820e-01
-1.508518980652849e-02
-1.653070995660503e-01
1.842411488778518e-01
1.435762238748970e-01
4.375758622039288e-02
4.712374551420993e-01
3.088811743702213e-01
5.182559685778820e-02
-1.117649528757375e-01
-2.047034584134125e-02
-1.935121594077960e-01
1.566535050152967e-01
-4.891551462867615e-02
-2.747651129017259e-01
3.014796619176379e-01
-6.194341383336392e-02
-1.182976600448853e-01
3.339908160096775e-02
-5.060990841166040e-02
-1.818370363394421e-01
-7.616092795817991e-02
1.643777953460452e-01
1.483724846332834e-01
-8.885228167031158e-02
1.318931193303143e-01
-5.643066327091629e-02
7.777386183447690e-02
-6.077876616767520e-03
-1.587028328555558e-01
1.278167650823717e-01
5.645185086715191e-02
3.548135514078976e-03
-3.254667283110389e-02
2.892484676654502e-02
5.363664257171833e-01
1.229748981374931e-01
7.189886256198884e-02
1.091073923537742e-01
6.568971292486787e-02
6.835587902444374e-03
-5.228327428942923e-02
-1.406677917784968e-01
-1.542661948254045e-01
9.305631804971133e-02
-9.120573933686546e-02
3.528012340771977e-02
2.590323863366466e-01
-1.399936043315456e-02
1.935486795302041e-01
2.681452683354281e-01
-2.255576535958691e-02
4.366598546218948e-01
1.370921785577005e-01
-9.291008197385897e-02
2.640990740342886e-02
-7.324817484732429e-02
1.511477573978072e-01
9.333062095503036e-02
-1.430497235714818e-02
2.965986709806340e-01
-6.673045268319415e-02
3.035790632284463e-01
-2.348505566172367e-01
-6.591396416834265e-02
3.935564113885733e-01
5.672542163200435e-03
8.135469073969993e-02
3.667153039672091e-01
-1.922377673674024e-01
2.079592528293790e-01
-2.061805166388869e-01
-2.081160567323043e-01
-2.355288851098775e-01
-1.701880071785691e-01
3.395767032478801e-01
-8.152264302206472e-02
3.233032931822598e-01
-3.022691847984729e-02
4.770902274474534e-01
-3.373623848536188e-02
1.437094437951767e-02
-5.808826140914956e-02
1.877252590821667e-01
5.985696743329658e-02
-3.719938218857788e-02
-2.100968575146978e-01
1.363852732390833e-01
-4.423935918605704e-02
-1.405112847824600e-01
1.472959449756024e-01
9.860304672484188e-02
-5.727723934789969e-02
-2.511369085913341e-01
-5.566618065478302e-02
-1.120204758867591e-01
-3.033589605211855e-01
-5.571162850675728e-02
5.146563451255732e-01
8.968802353729748e-02
-7.161762261469866e-02
2.525043908270363e-01
7.678959885404661e-02
4.452506261807625e-02
-5.681694199903650e-02
7.432820519670912e-02
-2.319009313464361e-01
-8.384004688533943e-02
5.025748220261945e-01
-1.049202932723662e-01
-1.674818661020531e-01
-7.108634076913121e-02
2.441905267117674e-01
3.646595428383193e-01
-1.087969166422799e-02
2.692619042405728e-01
-1.311395807476836e-01
1.404838758648382e-01
8.736714106987528e-02
1.498377206557676e-01
1.679603007764437e-01
-2.692667959249486e-01
-1.502462382988227e-01
-9.080596700296006e-02
1.297608643292044e-02
3.994490314574266e-01
2.929941109955029e-01
1.011688348876863e-01
1.107000343698435e-01
-1.714904102359781e-01
1.418925547929782e-01
-3.328545030981853e-01
-1.216465668313094e-01
1.972995107077743e-01
-4.072609445184489e-01
-2.176155828390544e-01
9.517131026128400e-02
3.324839524432333e-01
7.902101970973659e-02
2.643020768259288e-01
4.570424889494255e-01
-1.315314992006089e-01
8.554214845890585e-04
1.329367625629147e-01
1.573655128992137e-01
9.179228004550628e-02
-3.407774221639361e-01
-1.514194121170264e-01
-1.561305924458453e-01
1.763031701355439e-01
1.353226789106234e-01
-1.851323814814388e-01
-2.523815112087200e-01
1.190272064386225e-02
9.070696014553395e-02
-9.023718049758223e-02
-1.420368093542056e-03
6.919860173260986e-02
3.093157027795708e-01
9.621633324230454e-02
1.956699964167011e-01
1.070324960708515e-01
1.247126660017333e-01
3.637325783108665e-01
6.295288419264129e-02
-1.555013265129104e-01
-9.822783077471037e-02
-1.827276322490490e-01
-4.269444219612374e-01
3.994401557375676e-03
3.082312621835219e-01
-1.180085132856274e-01
1.830948364573059e-01
1.615034627172166e-01
1.518135571664977e-01
-8.990438621346309e-03
4.322807569471648e-01
1.216386370776751e-01
1.529395994862580e-01
-6.586961160984617e-02
7.130141618604906e-02
-1.270151918727391e-01
8.969903714833612e-02
1.038243073107883e-01
3.908411767789440e-01
-1.707728764390702e-01
-3.003587788296600e-01
7.653449718446320e-02
-2.898616101975317e-02
-2.231109847457042e-01
1.844442536470808e-01
-1.931726262821308e-01
2.780105222964568e-01
-7.347817644807520e-04
-8.740159950425314e-02
2.506942008683331e-01
-1.600308421640163e-01
-2.133678579818508e-01
1.144831385380481e-01
1.969069229018107e-02
-1.788279690453017e-01
-4.267175939717819e-03
1.643368681454944e-01
-7.191036907872005e-02
8.836314938159791e-02
2.758113438138761e-01
5.742033989002316e-01
2.199832560982095e-01
7.904295897424973e-02
-4.508225903953204e-02
-2.231465557664325e-01
-4.063637910029783e-02
3.196956858684159e-03
-1.340104560617421e-01
-3.658586129866130e-01
-1.461517814439460e-01
-2.554104058634936e-02
1.095014852459916e-01
-2.840179194312262e-01
-1.535071542822766e-01
1.359589921326202e-01
-4.427604686163603e-02
2.956352121821618e-01
7.844287240195849e-02
1.027128258928397e-01
2.666020017217434e-01
4.124393476382080e-01
-1.188188592012067e-01
1.327266963294776e-01
-1.258215015913074e-01
-6.106505629944876e-02
-2.540990047070117e-01
-1.036920283820711e-01
1.011611393675723e-01
-5.768782266682554e-02
-2.294519460553904e-01
-1.180452082687039e-01
1.057611513805502e-01
2.115154768832948e-01
1.611458973269203e-01
-2.067602892267899e-01
4.246990625347960e-01
-1.972439047660146e-01
-3.502572145321128e-02
2.172674255074121e-01
-1.195690913369383e-01
1.829834653257836e-01
5.110234685630767e-01
3.875360989994765e-01
3.209040385964045e-01
1.061852217404292e-01
-1.039789760458425e-02
-1.836513465230543e-02
2.376792153539170e-02
1.279982284192770e-01
-6.828787259680001e-02
6.750510233965346e-02
-3.203509340628127e-01
-3.264476605759782e-02
-1.805771447472680e-02
-7.628243716035034e-02
-3.980155816363791e-01
-1.575787853036044e-01
8.226917703862791e-02
4.544825215885616e-01
-8.933918945719234e-02
2.110297885364942e-01
2.904673813955529e-02
-1.707301864444201e-01
-1.271584395306204e-01
-6.578583784566705e-02
1.337391335621035e-01
-1.048611629887704e-02
7.752844294312668e-02
-2.276713010266114e-01
7.262921831803384e-02
-7.035595242148712e-02
1.122403823629246e-01
2.725779587201030e-01
1.333738107773910e-01
-4.057625677271222e-02
5.377625674580214e-02
2.897396148863621e-01
-2.058600587120781e-01
-8.304854510872341e-03
-1.138996994086764e-01
9.328190263841452e-02
-7.161901741421298e-02
1.816451900259732e-01
-1.584344135451876e-01
1.563199705225899e-01
4.541704416759877e-01
-9.972191054358603e-02
-1.060988029427219e-01
5.378116903173061e-02
-8.262381358159833e-02
5.839918957186523e-01
4.639371702345959e-02
-1.764794423363834e-02
2.084077006349776e-01
4.393631085719843e-02
7.146114664947477e-02
4.011340401628635e-01
9.174635815649929e-02
-9.990892519794616e-02
6.039516923027763e-02
-4.451388649666558e-02
2.828541922009887e-03
-8.921002576807563e-02
1.396035213112746e-01
2.217118380172869e-01
-1.832944620547201e-01
1.489588485565310e-01
7.856292573858413e-02
3.675610425017414e-01
-1.302430823176753e-01
-2.474339629788565e-01
-2.967397978266620e-48
-7.759817216530532e-02
2.434995190120365e-01
-3.598032914450709e-02
1.327573094357263e-02
6.864427343500978e-02
2.630227941678473e-01
9.586450882957372e-02
-5.378249346103234e-02
2.784606827991802e-01
9.778637418965665e-02
-1.543421887322665e-01
-2.737595875151353e-01
-2.759178354063615e-02
-1.229716115266723e-01
2.065898214751392e-01
-3.456351395131305e-01
-2.175910935760424e-02
-5.205563498314010e-02
8.018190349626703e-02
-7.489265640617188e-47
7.372367814763686e-02
5.567033015312398e-02
2.144815068993662e-01
1.540116036197165e-01
8.602991997357279e-02
-2.766019694433824e-01
-2.872052165324049e-01
-1.374125488043206e-01
-9.640239251043183e-02
-2.745034705199185e-01
-1.451766439191002e-01
-1.876418892258365e-01
6.333324779399946e-47
-8.083334771628889e-02
1.168397365964945e-01
-2.221094571845336e-01
-8.429221979376292e-02
-8.631404120052780e-02
7.347465453216885e-02
4.393268267964835e-02
1.852727959680177e-01
1.215397421864459e-01
-1.113852989304623e-01
-2.128741105826743e-01
8.973862424948115e-04
2.328304304954726e-02
-2.039760031209844e-01
1.097977867807659e-01
9.861150866657628e-02
-3.175803803296461e-01
2.082706922778138e-01
1.691663843174954e-02
-2.477806133688842e-01
1.142891583077721e-01
-2.963844788836069e-45
-9.343585601451966e-02
2.219772537575590e-01
-1.817575673686422e-02
-6.763176113539509e-03
1.944974078273525e-01
-5.650083857358724e-02
-7.655075984429299e-02
-1.686448313946122e-01
-2.089285628393838e-01
6.386563801816099e-03
6.406312351302124e-48
3.930471822354171e-02
-3.113820819574716e-01
1.122967583313132e-01
-4.263197614523193e-02
8.696834568781417e-02
3.932871608761551e-01
-3.812606938796288e-48
9.726472954869518e-02
2.563943381580295e-01
1.114215529929678e-02
7.182258726855875e-02
5.505439725067330e-02
9.955166874615375e-02
-1.098322412136769e-01
3.419640216489171e-03
6.290544791706235e-02
2.265053843695490e-01
1.812259487353916e-02
5.289946586005842e-02
1.165999692244823e-01
3.123276335734003e-01
-1.698580501545665e-01
-1.534786704414042e-01
-2.591424830600442e-01
-1.432768100649593e-01
1.393625799885561e-01
-6.782516507884362e-02
6.661839490900605e-48
1.437581013226782e-01
-2.479034366360025e-01
-1.577121718785612e-01
1.998449788505158e-01
1.661103522738120e-01
-1.865627619094300e-01
6.504308887577574e-02
1.163370214052840e-01
9.375488365276692e-02
5.156487597076037e-02
-2.583429097207450e-02
7.006459733803413e-02
-9.078449416326936e-02
7.285536146526673e-03
9.490290031271073e-02
1.768462553174137e-01
-1.593837412496517e-01
7.079078175788045e-02
1.296716414702380e-48
9.869231134132467e-02
1.830991694914806e-02
-1.300172748901810e-01
1.431038859064006e-01
-2.740646214920252e-01
-3.225985860873302e-01
1.224230641840545e-01
-2.349445557526223e-01
5.039177909288885e-02
-1.699298361556166e-01
-1.925558338179595e-02
1.119029648975932e-01
5.544758417165700e-47
2.263605773031206e-01
1.084089847174890e-01
1.423708877637432e-01
-3.010800516294387e-02
-2.036071510903222e-01
-4.204898117247484e-01
-7.385917099763403e-02
-2.635124039531665e-01
-5.981487417665111e-02
1.345686881042538e-01
5.939093209743575e-02
3.202329727634141e-01
-3.107517111700501e-01
2.379395399922293e-01
6.287239235412829e-46
-2.072147725928796e-01
-1.750295344312398e-01
-2.073478020985813e-01
-1.590610986519283e-01
-9.116708998223932e-02
1.964763184832807e-01
-1.237177146372214e-01
4.435225864714169e-02
8.865351989189330e-02
4.191586148594338e-03
5.508106835957147e-02
1.953031773327500e-01
2.026953390301363e-01
5.529271156741239e-02
-3.127603379426024e-01
-1.860174433316795e-02
-1.348619245331731e-01
-9.376614855694057e-46
2.422167123305027e-02
1.321311538582184e-01
-1.154064019991905e-01
-4.641465334803987e-02
5.097145561309722e-02
-3.127448885126479e-01
1.338450862672480e-01
1.545496488820742e-02
-1.396366513337512e-45
6.150226253551483e-02
5.309518013228835e-02
2.250879389852171e-02
-3.593370049203138e-02
3.939767507365306e-01
4.386282261799886e-02
2.865527888196687e-01
-5.680097886137131e-03
-2.427180784827593e-01
-1.267918884788170e-01
-8.921476818975153e-02
2.016483256720775e-01
-2.530117448039445e-02
-2.722765337156129e-01
1.480265871289498e-02
-1.392687824621297e-02
1.412877041923988e-01
4.346512380526088e-46
2.493212486821996e-01
1.483623005018746e-02
2.530569235991004e-01
-2.922787716683697e-01
-9.510046803981169e-02
-1.622227000125474e-01
-7.272213023133195e-02
7.016980799158141e-02
1.335569929420855e-01
-5.520263636497974e-02
-1.206175426571991e-01
3.721353627908810e-03
1.042876514438422e-01
1.234730754086188e-01
-3.011927578228304e-01
2.431779453069514e-02
1.674685302484980e-01
-3.623675069935230e-01
-1.652616658461622e-02
-8.794274951940746e-02
-2.062861021152074e-01
1.001137917908668e-01
-2.202555160637791e-01
1.393413609380899e-01
-2.101729184592791e-01
1.150668604176626e-01
9.794010177163764e-02
3.415869103987520e-46
8.505731940349164e-02
1.154381521024438e-01
1.312240459033591e-01
-6.860831933777318e-48
4.205149806534577e-02
1.805013597122945e-02
2.281159822804206e-01
-6.771192438968114e-02
-1.085812678835908e-01
-1.356659072638262e-01
-1.735460099528169e-01
-1.473442716041252e-01
7.922295253606158e-02
8.209864090390313e-02
3.005018521874180e-02
-1.971322323493648e-01
1.187366067415645e-01
1.974080374484613e-01
1.557511651339800e-02
-2.769207278971532e-01
1.956354323783056e-01
1.553947004559305e-01
-2.330555289626159e-01
5.971654199289360e-03
-1.464630675686367e-46
-3.551955314269236e-02
-2.943608879538629e-02
1.255056759841921e-01
-2.342283934064597e-01
-5.337131887685893e-03
-1.787534405220782e-01
3.114574699703720e-02
-1.915144912900735e-02
3.143016375109809e-02
4.860425692188939e-02
2.582443022114656e-02
-2.030137615719979e-01
2.102301718176454e-01
-6.057519552751424e-02
-2.917827992972835e-02
-2.047398182137095e-02
-2.747022806798649e-01
3.313850552523779e-01
-1.074660780825901e-01
3.573937174310706e-47
-2.083793773350752e-01
-1.340710893660240e-01
-7.482264778605795e-02
1.106688917091289e-01
1.640576434919615e-01
1.514263608606268e-01
5.511911860816165e-03
-1.340001937736245e-01
-5.925378300176122e-02
-3.190561479077308e-02
2.366777390231254e-01
4.311358508776854e-47
-2.111285466328789e-01
-1.822836918143519e-01
-4.830394811707410e-02
-2.977868184849975e-01
-1.831199300884336e-01
1.485141087480843e-01
-2.998756223817024e-01
1.905769751222942e-01
-2.665546245286016e-01
-2.673439695743434e-02
1.218163672524445e-47
-1.948549517184005e-01
-2.408886158787634e-01
-1.933655666198471e-01
1.469838866602445e-01
1.880069937633856e-01
-1.798839578077861e-02
8.206356208287328e-02
-1.391795870174408e-01
1.288181249901962e-01
4.932691171594117e-02
9.194437118797213e-02
1.989516782377067e-01
1.410846851260728e-01
1.643206846388372e-01
-9.318053566189878e-02
-3.665699179871589e-01
-1.342616567437334e-02
7.369139919172223e-02
-1.279956079128674e-01
-3.695375090238055e-02
2.235835643241755e-01
-7.963947874354804e-02
1.317922863102234e-02
-1.653761060555293e-01
-4.682361548271297e-02
1.255902510945432e-01
2.259087693464918e-01
5.922608458648621e-02
-1.460859880550798e-47
1.030297597592082e-01
1.697163164228485e-01
1.546890259090392e-01
1.186734728803659e-01
-3.109219892883551e-45
-3.159339816222565e-01
1.240685802914601e-01
1.016637421698219e-01
7.911649098397246e-02
3.538009883590295e-02
8.176810851040657e-04
-2.691516501056159e-02
-7.697552719013535e-02
3.268975276714674e-01
6.496334208731953e-02
4.237808074018726e-02
-1.538820450798933e-01
-2.996331107800108e-01
-2.816657381263537e-02
-1.183913559449039e-01
2.140828319735854e-02
8.121791682420371e-02
2.679244764276724e-01
1.241021029038444e-46
-1.326279413430916e-01
3.832292066667841e-01
-1.163557834102762e-01
-4.397825536609597e-02
-2.270499908611841e-01
3.584145521840892e-02
4.172089253426924e-02
-1.874160730014043e-01
2.223171832036513e-01
-6.100595707889865e-02
9.543803821561953e-02
8.622229453489647e-02
-2.718801985624859e-46
1.190444067204637e-01
2.216510936738547e-01
-9.530381319509135e-02
2.207862208448191e-01
6.780596611166581e-02
2.713349951832763e-01
-1.347128328240505e-01
-1.303538631270879e-01
-2.037649276234094e-01
-2.742179128893320e-02
3.589203279306021e-02
-3.374731614103625e-01
-6.168057405733042e-02
2.082544381192916e-01
2.824130408696661e-02
2.239080069689124e-01
-4.241645070760858e-02
-1.319280154350318e-46
1.685771183662188e-02
-4.954904513482328e-02
4.928192765472159e-02
3.322021027439341e-01
-1.654865323560684e-01
-1.342990396654802e-01
2.880137704734597e-01
1.801839770073163e-01
-6.365344385790712e-02
-1.542862016845358e-01
-2.037041886351395e-01
-1.351365760897124e-01
2.693089087497140e-01
3.301637773673617e-01
3.809391767990697e-01
-7.099543674729889e-03
-9.833486450607364e-02
2.407579938542622e-03
-5.795351308756719e-02
-1.146906935935473e-01
2.864834025195228e-02
-4.411470916931441e-02
-3.809530212843439e-02
4.291308932791184e-47
8.490110438899476e-02
-8.432928764775545e-02
8.314417287769942e-02
2.624313188248994e-02
5.932353192686572e-02
6.525442094364618e-02
5.199262834789023e-02
-1.492523309368861e-01
-8.789348938144109e-02
2.478697552445662e-01
-2.389192502709380e-01
-1.266189072650658e-01
1.876932559011560e-01
3.204518350714777e-02
7.885483429639656e-02
1.142636853227791e-46
3.326389990761711e-02
3.899021354026946e-47
-6.228195560556500e-02
-3.777850580838229e-02
-1.454725869846713e-01
9.605923468444873e-02
-1.142247694153996e-01
1.271992833168061e-01
-1.545774909039249e-01
-1.207655270819762e-01
1.544554703938365e-01
-1.198472592927136e-01
9.530249031922211e-02
-4.042211891527814e-01
1.354229403105966e-02
-2.400009354958650e-01
-1.011275112491808e-01
-1.394797683332521e-01
1.777195927464378e-01
-3.385060432808679e-02
-1.369513899138786e-01
-2.531933717476835e-46
1.632206725996397e-01
-1.154889136748748e-01
-2.594871355341674e-01
-1.243528955191307e-01
-9.563607424073094e-02
2.514521172739691e-02
-1.307336748581200e-01
-1.851186759085332e-01
1.261782339568087e-01
-6.324707811660522e-02
-2.866753023263972e-01
2.496160672823590e-01
-4.141829408063599e-01
3.152239851787093e-48
5.312688868570379e-02
-6.472031361901077e-02
-1.722457250074785e-04
1.648914219011109e-01
1.232590290278752e-01
-2.996784427252070e-02
-2.688987493579127e-01
6.178767444085408e-02
8.364654177592147e-02
-3.838611022982569e-02
-1.682348365752797e-01
1.834021814003382e-04
2.606840140116768e-02
7.076164834092724e-02
2.370605552642290e-01
2.654871791957386e-01
-5.859300744982630e-02
-2.017391757077721e-01
2.369070926652107e-01
-2.734489025164206e-02
9.353601026518459e-02
-1.195758121711270e-46
2.912929204715959e-01
-5.752512119743684e-02
-9.123284858832922e-02
3.526785679353442e-03
1.446967195431944e-01
1.271986800969692e-01
1.695196923337895e-02
-1.142824845508209e-01
-2.458841612236400e-01
1.704157039641110e-01
-4.810847401647814e-02
-2.525235828051758e-01
-1.100657454645304e-01
1.004558738256583e-01
-2.040818521649074e-01
6.528693185558886e-02
-2.797475393906907e-01
-1.228208922046709e-47
8.990109486901779e-02
1.288575973082058e-01
-1.980525321608805e-01
2.097072218293928e-01
4.252227994045547e-02
-1.847209615486940e-01
-1.070294116629837e-01
1.387605518637727e-01
-4.987136422852056e-02
1.285845685608135e-01
3.581679981978590e-01
-2.656509174987523e-03
-1.265973959038227e-47
2.319643137395825e-02
4.285969942210293e-02
-1.332124082344635e-01
-1.523961685050543e-02
1.454987985264597e-01
3.140545061002059e-01
-1.901456661780335e-01
-8.537835559429333e-02
-1.208000275210615e-01
-7.306546176060284e-02
-1.489121860224551e-46
4.731431158650331e-02
1.570385488545031e-01
1.548891034985824e-01
3.572779801634033e-02
-1.469793526475658e-01
4.593911410580221e-02
9.906648921750698e-02
-2.236007914441909e-01
4.312939452119186e-02
9.212752787027424e-02
5.862836129318033e-02
2.318744196136187e-01
-6.615152935578869e-02
5.380395150550098e-02
-1.651579483527351e-01
2.768292960495412e-02
-1.103551034329560e-02
-1.804729986607398e-01
-2.921938549855152e-48
2.936109977933444e-02
-2.725353565846689e-01
-7.384952707577380e-03
2.096803728260145e-02
1.818574281333826e-01
-1.792423238389163e-01
9.118218440497157e-02
5.390972173337246e-02
-1.110378747906992e-02
-7.821635765177708e-03
1.323591434061478e-01
2.841054830341821e-01
-4.214329921147659e-02
1.351702984278633e-01
-1.234425983975024e-01
-1.784855505233677e-01
2.433497685580754e-01
-1.679880849476595e-46
-1.088774399794689e-01
9.622893888822794e-02
-1.543727120701961e-01
6.169756337337411e-02
3.859599250498799e-01
8.654301460264874e-02
-2.783836288209707e-01
-1.178751729979247e-01
-1.926104173604825e-01
2.068736218031340e-02
6.554477187623148e-02
-2.281216822031334e-01
-1.213836433314316e-01
9.506583397670432e-03
-2.350022752977447e-02
5.328500272786329e-02
9.797523385835198e-02
2.576820091154105e-47
7.299366359343659e-03
1.116690990100664e-01
1.764052979458693e-01
1.770222863654922e-01
-2.502166758220676e-01
3.177751709097631e-01
-1.400432458582521e-01
1.410744916345462e-01
-1.790801555942314e-01
-7.453824486521578e-02
1.692231515009420e-01
2.582306561976791e-02
1.500307530992347e-01
-2.390626185266664e-01
-1.462786144946100e-01
2.302554956191566e-01
7.827435363489244e-02
-1.332186740482802e-01
-3.469075125596414e-01
-3.834854047635265e-02
3.077209882859009e-01
1.067322416550362e-48
-8.312890147579996e-02
2.847037654440089e-01
-2.717546573403953e-01
-9.669743597510498e-02
1.704439871361254e-01
-1.416175628353225e-01
1.144084846653781e-02
-2.295819230346183e-46
4.681411397174299e-02
-2.129677517222457e-01
-2.106709472377665e-01
6.788783450228231e-02
2.982565587702120e-02
8.270826621059621e-02
2.420770152868113e-01
-2.179610748790048e-01
-1.122176238018074e-02
2.787738554254491e-01
-1.842717426717866e-01
1.733712800047980e-01
-1.991404088284088e-01
-4.037000904961442e-02
6.264730397455860e-02
-5.137945372212407e-02
2.512638821304882e-01
-1.289837851926116e-01
-1.321265737442551e-46
5.126728499644359e-02
-6.077406341502913e-02
2.428648326913562e-01
1.475450854080488e-02
-1.445738423351276e-01
1.224338236831405e-01
2.260832891479164e-03
-1.356307108806505e-01
-1.473234517451963e-01
-1.920939481850102e-02
-1.980003502482222e-01
-1.088974693921899e-01
1.944109763862613e-01
2.973546995413548e-01
-2.172846976765276e-01
-5.357024146959077e-02
7.652998334009906e-02
6.660783745835681e-46
1.980321533753592e-01
1.645145854704426e-01
-3.997081193917590e-01
-4.635323158568588e-02
1.072662597564661e-01
5.983984954290531e-02
-8.517569425277401e-02
4.968826632201822e-02
2.922257340726088e-02
1.169044217528283e-46
1.009310589893417e-02
-9.270486822277746e-02
1.075565264651670e-01
2.004033675390251e-02
-3.280561077220921e-01
1.061041369284525e-01
-1.150254868108275e-02
1.958570852780506e-01
-1.083853150440032e-03
-1.521233082791907e-01
2.355275452668237e-02
1.508821326283199e-01
-5.247812796857241e-02
-1.873262839201997e-02
1.503188583290219e-01
9.148599642452213e-02
1.612944297792618e-01
9.346095725683637e-02
-4.848855836790995e-02
1.814773151845129e-01
3.288415393993967e-01
2.529511868295353e-01
1.986489596768470e-46
4.781041607277908e-03
-1.591556501770243e-01
-1.405807678434033e-01
3.488629600164485e-01
2.835405353102495e-02
5.698018963083577e-02
-6.792572700098355e-03
-1.140676487506251e-01
1.206282754053919e-01
3.101449541095265e-02
3.640774639124030e-02
1.071678431748516e-01
2.239314903840741e-01
1.097026374374528e-01
-2.031149147592632e-01
-7.886010476699412e-46
-4.010376421895730e-02
-4.438489961652976e-02
-1.522604070650478e-01
-1.065682118213629e-01
6.682320348517999e-02
-9.340322192147157e-03
-2.774232538192151e-01
-4.904532281549809e-02
-5.210149330024758e-02
4.158140439848037e-02
6.207559295366396e-46
-1.622763594215635e-01
-7.276457459644285e-02
1.277057130615768e-01
-3.551666909164588e-01
-2.362270673578704e-02
6.034863066633395e-02
9.759747476154655e-02
6.592263570359103e-02
-2.786619026173009e-01
2.878694615056112e-02
-1.326754936864838e-01
-1.355023365282064e-01
1.107524244364999e-01
1.826357060745302e-02
1.515912120914804e-01
4.284753790606335e-03
-9.325213586443115e-03
-3.029309369303846e-01
2.094514781188170e-46
2.214476945932499e-01
9.460142288700148e-02
2.778728038665498e-02
-2.773813908634245e-02
-4.919078143297577e-02
-2.850440213091103e-01
-1.149353064801016e-01
9.080202971189630e-02
-1.195005369475134e-01
8.153362196715204e-02
9.544398966097870e-02
-1.596874873502597e-01
-2.417193304410011e-46
-4.517497671410455e-02
-1.516524002648600e-01
2.361827026761578e-01
-3.862354175941227e-02
2.371793443636770e-01
-7.710317078979803e-02
2.206147450830708e-01
-2.013824250563223e-01
-3.199355091182604e-01
5.427591404414387e-02
-2.504438915451608e-01
3.017250018840264e-01
5.125964785124113e-03
1.196120199242943e-01
-6.696541737652280e-02
1.865612834663878e-01
2.663629724827691e-02
6.864522635420632e-03
7.650903211274662e-02
-1.655247606028291e-02
-1.044139635642966e-01
-2.012506093911022e-03
2.462571554818589e-46
-1.626926536664208e-01
1.182099380661535e-01
-9.891719080961259e-02
-1.117420543001470e-01
1.303636359053243e-01
1.328563029700572e-01
5.672628811862380e-02
1.137475645183247e-48
2.593768963508270e-02
-3.458938181319688e-02
5.443144471889332e-02
2.031771837428995e-01
2.220508369913592e-01
-8.021217367421972e-02
2.166390055984422e-01
-3.680165639906608e-02
-4.928560633281714e-02
-8.648868543031600e-02
-1.303886195883250e-01
1.994244254264927e-01
3.323389038570796e-01
1.984889594416730e-02
-1.400048643723582e-01
1.666929478648980e-02
-1.870341165207326e-01
-4.606712656370051e-02
-4.650428587012796e-02
-2.063838955081367e-01
-2.140505183687846e-01
4.137455035419937e-47
7.581064686732500e-02
-8.662478526050028e-02
-1.628103461165455e-45
-9.358847541896438e-02
-3.483899197346008e-01
2.220406519838951e-01
1.549591239960515e-01
-1.344604719851710e-01
4.443199175233242e-02
4.271783967316058e-02
8.325938855516475e-02
-1.880469208902518e-01
-4.713879998099879e-02
2.916368014790962e-01
8.831693509461917e-03
6.722887857411385e-02
-1.622607928143467e-02
1.061047533470708e-01
-1.502294858842372e-45
-7.234484976512835e-03
-4.897219679209223e-03
-3.351586929583250e-02
5.311619686237664e-02
-1.291973955882068e-01
-8.452856154062408e-02
2.985133477385714e-02
-3.103592007492386e-01
-6.408237689236881e-02
-1.056517083532567e-01
-2.332508921584115e-01
2.217515919136707e-01
-4.488585269842087e-01
-1.513958941554244e-01
-7.524146464606993e-02
-4.161241654061251e-02
-1.343922220596402e-01
6.016992117639214e-02
2.105213510941967e-01
-8.245471167655330e-02
-2.474127297684607e-01
3.365325333972992e-03
1.215310291421732e-01
-6.890603034169109e-03
1.823055540423953e-01
8.588184681800075e-47
-1.843847700453122e-01
-2.968904059463025e-01
2.200775399776744e-01
7.151769988704314e-02
-2.081518384254294e-01
1.559660853111360e-01
1.411950498112933e-01
4.028872292352009e-02
-2.149836382805169e-46
1.564564551866695e-01
5.104350241843047e-03
-9.572638280008533e-03
-3.962457880591380e-01
1.772126249427235e-01
1.010359576691643e-01
-9.489240699982120e-02
-5.400013916793796e-03
1.957229833591734e-02
-2.272328168543458e-02
1.454633028793723e-01
-2.876727732066364e-01
-6.445778070922590e-47
2.049447528365448e-02
1.396858704247093e-01
1.051344441885101e-01
-3.364461163623544e-01
-2.914863829743183e-01
-1.094230193023265e-01
9.240447262736025e-02
2.717144767299734e-02
1.860135611264607e-02
7.313918462080522e-02
-2.117270537933869e-02
3.951983527565139e-02
-1.013033689838655e-01
6.461809453115214e-02
2.946646190785950e-02
-2.156364202851849e-46
5.959412137453354e-02
-2.479076688468582e-01
-1.485783537102129e-01
-7.765559206791339e-02
1.973063107166668e-01
-1.760442485275520e-01
2.185665805952621e-02
-3.929262279054075e-04
-2.371764293920973e-01
1.196501380492330e-01
-3.453313582913292e-01
-1.880650305833783e-01
1.728706388517665e-01
2.108413262198111e-02
-1.607628404300397e-01
-6.385679604364443e-02
2.403605250340422e-01
-2.205744382383146e-01
-1.379532842550463e-01
2.433388987866382e-01
8.876694535235098e-46
1.945846667269470e-01
-2.874097501231006e-01
2.302361972451297e-01
-1.128279041954473e-01
-1.149978662771747e-01
-7.648722615037340e-02
-9.285829825754988e-03
1.658549219573364e-01
2.271599583008966e-02
2.187072788713502e-01
-8.222012844993393e-02
1.707094060247165e-01
1.006370218058719e-01
3.043697392406463e-01
-2.365772671850911e-02
-2.792254141561160e-01
-9.826431086095127e-49
1.563195293147048e-01
-5.758313762496668e-02
6.338165329131608e-02
-2.013908482379972e-01
3.198823310327859e-01
4.277856183556128e-03
9.265754710955555e-02
-1.065107391817086e-01
2.623075691284072e-01
-1.890257860976031e-01
6.490977939249468e-02
1.041132816691098e-01
9.443339360834092e-03
-2.633767230689409e-02
-3.097528034513360e-01
-5.930613600235475e-03
1.808342631990696e-01
-4.856663999429174e-02
-4.374485459254734e-01
1.153094108320043e-02
-2.789941536460848e-01
1.482965269890419e-02
-2.260406088432784e-01
-4.482253616892013e-46
-1.481749388349055e-01
-1.182403119810884e-01
-9.012013495161052e-02
-9.573486587878002e-46
4.564540223398614e-02
4.620917968243723e-02
-1.776916708764881e-01
-1.678776199199009e-01
1.958511689880963e-01
1.531192157814655e-01
2.662641090151976e-01
3.688573854198181e-02
-2.302952832861624e-01
-6.353390178529325e-02
2.505197876774645e-01
3.231031260880805e-01
-1.100360035868051e-01
9.469921340042232e-46
1.185019242751202e-01
1.215329503439190e-01
-2.913172637734401e-01
-2.612304552753791e-01
3.085974144522912e-01
3.639339017086782e-01
-1.095388670491342e-01
-7.222391320106267e-02
3.114288655859460e-01
-1.242927743377815e-01
-6.522741641492899e-02
1.910110455945054e-01
-7.680890189390059e-02
-1.647689232745908e-01
1.338519303384312e-01
-5.030291203588860e-02
-1.597630577481164e-01
1.932486441993606e-01
1.633858528117056e-01
5.161625605425937e-02
-3.357514497010785e-47
-1.358072190795601e-01
1.332231271750164e-01
1.037316212382408e-01
2.271533537467567e-02
1.069373106273075e-01
1.299228424182154e-01
1.484731651524919e-01
-2.204216122043899e-01
1.771288030506105e-01
-3.347298104689524e-01
5.392334429182689e-02
-4.000689912117476e-48
1.024228992156653e-01
5.246201713441731e-02
2.521796163348090e-03
-1.977816474505330e-02
2.897959349732321e-01
-5.033907932901536e-03
-4.429932009583618e-02
-3.597978899584982e-01
1.955062205540193e-01
1.589536390286496e-02
2.372114159395106e-01
1.203566443266159e-01
-1.959250153170685e-01
9.433282750291028e-03
1.981881538295173e-01
8.009737758179185e-02
1.726857409126758e-01
-2.293736554791240e-01
8.693817799975942e-02
2.010726075010739e-01
4.510170263406292e-02
2.361365814274230e-02
-7.623718274082890e-02
6.118692387108800e-03
2.451346740767431e-01
3.074781191294119e-01
3.148735656974390e-01
-3.504822572904445e-01
-1.393776960850230e-46
2.840964637917726e-04
-5.035629302927962e-02
-5.705518326298995e-02
1.801756661750120e-01
1.609722584162713e-01
-1.085976903730880e-01
-1.268016630609558e-01
4.040716566090278e-02
-1.801627588476559e-01
3.332815759622447e-01
2.663152052915197e-01
4.812651080393972e-03
-3.056641988648224e-01
3.426589876420265e-01
-2.347052157032255e-02
1.632028925219238e-01
-1.094367670735218e-45
1.365285416120936e-02
-6.375222596880326e-02
-2.064232806834386e-01
6.860922685921564e-02
-2.070294761456845e-01
-2.876801025886024e-01
1.309033306204727e-01
-1.028719962207340e-01
-2.011657864876375e-01
-7.082311818996938e-02
6.699840380885067e-02
1.925051521985666e-01
4.901403420208237e-50
-3.183613605999377e-01
3.313619835211785e-02
-1.607382950279909e-02
-7.104913934229259e-02
-4.087851189014163e-02
3.140993900190873e-02
-1.162958815557738e-02
9.154620003110427e-02
-2.099483281644020e-01
3.370541948868392e-02
-1.243773263920580e-02
2.392629699202556e-02
1.743429059792441e-02
-2.997258988774263e-48
1.092521249356381e-01
3.021935419656954e-01
5.874477606452694e-02
-1.523999355472084e-01
-2.420367650007162e-01
2.045602540794646e-01
-1.404288089038393e-01
4.364269794116721e-02
2.104348587674009e-02
4.201753386235568e-02
1.495948556924626e-01
3.888392659368538e-01
4.057972462204725e-02
2.895451472603469e-01
-8.436941561147042e-02
-2.494356565290664e-01
-5.370833175088410e-02
-1.700453646536853e-01
-4.220494150636204e-47
4.135894496144504e-02
-5.074543910599556e-04
-6.157429507098533e-02
-9.984954118310785e-02
-1.507497816201336e-01
1.762301243939683e-01
1.217804697571850e-01
-8.168485582511358e-03
-1.547232363344131e-01
3.745797086830850e-46
5.608121488391710e-02
2.703359067453196e-01
5.828906022226363e-02
2.025971705890660e-01
1.616944046272853e-01
1.216242161209520e-01
9.718855987654394e-02
-4.745874900903425e-02
-2.666138365040305e-01
-1.846587738733101e-01
3.030153157980833e-01
-9.262081293268255e-02
-1.229105014676502e-02
7.109589115301519e-02
-1.150487382702180e-01
-2.153249959547189e-01
6.317422879395311e-49
-6.940232733378542e-03
1.182107229545036e-01
5.691551566806452e-02
1.297242601082081e-01
5.092229449209442e-02
-1.572044165451681e-01
-2.089688331289101e-01
6.580175636149210e-02
-4.097140797345881e-02
2.207842194829018e-01
8.841309500699515e-03
-1.250009090536053e-01
7.706179076830193e-02
4.307870836372232e-03
-1.164844129493664e-45
-9.744791752128428e-03
7.429497561504695e-03
-3.287478055677336e-02
9.155021841334468e-02
-1.120789844028641e-02
-1.481199047687019e-01
3.421591232596409e-02
4.903137832110908e-02
-9.930227562120869e-02
3.170128211959753e-01
-2.481298813857414e-01
1.599441146775570e-01
3.008302015347559e-01
-1.181614361589167e-01
8.350049636369775e-02
1.692746043065724e-01
1.522835195316256e-01
5.940796925154679e-02
-3.109383158360300e-01
9.530409431569313e-02
1.061879070451309e-02
-1.847925395985003e-01
-6.267807808261150e-47
-1.431635172051952e-01
-1.630854257695528e-01
-1.787188882640613e-01
3.358074837888149e-01
1.097091842340459e-02
1.081828413556983e-02
-1.947045007843554e-01
-1.564691329173315e-01
-5.464904383103415e-02
-1.395039925083541e-01
1.210446618840399e-01
4.626490171726629e-02
-1.374548136832200e-45
6.828055156741681e-03
-1.042923589435513e-01
-1.998690630306355e-01
-1.717675867357868e-02
-1.343885900371154e-01
-2.778019904579321e-01
-9.466651246715758e-04
7.804067141549268e-46
1.645138739452444e-01
3.537506101147950e-02
2.336442811987649e-01
5.959184330153525e-02
-2.517408955364401e-01
1.893938304961803e-01
-1.786657650628169e-01
-1.862106641689710e-01
-3.650521283801405e-02
-1.396373715305324e-01
1.523115695067294e-01
-1.208640343825653e-02
2.458275088280880e-01
-1.206870887742291e-01
-1.229675887016036e-02
-2.148971283936311e-01
1.553356162790803e-01
1.572603749065481e-01
1.180861277261161e-01
2.649261042948325e-01
5.441853436281827e-02
-2.210094756537339e-46
1.836010199666165e-02
-1.920983016860853e-01
4.179709441840671e-02
9.471511793099315e-02
5.016193800435417e-02
-2.175623362375578e-01
2.088186859613928e-01
-1.865521020738788e-01
1.326355624396644e-01
-7.309063279536016e-02
-4.902258419350324e-02
1.784470691055406e-01
-1.431734815405220e-01
-3.291798371821629e-02
4.528967834703462e-02
-1.978455971604550e-01
2.637736355980961e-01
1.123701864540231e-01
8.260209860168018e-03
3.036264697398823e-46
1.437645239690042e-01
1.057580913352013e-01
2.610036701784345e-01
2.348415120788080e-01
-7.402937648443252e-02
3.005147781224244e-01
1.147207148947338e-01
1.825286231245744e-01
1.303125059764308e-02
3.668274853051440e-02
-1.552357715555658e-01
8.069967117388624e-02
9.780584750771273e-02
-1.268802521285240e-01
-3.562675469727436e-46
-1.384648746690704e-01
-2.870984322012826e-01
8.774857204769908e-02
8.336729494018513e-02
2.683988908649260e-03
1.008737228270083e-46
1.211576660000174e-01
2.322215863503801e-01
1.788017172980053e-02
-1.605860181671182e-01
2.229086376888550e-01
-7.189501201794507e-02
3.840141601490710e-02
-5.127238633411639e-03
1.046209090314090e-01
6.044898000360561e-02
-1.496978255931851e-01
-5.641707536477048e-02
-3.032587542693345e-01
6.910950065013705e-02
9.514964885117937e-02
2.683696873157690e-02
9.071061092570770e-48
-2.717836680479968e-01
-1.246073460137772e-01
-1.678928147446079e-01
1.504543759641516e-01
-1.297746389248388e-01
2.332766695850801e-01
-2.023901443904129e-01
-9.720180402306255e-02
-2.872641318884557e-01
1.295808234135893e-01
1.842670403567654e-03
-1.964866585022276e-01
3.031094610574243e-02
-1.062395101595392e-01
2.483048373307707e-01
4.435568819829749e-02
1.869191087093944e-01
-1.844348767936857e-01
2.813953578726633e-01
4.171334427576674e-02
6.947858504307688e-02
2.991976133765699e-01
1.573398148706296e-01
2.337473488945709e-04
-1.518494966152161e-01
2.465763753356053e-01
1.674936527019716e-46
1.008035354207392e-01
1.160419019859080e-01
-3.077736038316172e-02
1.420037409611598e-01
-1.288494700820247e-46
-4.898799825825240e-02
-2.206317308969072e-01
2.078936527705335e-02
7.618152277403846e-02
2.227365003162531e-01
-8.137770403648677e-02
3.396915828871305e-01
1.764547974469838e-02
-1.914126818773142e-01
-2.507219984318416e-01
1.561882308315722e-01
6.645871866773216e-02
