-6.643548179726162e-02
6.853598713354685e-02
2.424442714944629e-01
4.044529779749548e-01
1.564431788940819e-01
6.343347352463807e-02
-1.864952872461762e-01
1.260820858846192e-01
7.182333643401825e-02
1.170533673874384e-02
3.380452248177859e-01
-3.074753484763089e-01
6.677276046333726e-02
-6.756448252213741e-02
6.630537380147293e-02
1.000805561175102e-01
-2.518036673871810e-01
1.807063726939947e-01
-9.115339999688499e-02
6.021824588230479e-02
-1.677857545282202e-01
-9.685455288445378e-02
7.036346788354303e-02
-5.198163274702745e-02
-4.511079784176374e-02
-1.365317025078575e-01
6.424917691030983e-02
5.059752058647103e-02
1.494609597737157e-01
9.903052782817136e-02
-1.831421151118765e-01
4.454763417304062e-02
1.958757556399067e-01
2.688342400773416e-01
7.752833142484547e-02
4.655595223684600e-01
9.205784101620480e-02
-1.092915041343780e-01
4.933390440964731e-02
6.621164368052024e-02
-2.649393657460894e-01
8.150399230171898e-02
-1.105026302377163e-01
4.674349980353305e-02
3.742324338985692e-01
-2.638948413835774e-01
-1.962475282886988e-01
-3.097774172174018e-02
6.442597807098074e-02
-7.555611386852699e-02
5.462593147693405e-02
9.994970144704157e-02
-2.848056959775750e-01
-1.284306723814765e-02
2.602062754913823e-01
1.133149747713464e-01
-6.200274162577499e-02
-3.682863741001643e-02
-6.903399896750448e-02
-5.257270663510202e-02
-1.849420683018040e-02
-1.226276391360814e-01
4.884991530567590e-01
-5.249632684631871e-03
3.201536631105296e-01
-1.910825623294484e-01
-5.597782163656862e-02
1.001440558786181e-01
3.287420353743432e-01
1.558370074174721e-01
2.158821181267870e-01
-6.141274087852886e-02
1.919016743053853e-01
-3.218466778177892e-01
1.887504186932098e-01
-9.370893797509826e-02
-9.926336170383983e-02
1.343469332848158e-01
-7.068151400497939e-02
4.486493359179708e-01
2.910588331645631e-02
3.498046676670057e-01
-7.267465107727289e-02
-1.947409395749536e-01
-2.108448184241363e-01
5.535584567480969e-02
1.720968314244637e-01
-1.160633079032655e-01
2.586581300640104e-02
2.532989263396142e-01
1.963451643298698e-01
1.058104754006176e-01
9.064815471482938e-03
-1.090871417833463e-01
-1.807552390666176e-02
3.786990576874030e-02
-1.618356589435465e-01
1.342049703498329e-01
-1.194377066508371e-01
1.252221637722040e-01
1.655442163100986e-01
7.828629910954669e-02
-4.659845441837921e-02
-2.284956901505444e-01
1.385429981345989e-01
4.589912199896792e-01
-5.561405139360693e-02
-2.853153435662828e-01
-1.858122391067461e-01
-3.137120100107210e-01
1.187535884367322e-01
-7.930282776901498e-02
1.965113670116020e-01
-8.171069108116281e-03
1.433759193227286e-01
-1.348934991598473e-01
3.421803535812862e-03
1.704739257520853e-01
1.752931314712685e-01
-2.905193033902998e-02
4.540183422028792e-01
2.365002957943262e-02
2.593798542635812e-02
6.818386115356757e-02
-7.775646747971830e-02
4.380316610837966e-02
2.401895315953330e-01
3.337643255795182e-02
3.430057449584973e-01
-1.669472575380446e-02
-2.671465181391438e-01
9.778171289159086e-02
1.805495737986186e-02
-7.971336199810583e-02
9.130418991109072e-02
-2.413336289539474e-01
3.100523863796869e-03
3.979066201693686e-01
9.544013983567215e-02
2.475989856225902e-02
1.294374612020019e-01
-1.667213356290397e-02
-1.306254027328399e-01
4.494498507727155e-02
-1.330347614026860e-01
-1.328678771674527e-01
7.748770131339615e-02
4.598130297296701e-02
4.716839999697261e-01
-1.744482329568828e-01
-1.110560327307285e-01
1.172047007696734e-01
1.765086572064959e-01
-2.382971472207329e-01
-1.107531567464629e-02
1.276697691253096e-01
4.436335027230969e-03
-1.487659081607738e-01
1.444360991944216e-01
1.295829366568152e-01
-2.797752172838532e-01
-1.656354094779129e-01
5.620291405726018e-02
8.045062506185749e-02
-3.722569679769657e-01
1.021827454191689e-01
-2.153680846642769e-01
-1.848067267868010e-01
2.960245948692468e-02
5.872217149877605e-01
-2.430072152362850e-02
2.054391797220132e-02
3.778398039111312e-02
9.070513919381977e-02
6.855613819248864e-02
8.320086082775356e-02
1.418100263649971e-03
-6.550456336183985e-02
-7.812971719922561e-02
1.128525707014574e-01
4.375126976087094e-01
-4.193272778077542e-03
-4.583904268683318e-02
3.113356679672480e-02
-6.956329294011894e-03
-1.583562235957635e-01
8.775940639791001e-02
-9.342477099231576e-02
-2.435502879331467e-01
-2.710471649113222e-01
-3.030887530872261e-02
-2.723195742850110e-01
4.235357005148284e-02
5.300342240872914e-02
1.049303007522447e-01
-4.362673015953713e-03
-2.173779252419664e-02
-1.169180165685063e-01
2.099132025834589e-01
2.965725460239092e-02
3.270695966427395e-02
4.481346768368997e-01
-3.410325039023662e-03
-9.759545896973004e-02
1.247993324109818e-01
1.337949804937271e-01
-4.220094337639737e-02
-9.665925755427872e-02
1.099057412869706e-01
-1.042068521425695e-01
8.576674094588524e-02
1.509273696773454e-01
-2.805445224924207e-01
1.374488060739889e-01
-2.252218176305201e-04
-7.911434844522908e-02
-1.459304268070371e-01
-5.911737975329252e-02
-4.280021052878734e-02
2.452993674075563e-02
-3.181783971523235e-02
3.262526443895753e-01
-1.594266604368823e-01
4.971445231017572e-02
2.172084973272530e-02
2.045949117334613e-02
-2.371183998164970e-01
4.807517283177881e-02
-1.157066667870192e-02
1.977677814022228e-01
2.512166922091257e-01
4.653937356826059e-01
3.619290821477678e-02
-7.754431125009299e-02
3.669765199076634e-01
-1.603562681790597e-02
1.582004278521691e-01
1.111933249533856e-03
2.038310261675650e-02
-2.353600004068733e-01
1.495768136236842e-01
1.938301132045219e-02
1.181436555895048e-01
3.926910501791740e-01
-3.047799825552290e-01
8.472799797876558e-02
3.273228323290358e-01
-1.432780894021633e-01
6.579599182178601e-03
1.716874136123794e-01
1.179026110765999e-01
-6.131745519291416e-02
-1.451244268496041e-02
7.339740915829999e-02
-1.333313743618152e-02
-6.905744023218899e-02
4.172945520859717e-02
-4.803633770468946e-02
-2.653721610451714e-01
1.219493710891618e-01
-5.324353919141810e-02
-2.666679930868049e-01
-6.083933152665903e-02
-1.741381864258294e-01
3.836633634555124e-01
1.673913452178110e-01
1.572023999145339e-01
7.905036751729014e-02
2.514721325267551e-01
2.430582239133014e-01
1.369829455780581e-01
-1.332447504254107e-01
7.677849128772644e-02
1.765343753098525e-01
2.082549418578828e-02
-1.037191090463431e-01
-1.650572520047934e-01
1.213213112777766e-01
8.807681850076499e-02
-1.456458579581035e-01
1.418178364701677e-01
4.440134640529371e-01
-1.906362782701290e-01
3.879543306330708e-01
-1.892856584708686e-02
-3.846645676611601e-02
2.550132871622265e-01
4.736599416569710e-02
-1.147284031278740e-01
1.014607440773927e-01
3.414859589850587e-01
8.234771856361959e-03
-1.298685833153126e-01
-3.089925784610592e-01
-1.599950627090623e-01
-2.806227319377570e-02
-1.085273913149964e-01
1.260729816379731e-01
-9.041134282635546e-02
4.859142044779448e-02
-4.012818816516623e-02
1.143063429510261e-01
2.453038155868081e-01
-1.424941734254877e-01
-1.277705236827195e-01
-1.597526155795767e-01
1.502015496754942e-02
1.992462841667558e-01
1.808194968575447e-01
-1.322949009954948e-01
8.822475145760349e-02
-8.700108001548777e-03
5.929707576748072e-01
1.142213090550152e-01
1.629745678376831e-01
6.792579811844898e-03
4.543391040861790e-02
2.102919022054874e-02
-7.980634719260477e-02
-2.301153567351057e-02
-1.571236122895122e-01
2.123926004213293e-01
6.853327837892671e-02
2.268369626276833e-01
-2.400890320400722e-01
3.135567923719261e-01
-1.700736503280768e-01
2.289061147168845e-01
-2.244666603979330e-01
1.510148452429243e-01
2.163824528214294e-01
-1.539869317810855e-02
-4.180357601338898e-04
1.299829496935627e-01
6.437909226797318e-02
1.122682455690353e-01
8.233683811534832e-02
-1.209201355116224e-01
3.821033892097161e-01
-1.099783446558205e-01
1.056989656823279e-01
-6.027135644738894e-02
-9.999514528882253e-02
3.439396746814993e-01
1.164923829025093e-01
-1.459053531560199e-01
2.855031614112042e-01
-8.220034159001273e-03
1.930619860793371e-02
1.508079393171871e-01
1.102372360905601e-01
1.945875768360933e-01
9.078639587369235e-02
9.681662408969766e-02
1.690946292589406e-01
5.172636468369702e-01
-3.795849408011266e-02
-6.069701223056161e-02
-1.054472983397768e-01
-1.818317371102763e-01
-1.720881550060252e-02
-1.273779169929065e-01
8.726068274605365e-03
2.105217364557072e-49
1.590022669045912e-02
1.551762247178530e-02
-6.875043711705164e-02
-1.144440766723774e-03
-2.058760709790482e-01
1.498851176592371e-01
5.260226786405341e-02
-7.763183583665872e-02
-3.073437521193434e-01
6.629053975404081e-02
-6.588037699839215e-02
3.613154584964223e-01
-1.539217458892916e-01
-5.335016214124347e-02
9.382135604780283e-02
1.930202016717109e-01
2.177282224733115e-02
-3.643694346148931e-01
-2.200397243874752e-01
2.374293363205881e-01
-1.073293784123604e-01
-8.276724726935601e-03
9.492966793413676e-02
1.558023871928434e-01
1.936845721561115e-01
-1.907000785337148e-01
1.516500074554356e-01
1.713550930612914e-01
-1.094174296432614e-01
-7.008433799168637e-03
-2.173103140294075e-01
5.979508065942969e-52
-1.793290835614605e-01
-4.628921030973047e-02
-2.678498275030675e-01
-2.450741781235690e-01
-1.895154037052149e-01
-3.292444522152336e-01
-1.584473417708057e-01
5.852512004861592e-02
-3.890605729604317e-50
-1.906438728097742e-01
9.667266827466761e-02
4.979143998071984e-03
2.651203989235584e-01
-1.544483544221037e-01
-1.301799128478680e-01
1.399126688947646e-01
-3.707348807522040e-03
-1.136031932992579e-01
1.023870871761046e-01
-2.550713469380425e-01
4.399224319489242e-03
5.071997489167350e-02
1.676965464468313e-01
-3.197313478328145e-02
-1.710439362801316e-01
-2.388894635846146e-01
4.216360496037131e-50
1.434111834742005e-01
3.998117117780439e-02
1.716124802775724e-01
-2.753150725931850e-03
7.954771368220943e-02
1.648856757885220e-01
-1.460676772603314e-01
1.066813413589066e-01
7.947787267838903e-02
6.027612052544323e-02
-3.270256146791121e-02
1.034997638097549e-02
2.546605661884397e-02
1.323201355637748e-01
2.283453616398500e-02
9.700942934791781e-02
-1.427285259780905e-49
-1.206207882682267e-01
-3.835754302729975e-02
1.043462954214542e-01
-2.024230694035713e-01
2.283142516060376e-02
-7.301645259511465e-02
1.142235974550190e-01
6.961910222715632e-03
3.509430186412067e-01
1.274769995909361e-01
-2.976379397982949e-01
2.425003331686997e-01
2.030860843261810e-01
2.685461435630839e-01
-1.647097948790222e-01
-3.732859669468572e-02
7.950632589609558e-03
-9.831574310727312e-02
2.321525125640303e-01
-4.307258927675554e-02
-1.648481576471157e-01
-1.352491149328695e-01
-1.746096699609349e-01
-4.053334248510704e-02
-1.298702921092782e-01
-6.216855707983330e-50
3.931414595239784e-02
9.650616309229698e-02
5.211567972591171e-02
-9.687027085823879e-02
-3.761030320971354e-01
5.791243815169377e-03
2.231616862426058e-01
-4.524782716050752e-02
3.432245590711256e-02
-4.309414023392345e-02
4.283468440511569e-01
7.594486857441367e-02
-2.161389987089107e-01
-1.124119187248260e-01
-1.272847297870877e-49
9.682936920533569e-03
7.288098862476110e-02
-1.220948802468846e-01
-8.604159760697998e-03
-1.055897346344428e-01
2.201700452096188e-01
2.720118262819420e-01
-9.500022119657291e-02
1.741176602947634e-01
1.578246570767567e-01
7.570531469577432e-02
-8.777848579529315e-03
-2.000064232851953e-01
-1.440678993344542e-01
3.659534366759502e-02
-3.240643353187001e-01
-1.089545590296231e-48
5.561682572085691e-03
2.329618207026829e-01
8.470715651124613e-02
1.833161170795462e-01
-8.162435217818079e-02
-5.929540504961305e-02
-9.012340024803529e-02
-1.020668766275752e-01
6.734971834641501e-02
3.568746819699024e-02
-1.001898214781500e-48
3.355200972469907e-01
1.621899241338467e-01
5.328942124986642e-02
-1.097628471369658e-01
-2.569525033492473e-01
-2.994811186695367e-02
-1.192173878268392e-01
2.080574964775101e-01
1.808269508397743e-01
1.650968745386616e-01
-7.403970007438934e-02
1.648796438471287e-01
-1.118164913263989e-01
-2.789296169482416e-02
-5.746920243789026e-02
-3.083300401632826e-01
-3.280133106448745e-02
4.034238781355966e-02
1.609988497944192e-01
1.324457717263038e-01
-2.503186694370462e-49
7.309014946695198e-02
-2.739384588779728e-02
-2.439706321582636e-01
7.478114107262071e-02
-6.066231157752663e-02
2.057312502825409e-01
-1.132403036753050e-01
-1.040846235431410e-02
-2.561815285001003e-01
1.691168185247948e-01
-5.232289894489704e-50
-1.126071430528022e-01
5.411139488236393e-02
-2.302092446813242e-01
-6.032744946220879e-02
-4.848688553392473e-02
3.177453279764699e-01
-5.553857610011800e-03
-5.600047988066355e-02
-1.694028793393743e-01
7.971334872316490e-03
-1.293653704360414e-01
-1.220167843216686e-01
3.258228850520101e-02
3.678338488392441e-01
-2.200780990646992e-01
-3.187763917808593e-01
-2.793149359334866e-02
1.184089558187244e-01
8.420511431472394e-02
5.198467447499047e-02
-7.352575702125127e-51
2.260616666433021e-02
4.205261927949314e-01
-2.452966015004624e-01
2.798442265394190e-02
6.607509632439527e-02
1.002623020048221e-01
1.972821090509779e-02
2.339071196247720e-01
1.705748403023780e-01
-3.610178523947870e-01
-1.020457513441665e-01
-1.228515835672888e-01
1.561126284204294e-01
-3.389488543889168e-02
1.481972165237279e-01
3.194545060756297e-02
-8.096832885200919e-02
1.501545450838781e-01
2.401862529699063e-01
1.444971139466497e-01
1.531093848833751e-01
2.177461464551373e-01
5.200537388831980e-03
-2.999192600508721e-02
1.831062349900684e-01
2.710570093204484e-01
1.501851230603679e-01
-1.456581973287034e-01
1.507111612292554e-01
-2.815806163002548e-48
-2.244866658960538e-01
1.594400767446229e-01
-1.515823541023643e-02
-2.309334597960176e-01
4.210733643524931e-02
-9.726628725008846e-02
-1.410850433741014e-01
1.919217728108245e-01
4.164327135148246e-02
-2.357783316774289e-02
1.560647276430551e-02
8.920222861917524e-49
1.805784409991953e-01
2.044540620357318e-02
1.421077405458660e-01
2.492421617466953e-01
-2.513125350596882e-01
1.242468150953499e-01
1.868542540235299e-02
-6.833007260098633e-03
-7.258008663248926e-02
6.312413276385051e-03
2.670426374194246e-01
-2.403595216107956e-01
1.118888562522135e-01
-1.484936877780099e-02
-2.416601108151823e-02
1.764734221609091e-01
1.730259489607381e-01
-2.278590109135585e-01
-3.284783407386173e-01
-9.837298929786129e-02
5.309441751950815e-49
-1.054347126403045e-01
-1.441135302742436e-01
8.151990116781829e-02
1.773991123570470e-01
1.239076783091647e-01
-1.591197863404694e-01
-9.358090512593903e-02
4.480093796018036e-02
4.602673321575378e-02
-6.202347550083875e-02
-1.439447601939604e-01
7.687920838617085e-02
1.659813039683235e-01
2.588503893143874e-01
1.163914302305906e-01
1.269005257767611e-01
-3.132770969323548e-49
-9.605683271148455e-02
1.010598123719215e-01
4.481588743833976e-02
-1.449896679422960e-02
1.895486654439469e-01
-3.472789228790940e-01
2.166547705975676e-01
2.647935816555811e-01
2.273056444562372e-49
-3.383833860944468e-01
2.080254455801992e-01
1.299964539660519e-01
-1.164196461178228e-01
-6.465884320752019e-02
5.801936680059681e-02
-1.956869415490814e-01
1.884433820384926e-01
-5.636004703367815e-03
-2.630937462011083e-01
-8.880014605392378e-02
-1.820231639798394e-01
-2.188488751544670e-01
3.259389231096900e-02
-7.978126410929248e-03
-1.237918416445356e-01
2.585867567431316e-01
6.408540143142119e-02
-1.988351592158492e-01
1.630154999150551e-01
-2.870406259774406e-02
-9.574447544900930e-50
3.263522492148250e-01
-2.175009867244262e-01
-5.729607953030074e-02
-1.392658494078430e-01
2.094174544132653e-02
-6.311478854495466e-02
-1.269787328987239e-02
1.598775684850529e-01
-2.866359481626778e-02
1.208727359063471e-01
9.864714785608816e-03
-5.851197372218420e-02
-1.853640272203003e-01
8.028390178132581e-03
-5.396489201376827e-02
1.285726136005220e-02
2.141682078500555e-01
2.695517931846521e-01
1.293178653904204e-01
-3.303267548244076e-02
-1.557863839802655e-01
9.796325300165094e-02
6.967144367477603e-02
-1.588048459031970e-01
-4.360964636528519e-02
4.641175458958298e-49
1.416203439953261e-01
1.915172177892890e-01
-3.386387192820866e-01
-4.037086262250943e-02
-1.551977447615785e-02
6.091535790942727e-02
-1.491514673787057e-01
-1.615825777050677e-01
-2.110419501647077e-01
1.141833616979872e-01
-1.631551390163301e-01
-6.803383857924354e-02
-5.563187943888777e-02
8.253731163109226e-02
2.351282604744573e-01
4.984800104536116e-02
-7.061473433510833e-50
5.280510063811334e-02
2.092843422725782e-01
-1.019586746623480e-02
2.488525229604498e-01
