7.608244932899574e-01
2.216799710131277e-01
-1.160837119164786e-01
6.712053530266270e-01
5.022436474442376e-01
5.173196198117873e-01
-4.953053533690014e-01
-3.972281305655935e-01
7.630979974473947e-01
8.124491543521705e-01
-3.117803582408153e-01
4.293844049303823e-01
2.793270948943518e-01
-5.573818977008821e-02
8.197038750041628e-01
-2.772622062191830e-01
7.426356974776940e-01
-1.917203455855614e-01
-1.163286493160299e-01
7.350675454804176e-02
8.341163830173277e-01
3.489018531718699e-01
9.154704844333295e-01
-7.292561356790841e-02
-4.029466870231926e-01
2.407121829183200e-01
6.338268834410573e-01
6.942318509741393e-01
-3.253757988178206e-01
2.352505312735600e-01
1.029276659404509e-01
7.422795728542413e-01
-3.554213223247413e-01
-9.240677109187573e-02
7.239188999901648e-01
6.571291776685825e-01
-4.185093833793331e-01
8.631494640433333e-01
-5.267402863383232e-03
8.687674230336296e-01
1.115491953366422e-01
-1.951467981274134e-02
-7.306377120234986e-35
-4.109126983084160e-01
-4.355219937710234e-01
1.271636742509804e-35
4.743723064953089e-04
1.720897399585821e-01
1.694022392350233e-02
1.194859586586223e-01
-2.306944281506821e-33
-3.389769397708184e-34
-2.109411431240748e-01
-1.176955680888712e-01
2.736704656499264e-01
4.148007495089031e-01
9.121726346035286e-34
4.853514718851836e-01
1.636932842419809e-33
-3.151113258226826e-01
4.170812206526187e-01
-3.337027379946625e-01
-1.375854547499183e-33
-6.316070687826900e-02
-1.045931191463919e-34
-1.757096154939211e-01
-4.004304286336961e-01
-4.664874768558761e-01
-5.419364467381839e-35
8.804816584186269e-34
3.537432866484633e-01
4.813476927578822e-01
2.401287257081045e-01
-3.836940362179044e-34
5.044212624722618e-01
3.329957187807839e-02
8.027625865553006e-34
-1.856739003273015e-01
-2.184187327373508e-01
-4.320339556638271e-35
1.791323823367564e-01
-5.975851198332239e-34
4.205963730265997e-01
-2.356221762991116e-01
