1.887441139817510e-01
-5.488428032028549e-02
4.653340540989221e-01
6.344010729545717e-01
5.240389811321854e-01
-1.916049930369556e-01
1.958704518024696e-01
3.202629480620578e-01
-9.070253704190301e-01
8.077081387480221e-01
2.276830322594532e-01
-3.686530568301771e-01
5.672034223180520e-01
5.129612738310082e-01
4.173202833143946e-02
7.363538905760464e-01
-4.594399984485164e-02
-3.464763652583348e-01
2.970936028967449e-01
-1.292553458227659e-01
2.579232043850755e-01
6.638756583151952e-01
5.556106576414509e-01
2.032231893206243e-01
5.898189310358318e-01
2.506743932189563e-01
6.771946467358240e-01
5.966321731444106e-01
-2.043265771443292e-01
-5.067230094154382e-01
6.174900707782519e-01
-6.751605925750482e-01
-1.630803697089069e-01
6.147981757142152e-01
-4.780502669703461e-01
3.114875860380284e-01
4.262483966883269e-01
-4.016882267572982e-01
-6.507108007240500e-01
1.117781461229251e-01
6.329247654211652e-01
1.023076157633445e-01
7.446940557257121e-01
-5.292920195864559e-02
4.708757152900842e-01
8.773992603741728e-01
-2.726970390627624e-01
1.247352008984099e-01
3.833620696076044e-01
-5.754510098350092e-01
1.973798405079645e-01
3.603453582973410e-33
5.676362231611742e-01
6.500897718485864e-01
4.043859818732446e-32
-4.233407797515712e-01
3.270910205595213e-01
-1.781230483537870e-32
-1.889102345232148e-01
2.615933710745632e-02
-2.073714979356694e-32
2.854700864535576e-01
-2.799459820238742e-01
1.494976780758222e-33
5.571936390629635e-01
3.208499581727806e-01
-3.839283793543650e-32
1.009960726865134e-01
5.704612329782366e-01
2.045325170330321e-33
-8.736608987318468e-01
-2.553834398720187e-01
2.544143179522925e-32
-2.106640418283855e-01
-4.060626850803734e-01
4.362904271253650e-35
-2.082689237448711e-01
2.954783291724664e-01
1.880829789382498e-32
-5.877069539470896e-01
-1.063145581073689e-02
5.344697176956826e-32
3.489649591559353e-01
1.203845381304496e-01
-4.507514068815062e-32
-3.016346554323313e-01
4.533025080169693e-01
-3.272756430346655e-32
2.874974211153401e-02
-4.823979466734846e-01
6.477885001327257e-32
6.707527705999240e-01
-3.557186526670074e-01
-4.760493396859121e-32
4.574150005507722e-01
-1.080594325730045e-01
-5.658609420493419e-32
-2.281715606370739e-01
-2.969608246124936e-01
5.260581784062225e-32
3.764809752490683e-01
-5.841172251377313e-01
