7.833880166458233e-02
8.388249631630483e-01
3.297289825366724e-02
8.001532916788260e-01
-1.335959326287443e-01
-2.751945935368176e-01
6.255378380378012e-01
-4.130414082974528e-01
5.724737989590216e-01
-4.812159653513055e-02
5.223128714908086e-01
7.024894942321099e-01
7.145952304836789e-01
5.671293879470088e-01
2.465869595443661e-01
-8.932200254311608e-03
8.698630743792474e-01
-2.006880695421267e-02
-5.325169389294462e-01
7.969943924102578e-01
2.664160255497987e-01
3.671506015838185e-01
8.240175388691445e-01
2.577366537699742e-01
3.831839423989560e-02
-6.869396452636532e-02
8.474998530667817e-01
-4.998373687911052e-01
9.433068759705748e-02
8.389039788301714e-01
9.086027272038687e-01
-1.846116643924104e-02
-2.222084976487241e-01
6.473156073571125e-01
-4.051816796488349e-01
3.235243723615829e-01
6.997897041581714e-01
3.950746006530911e-01
-4.228703651203145e-01
4.378465846687759e-01
6.813178938295155e-01
-5.174352439577098e-01
5.188805484502692e-01
2.080105148588302e-01
8.159741641956710e-01
1.368834371900866e-01
7.194146160425696e-02
7.834254861799834e-01
9.358169429576031e-01
4.957562214936986e-02
1.977110666403966e-01
-2.042561942502427e-01
1.039757945883757e-01
8.192791658097528e-01
6.669866228450522e-01
-4.740246112841827e-01
-1.367415056077556e-02
7.283964382947444e-01
1.477297833929340e-01
2.278889582733476e-01
-2.992235348830066e-02
6.427718919926129e-01
7.034499672653656e-01
-1.279456516224982e-01
8.923140719784517e-01
-3.479797239961144e-01
5.227815299044028e-02
-4.000506328337139e-01
8.917119044339264e-01
-5.124281124630643e-01
1.994126251539781e-47
-1.629905852083558e-01
-2.531985904575592e-47
4.219227751049161e-01
-2.969106669294115e-01
9.697290234585051e-48
3.009903841698744e-01
-1.406333756878070e-01
-4.802080294765887e-01
2.797025458701264e-02
-3.005589036488826e-48
8.824715933793328e-48
-2.826698623315154e-02
-3.257510748543881e-01
4.249126542132016e-01
-5.485862332342144e-47
-2.496095489099475e-01
-8.419990864393764e-02
1.392432910035033e-47
5.620075563920869e-02
1.056213279703662e-02
9.992433492481849e-46
3.459129804544960e-01
5.212439299212953e-01
6.214180937592675e-02
-2.010505211231852e-46
-5.611036977638082e-02
1.853538962199513e-01
-5.029121142788510e-47
2.967921034416355e-46
-3.113510407515629e-01
-1.666858795669588e-01
-5.477116858471045e-48
-3.706929554834377e-01
-4.180060097556489e-01
-1.245350406043717e-46
1.518404686751444e-01
3.903018783564123e-01
-6.526266862396213e-02
1.608814226423340e-45
-2.685104248183035e-01
-6.916400334988088e-02
-1.299888693462105e-01
-1.548029998341529e-45
-3.956629858985366e-03
6.019270748264165e-01
2.674707564737359e-47
-1.730110019154420e-47
1.958163461367006e-01
2.106067417619335e-01
9.280564098586136e-02
-5.173366435131017e-01
-1.179818506474789e-46
5.497555961818434e-50
-1.648165536099965e-01
5.505252347578593e-01
-2.956459238566768e-49
-5.161621137794762e-01
3.595244564337713e-01
2.979723667604893e-01
4.816180880600970e-02
4.485544324643919e-49
-2.835160065964321e-02
-5.610259645378230e-46
2.559527409655018e-01
-2.009087962729237e-01
-4.137657501821822e-02
7.376636050888431e-45
