-8.786725260970359e-02
8.491943136449032e-01
-2.074665230241007e-01
8.212020462099775e-01
-2.891906323737214e-01
3.879861762623852e-01
6.744408451873642e-01
4.548304286955816e-01
2.947919646494276e-01
-2.707879517998508e-01
-1.280345408283729e-01
7.032108771809330e-01
-4.589382409265880e-01
8.747314023285421e-01
1.363641483944054e-01
3.238149855905127e-01
7.610201100567847e-01
-3.009929191963459e-01
7.722379546979218e-01
2.345979670771301e-01
-4.169264377986044e-01
4.792351755928462e-01
6.550809613728219e-01
-4.946770027905238e-01
8.953951289669864e-01
-3.784695306129485e-01
-1.611520829556470e-01
-5.967861543098421e-02
-5.081651737023113e-01
8.351718785621897e-01
2.868434365049696e-01
3.415076939671177e-01
7.533730707745014e-01
4.081525744964176e-01
5.366526666675393e-01
6.747062226025333e-01
6.444536042937091e-02
8.637517795807379e-01
3.486679809833078e-01
9.213156349669122e-01
2.127084355513413e-01
4.176414860282743e-02
7.771077757076956e-01
-1.891121002732970e-01
-2.928874367885297e-01
8.452976748475229e-01
4.737159070594076e-02
4.112727162119932e-01
-3.300815942855782e-01
1.138347372121611e-01
7.686097334560046e-01
7.200152385202150e-01
-4.295007009287208e-01
3.928671203864714e-02
1.998068763180194e-01
8.824770240035108e-01
1.381607206212828e-01
-2.142162752950238e-01
6.235043861885772e-01
4.634723235874909e-01
3.291660138699274e-01
6.964458883727411e-03
8.325738316636397e-01
-2.090286867299168e-01
3.748659322460104e-02
7.928823117138389e-01
-1.141756203017905e-01
8.603302301471635e-01
-3.603596247244914e-01
9.590725569595338e-02
-3.483466564226819e-01
7.933350234192990e-01
8.951480507750481e-01
1.941581137185792e-01
-1.586612285581915e-01
6.389004072098119e-01
-3.367877049070688e-01
5.719155553136846e-02
3.304806125693472e-03
7.584241332056474e-01
3.367792097297493e-01
5.135572387179959e-01
7.484221645003403e-01
1.463300389168716e-01
-5.289396297518371e-01
-1.049965969062270e-02
8.253342909632884e-01
-4.294259611388099e-01
6.908447836652624e-01
-4.512819457048049e-01
-1.513494061854974e-01
-2.226618811994883e-01
7.134725790417962e-01
-2.689919542885822e-01
5.852021905789565e-01
7.420987900046873e-01
3.351194376681517e-01
-3.589006677234043e-02
9.042431298133140e-01
7.091782279882127e-01
-2.029571427636808e-01
3.159769965116415e-01
3.918607256900833e-01
-9.390327112365474e-34
-2.730406143377134e-01
-1.672666927715260e-33
2.843591375291202e-01
-1.029688563635692e-01
1.384074184028236e-34
4.441132424282541e-01
-2.326369552619292e-01
3.134494873920893e-01
5.634934982614871e-01
-2.923104116823780e-34
-1.449042863666131e-02
4.830334246663012e-33
7.359015767170173e-02
2.714350185832419e-01
-2.035002515871278e-33
3.895106423148830e-01
-1.005441652745879e-34
-3.183853100289010e-01
2.709529017922034e-01
-2.988678390155523e-01
-1.808415903898366e-33
8.470689602217352e-02
1.939215639698362e-35
-1.140037161878806e-01
1.267341164573223e-01
-1.688039329316018e-01
1.104526350164035e-01
-2.003340096125448e-34
4.661288867555129e-01
1.274606412158084e-01
4.696633225170167e-33
-2.943284446099488e-01
-5.964621669036876e-02
1.826440989205150e-35
-3.153663580401079e-02
-9.050973266761635e-34
-3.566731535025113e-01
-1.547131853084523e-34
1.878574572274243e-01
2.624841973649910e-01
1.448631235106939e-33
5.082976268420621e-01
-1.272422507779280e-01
1.144665337240708e-33
-3.354336082912847e-01
-3.958308501947120e-02
-3.254212600347784e-01
4.259435113624760e-01
6.651307850032133e-34
7.233127218686008e-34
-1.069530739987318e-01
-5.330335809494838e-01
-3.225738109102859e-01
1.297677727881427e-34
2.411830551140893e-01
5.494009613960120e-01
2.934780156715926e-34
-2.206935809847721e-01
-5.108945374033852e-02
4.425064001467990e-01
1.548067956451930e-35
-4.880167687206005e-01
-2.967811258675361e-01
-1.281150995545780e-33
-2.831801794016721e-01
-1.500287144131476e-35
-1.916918091262400e-01
4.876350118766946e-01
4.783347230052867e-02
3.022620905700680e-33
2.627383543146001e-33
-3.421922454757199e-02
-3.669717336453086e-01
6.007642242953665e-34
5.221631583488462e-01
4.499500789305698e-01
3.450550513706638e-01
1.915524887132087e-33
4.385187428664007e-01
3.801200414923027e-01
4.515319133453966e-34
-1.010915427295982e-01
1.857118487230198e-01
-6.668615019908529e-02
4.254869688622361e-34
2.703946059818482e-01
3.261595565331131e-34
2.481092326361777e-01
1.791732905980519e-01
-6.215857582021295e-01
3.866938379094623e-34
-7.906636364291306e-02
-1.679869658142138e-01
-2.555454237261694e-34
-3.900908364979742e-02
-2.592865580439608e-01
-4.652762014004044e-34
5.760949794186501e-35
-1.148972959697207e-01
5.855183927111342e-01
