-6.455874177320285e-02
6.363719641030666e-01
-3.327961643172851e-01
6.867118980632980e-01
4.815131093494437e-01
3.578923962301505e-01
2.546522746099341e-01
9.073354067158926e-01
3.335028663346839e-01
-1.494944622415645e-01
-4.259747052694325e-01
8.251252555296705e-01
2.602400048278306e-02
-2.096477830453947e-01
9.331739044163365e-01
3.878342217291308e-02
8.172429477144770e-01
6.417972299865078e-02
9.724707038437579e-01
8.132823473674125e-02
1.540362756752653e-01
-1.784953351091591e-01
4.011451267985656e-01
8.298773665086850e-01
-1.553715584363020e-01
6.911041102216150e-01
6.057325704922925e-01
4.037305762483713e-01
4.772122017073789e-01
7.802542916305567e-01
4.062723581050364e-01
-8.374621461681078e-03
7.720750139803951e-01
4.861594666995814e-01
8.154733917321774e-01
-1.937015346739861e-01
2.797348202058658e-01
8.263243116793834e-01
-1.108766979198066e-01
-3.136065539614712e-02
-5.922847393404463e-01
6.167590132429549e-01
5.285591410169974e-02
-1.318108095129563e-01
7.901395533174790e-01
-3.672220826301138e-01
-5.385459465189779e-01
6.561192051472211e-01
8.388186652112798e-01
3.348296064005958e-01
-2.482071997007246e-01
-3.130010232061115e-01
8.921346298923233e-01
1.827603691977046e-01
-1.200369799521580e-01
2.180210562337342e-01
9.314225404118325e-01
7.760357775529029e-01
-5.829879305882871e-02
5.138289628056045e-01
3.028915534278352e-01
-5.598430688620705e-01
7.300454594963695e-01
7.321187439789629e-01
3.725663331492531e-01
-2.178941451210411e-01
8.155597534804353e-01
-5.374269145052276e-01
-1.873087235753066e-01
-2.535935167078763e-01
7.892610758951474e-02
6.963416110627852e-01
4.201840588564815e-01
6.111885427157376e-01
4.221463455776992e-01
7.974505944076330e-01
-2.602097882280145e-01
-1.903446059221732e-01
-5.298196198888513e-01
-8.908119798716081e-02
8.220986194775187e-01
2.928312535872261e-01
7.006576622280178e-01
1.798274558011193e-01
-5.587353296242694e-01
7.329521903343028e-01
-1.154216461066843e-01
5.798633136311098e-01
-4.180428367020994e-02
7.245930663688609e-01
-2.931697280740615e-01
8.017510383933596e-01
-1.121103571378867e-01
7.534851296078782e-01
-1.523417433789631e-01
1.771262667948241e-01
8.590932027202824e-01
-2.332954908483572e-01
1.578572577274806e-01
7.989890502776428e-01
-1.201984880449244e-02
-4.309808694765370e-01
-7.624211605835830e-02
6.873057582827637e-01
4.294483761737675e-01
-4.099620263150899e-01
3.138123883893809e-02
6.550425852732803e-01
7.376070111268026e-01
3.520142173869873e-01
5.349345210518523e-02
7.352583143729668e-01
-4.721359427309595e-01
4.214212632325458e-01
-7.739099530072903e-02
9.323480901044066e-01
-3.450325521526836e-01
-4.460052680495855e-01
5.052917312069338e-01
6.357407580430957e-01
8.710900046373276e-01
8.241419442554085e-03
-4.175013056477179e-01
4.548753597179265e-01
-3.293238806696237e-01
6.366752259582882e-01
1.525529725886493e-01
7.631265675437108e-01
-3.056599694179604e-01
7.398186851925316e-01
5.162642605521923e-01
3.231985540605091e-01
1.144253237521845e-02
-2.653641306258022e-03
8.585544349227587e-01
-1.869403493336168e-01
8.935664452829124e-01
1.178807900756146e-01
8.104942294412466e-01
-2.217801444546716e-01
1.062194374087285e-01
-5.325925138968222e-01
-4.965463049697159e-42
4.432322408411101e-01
-2.905744529290693e-42
-3.735108263947532e-01
1.702192405971869e-01
2.419539019434994e-02
-1.292039675267205e-42
9.224965885345712e-03
-1.236698439433850e-01
-3.163400679898780e-01
-3.141977318874427e-41
-8.996567524859549e-02
2.765198001164796e-01
4.294325550446523e-42
-4.521967022685594e-02
-3.096518081504188e-42
5.696015758018066e-01
1.709561754540983e-42
-1.710517440051402e-02
1.538398101437124e-01
3.066060784830556e-01
1.565831146193099e-01
-2.002211878134552e-42
-1.977144182077382e-01
-3.056704687505336e-41
-3.036969699246931e-01
1.583049715679896e-02
-1.492555176940306e-02
-5.192282600378554e-42
-4.766607470591885e-01
-1.075515771864614e-01
4.732281017125697e-43
-1.657461833811396e-01
-1.101620841857604e-43
1.834667230718576e-01
4.584440937355297e-01
-2.910538834059700e-42
-1.283430289084465e-01
-4.904307626474124e-01
1.652310003304400e-01
-9.255765609951432e-42
5.639885712242538e-01
1.934645720841227e-01
1.521981555640188e-45
1.656859767946443e-01
3.423038872805326e-01
-7.605702900959173e-42
4.169684579259743e-42
2.204403812440821e-01
-2.721609926210541e-01
2.521249906590470e-01
1.415324668007165e-41
-9.569638527503921e-02
-2.129889709892964e-01
-1.585739320707573e-01
8.558959205648597e-42
-1.714709145999839e-41
-1.776256031719978e-01
-3.143225489296713e-01
2.444693457868169e-01
-4.583460645050424e-02
2.826801653438208e-41
8.835326448656660e-43
-1.299876496660679e-01
5.107071808528327e-01
1.339967916216266e-41
3.889348357492886e-02
9.714596788502686e-02
-6.247643192938865e-01
2.328924727513358e-01
1.808215435038042e-41
-3.713393381142266e-01
1.101617333384527e-42
3.657779118812231e-01
-3.142646780559847e-41
-1.369074074899685e-01
-4.913132487120140e-01
1.799283165578028e-01
-5.599438632433086e-02
-1.583937995200930e-42
-4.577681204894048e-02
1.505701718315624e-41
-6.236146782288203e-01
-1.497000062043470e-03
5.885363280532748e-43
3.705017148605994e-01
5.136142655159991e-02
3.665212564154033e-01
4.366046188973077e-41
-1.451180306363784e-01
4.724285864691145e-42
-4.874615964184099e-01
1.131131750308529e-43
4.997411993758535e-01
3.576830607420058e-01
-2.268142288796060e-42
3.394439023947850e-01
-2.595977779168987e-01
-6.123631916595373e-43
3.621485331977726e-01
2.111301750558114e-01
4.575791426264193e-01
5.518511652710134e-43
3.577615893374866e-01
-1.063355533619927e-01
6.249466508416982e-01
-1.249505655665350e-42
-3.050034706688965e-41
-3.583830540421404e-01
-4.480200051909626e-01
-7.782041032244961e-43
-4.711133592439598e-02
2.380493722946479e-01
3.938406368999021e-02
-1.543122723372518e-41
6.433588584372464e-02
1.167217043435627e-01
-3.577279686351647e-01
-4.595799592948118e-42
2.914059381587498e-43
-2.540097447790362e-01
4.802074724796067e-02
-1.024116301675512e-01
-5.184502901914260e-01
-1.362691445997196e-42
-4.864101372823984e-01
-1.338467471299116e-42
-2.536584197452376e-01
2.812014949465223e-43
2.781115931065030e-01
-6.584954631165721e-02
3.365761953529326e-01
-3.866041562591730e-01
-2.771436641863703e-42
-3.829263128864508e-01
-3.949497539613829e-42
7.787086673347386e-02
1.091129685988485e-41
-5.315526464336526e-01
-9.049130016673330e-03
