1.145820632139287e-01
8.471226577401073e-01
2.995439319410604e-01
6.192748157704452e-01
-5.933517887914284e-01
3.814360653745520e-01
7.634696728094078e-01
3.496711174979208e-01
-5.350527417205697e-02
6.000617868499148e-01
-1.674494917489236e-01
2.674841041459763e-01
2.190366406979529e-02
5.254748718491819e-04
9.782337208982048e-01
8.381107924900019e-01
-4.507950719830909e-01
-7.989020310956860e-02
4.225461238449553e-02
9.121713138824129e-01
1.025103173305395e-01
1.571147609133987e-01
8.526593124530442e-01
1.258559655586651e-01
-4.150102279206384e-01
-3.311228311661136e-01
8.431786209887566e-01
8.907074295275798e-01
1.356788418226653e-01
9.070428007224474e-02
1.017211646845994e-01
-2.671735796406282e-01
8.061110210175779e-01
8.007093698344859e-01
1.128632325932003e-02
-5.091650992236862e-01
3.259893189350738e-01
-2.597890480028366e-01
6.925535307319293e-01
1.770272803422709e-01
4.546072486688176e-01
8.136372416654215e-01
-4.243506476688892e-01
7.347824240805769e-01
-3.883620493566113e-01
9.146254325789197e-01
-4.590923686262184e-02
2.717720041656014e-01
5.960178296854137e-01
7.992845054201110e-01
-5.682137346140074e-02
-2.184564493704759e-01
9.533901114434622e-01
-1.344371910942437e-01
-2.604702587759513e-01
7.082702464972529e-02
6.771861280997195e-01
7.914991671019029e-01
3.742116497212566e-01
-2.920112713557544e-01
5.019886514545938e-01
6.319541113452448e-01
8.319221431970290e-02
-3.527549787895908e-02
8.433114888081082e-02
9.010644870364032e-01
1.768055739206376e-01
-5.435554372747224e-01
8.163664874634462e-01
-1.397792316133704e-01
7.494296000513597e-01
6.081536775071013e-01
-2.735272138537512e-01
-5.924695467817652e-02
7.617602163786295e-01
2.506966521789897e-01
7.766129117879926e-01
-3.683321001636300e-01
1.785224495749754e-01
7.998755341847356e-01
-4.756951407688488e-01
8.066370567822230e-01
-2.851940255797613e-01
4.218759023105370e-01
1.635406420511772e-01
2.040102803398479e-01
8.308784793620237e-01
7.376124866232927e-01
-1.404244746458180e-01
-3.352118061003196e-01
4.572372738001242e-02
8.585849272884635e-01
2.601699021800368e-02
7.591688624359091e-01
4.002108981353777e-01
-3.477190817757957e-01
-1.757449091017088e-01
6.053182855383132e-01
-3.647705843552237e-01
4.721013442910684e-01
3.674757794879556e-01
7.004192110052587e-01
6.580128733142516e-03
6.221709765301361e-01
-2.363149769353107e-01
7.533182173222132e-02
6.421049224763983e-01
2.496922225215747e-01
-4.938098917973269e-01
2.891840176153954e-01
8.154418667887903e-01
6.686659693340731e-01
4.968770698107230e-01
5.041956871011050e-01
-2.308246205365532e-01
6.685667216881312e-01
4.857126992684243e-01
-5.660762122296215e-01
7.283398284931853e-01
1.202832729154686e-01
8.936249395781259e-01
2.840059590179462e-01
1.524562832744388e-01
5.401119652339993e-01
-3.246381173781347e-03
8.303975454198470e-01
-4.946076128701976e-01
7.035256555447078e-01
3.394845221290788e-01
7.329802194971563e-01
-1.865761244309504e-01
2.675977428726158e-01
8.918762727435289e-01
-1.952933977810619e-01
-2.647350785543231e-01
7.503101720106742e-01
-1.127367984216804e-01
-1.328802883831998e-01
2.503186744569889e-01
7.033625578756002e-01
-5.032415609543510e-01
4.324355679945793e-02
-2.928961652255492e-01
7.449396581142490e-01
-9.339207758710291e-02
1.767006969367239e-50
-4.132862279513200e-01
2.189924926106389e-51
5.075814476834511e-02
3.411194747617756e-01
2.263578888061623e-49
3.877583039427600e-01
3.763307742495405e-01
-5.447463822902449e-51
5.417595124285195e-01
4.968253258419422e-01
1.152341965196595e-01
-1.711719037301341e-01
2.299165096613545e-47
-1.406810641544382e-50
2.889072029906902e-01
6.711397838564659e-02
-3.968813709248518e-02
2.705658427720008e-49
3.925232839936876e-01
4.791928436119818e-01
7.219269146499718e-49
5.311820172583557e-02
-4.905564966078212e-02
6.904735871599108e-02
-3.687196136228796e-53
5.610672482311496e-50
3.769359934725872e-01
-1.947396140168743e-01
-5.020258034452673e-01
-1.281647278558083e-01
2.080635813330975e-47
5.924867302062474e-50
3.102457410780270e-01
-5.688238604371015e-02
9.986878080135411e-02
-5.802037988241858e-01
-2.170667863565186e-50
-2.685393538196864e-01
-1.669570181141742e-01
-3.001170391698874e-51
-3.255776233066159e-01
-2.088843484625811e-48
1.523005151232715e-01
-2.142246145259042e-46
4.399112988205377e-02
2.925019970769916e-01
-4.827272040916641e-02
-1.866387980647745e-49
-1.865749379408280e-02
7.890625851732326e-02
4.812531815032552e-49
-1.379293991422949e-01
4.197140491502706e-01
-5.407382377154872e-01
-6.019414719091658e-49
0.000000000000000e+00
-2.153043379444852e-01
3.191679325267067e-01
2.754001512332745e-01
-6.265120269851858e-48
5.156308826495118e-01
-2.343084231503358e-01
3.533075850027298e-01
0.000000000000000e+00
2.350257336658318e-02
7.925063300329263e-02
-2.717887467697208e-49
2.030360991708536e-01
4.042272003065549e-47
8.799140835619491e-02
-2.578853023086672e-01
-5.242987747827738e-01
1.546336201981522e-48
3.434264436638901e-02
1.419897608249403e-47
-4.440446155482530e-01
2.614223699409846e-01
3.406043887695238e-50
1.835792536039368e-01
3.027138263854357e-46
-8.350119071234269e-02
-2.881827555538580e-01
3.539562643772642e-01
3.405733098090464e-01
3.405457619212008e-52
2.679754440719586e-44
8.999428777245894e-02
5.619100103371876e-01
-5.094127661896234e-01
7.230349301856150e-48
-2.372790025633711e-02
-2.526557723106302e-49
-4.131507451977061e-02
-3.753376880994840e-01
4.979701035069990e-01
-8.208715729425860e-49
-4.708202384351875e-01
2.783222603715771e-01
-2.720873397361815e-01
1.676660292939855e-46
-5.044246959035377e-01
-4.302345742243044e-48
-5.500644832272662e-01
4.917670844612465e-01
2.355763239757384e-48
-5.271103431149922e-01
8.280988918676178e-02
2.686035851995501e-02
3.137439996821101e-46
-1.616353717476767e-51
2.271206858875795e-01
-1.420922592664482e-02
-4.336297622301450e-01
-3.193688855592338e-49
2.752942721579044e-01
3.079006921467198e-01
2.900313911374400e-52
1.995192076232158e-01
6.715015297939085e-49
-2.842826883961402e-01
-1.292885044181987e-01
-1.005340616390319e-01
9.274343659469496e-02
-1.126917696978305e-46
5.936251106219605e-02
2.315423011254078e-48
-3.763526442001114e-01
4.190625547811440e-49
-5.448450894485164e-01
2.438536941109292e-01
7.272023748086848e-50
-3.058977626356037e-01
5.252713486957981e-02
-1.400317264340496e-48
-2.717317060224270e-01
-5.769140048224526e-01
-3.832983178438889e-01
-3.923172090508755e-49
2.060388416368682e-01
5.978341151833089e-01
1.052465256428072e-03
-1.355950341485949e-49
