1.414582062118202e-01
6.385768355952243e-01
1.510850000006534e-01
-3.357698032285397e-01
6.418107430017321e-01
5.206870317738753e-01
-7.725400460739063e-02
2.929557479568091e-02
4.781504366418000e-02
8.990172479845243e-01
-3.259540996794066e-01
1.605667620105591e-01
2.764059189376621e-01
2.009725512509136e-01
-2.225154836713513e-02
7.150318084204154e-01
6.986062432893054e-01
2.014255327599286e-01
6.277286186852419e-01
-1.639873490694939e-01
6.834037172132008e-01
-5.735896164943031e-01
1.979843074365933e-01
-1.275955646214026e-01
1.123396240730391e-01
-1.134931911389393e-01
-1.218370613193094e-01
7.140257168025632e-01
2.441750740420439e-01
5.819061867527775e-01
-1.686708416452304e-01
4.229261487899499e-01
1.265247680617567e-01
7.953804309150974e-01
5.219007253549192e-01
2.004485257121741e-01
6.159261974560953e-01
-3.574531345089217e-01
3.514410461735176e-01
-1.861671623912811e-01
-2.739808473777159e-01
-4.237090715549106e-01
4.543992020502207e-01
6.520765341599003e-01
3.274530431280034e-01
1.434420617972817e-01
5.397497009755464e-01
7.271519295435462e-01
5.612057041735649e-01
-2.141773886537534e-02
-3.155847301840757e-01
-5.248077931583326e-01
-2.099192344574268e-01
1.182622419134981e-01
8.066403665303570e-01
1.315075345255186e-01
6.896548094202719e-01
4.231642869742043e-01
5.093660126633474e-02
8.730126501743167e-02
1.365460451403928e-01
-4.010770002473829e-01
8.360786294036000e-01
-1.064126905311868e-01
4.624697853581266e-01
-5.134714602259705e-01
-3.294581257904303e-02
6.447923510650079e-01
-2.170834764090751e-02
7.466317282628451e-01
1.387985923574133e-01
-2.417880515042289e-01
7.264460717107234e-01
-2.441054118633264e-01
-1.984401608044678e-01
1.438341563592379e-01
-1.165234115492783e-01
5.004973253964188e-02
4.011481469944676e-02
6.994110519985184e-01
8.952358410632302e-01
9.859133929078386e-04
-1.868038906672597e-01
7.099247187270677e-03
6.802378302144004e-01
-1.862310768281438e-01
-4.858400088250915e-01
-1.709967364025284e-01
-1.678126742590606e-01
3.029405288134891e-01
7.596980653870740e-01
-4.963435159665234e-01
-3.397347512477492e-02
6.419618001841917e-01
-1.049533155821248e-01
-4.047858501935422e-01
-7.537147548901345e-02
-1.557955883967736e-01
7.898093008250887e-01
6.762868686448194e-02
-2.796873903715981e-01
2.122042387247544e-01
-3.505089722727179e-01
8.547164415598202e-01
4.846208641978905e-01
2.165983634195648e-46
6.977718055449982e-02
-4.437509729669885e-01
1.047923625890838e-48
-1.092332316538956e-01
-2.351203653424600e-02
5.455757128209122e-01
2.255759956611905e-01
1.329040016657669e-48
-7.247729452210239e-02
3.628307078481764e-02
2.427329726685125e-01
-4.798793728063139e-01
-2.867763496119352e-01
-7.663864012003101e-46
-1.390977547423843e-47
8.423171505107893e-03
1.910105351587202e-01
1.178389912483813e-01
-1.130931578337441e-47
2.237723489937654e-01
1.328292671631703e-01
2.841799054430195e-01
4.960339297788810e-01
2.721972466698225e-01
3.601126352620486e-01
-1.005722950843094e-45
-4.701021456104597e-01
8.545642827870196e-46
1.928729628509742e-01
-3.691223859065227e-01
-3.285392915106126e-02
7.472799632617319e-48
1.762045745185345e-01
-8.169480923618998e-02
-8.396676257401108e-46
-3.528348965028338e-01
-3.038946034709644e-01
-3.432910724439590e-01
8.361137330184513e-02
-6.178455390868277e-02
3.208028738638170e-01
2.704989821005896e-47
-1.602866205441767e-01
1.263979340887164e-01
-1.022299987483731e-01
-1.642954710358127e-45
-1.033876316119804e-46
3.504413225185747e-01
4.150133741000889e-01
1.205291465553660e-01
-1.642415365579299e-01
4.968877040968041e-01
3.987824095850015e-47
1.060055544247949e-02
3.867569380334087e-47
-1.523151595310377e-01
-5.127535945069205e-01
-2.213052763676445e-01
3.173562127835862e-01
-7.968620539675375e-03
-3.306976108962870e-48
9.676165290002177e-02
-2.090714096215666e-01
-1.440610745252576e-02
2.484104755293175e-01
9.541816965030381e-47
-3.506373481057617e-01
4.460477194824182e-46
-3.347642060338834e-01
3.596243531453204e-01
3.076706356516075e-46
3.710474942065559e-01
-2.468800824769370e-01
-3.924230787793118e-01
2.976909874692289e-01
3.664864421550396e-01
-5.198077187900532e-01
4.999902167908861e-48
-5.772012030520154e-46
-2.662417697496249e-01
2.783916811516896e-01
-1.233657808213651e-01
9.346638125425663e-46
1.056938034857957e-02
-3.539065922842349e-01
3.345930281251558e-01
-2.782529709866769e-02
-1.550149648439672e-01
3.820446746885465e-45
1.782246320830751e-01
2.037162931253876e-01
1.138070411374890e-45
5.609779100613497e-01
2.359396606382233e-01
-3.428443221509758e-01
-2.547088530165685e-01
-3.292090054621244e-47
-3.990685095640905e-01
-1.241726776691176e-01
-6.895936660817772e-02
5.633241957784958e-02
-4.547972947812254e-48
