-1.982258213678262e-01
2.224524271529011e-01
-1.426755320582270e-01
7.689352359819217e-01
1.939019019350365e-01
-3.118392991806520e-01
-1.513914151718878e-01
7.783529876306309e-01
3.887292804599515e-01
1.588347173916194e-01
7.062488945235810e-01
-3.060322786408314e-01
-9.660763289608001e-02
7.504715417835603e-01
-1.824553516677128e-01
-4.449948595065884e-01
-4.745541571581513e-01
-3.755684634878112e-01
-2.521927980613014e-01
6.718720825590330e-01
-1.559885535446644e-01
2.119753393380932e-01
-2.509691161068436e-01
8.155527360358577e-01
-2.399510867191795e-01
1.827234492563746e-01
6.659172473380292e-01
1.847303425240578e-01
4.589559919041739e-01
7.828694599381367e-01
-1.637777751293654e-01
-1.148991317561440e-01
3.615220733433893e-01
6.889762959767874e-01
-5.562886297227299e-02
6.281073488952613e-02
-3.818322888841419e-01
1.040686243511743e-01
6.457265529849915e-01
1.704755652902865e-01
-7.052325727914194e-02
-5.057952236318801e-01
8.552891955840587e-01
-2.735636095398496e-02
7.253900795103757e-01
-1.415072589163000e-01
2.216192265284827e-01
-1.147396851065100e-01
6.441497852371098e-01
1.514923462472421e-01
-3.795616182557054e-01
-2.208363833142646e-01
8.377230250797087e-01
-1.483393356914352e-01
-7.602705823557356e-02
2.598351310086606e-02
-3.155606508494194e-01
2.899559044948951e-01
7.641316548173716e-01
8.253199714758974e-02
2.812838954628852e-01
2.160001747638064e-01
8.108360732636529e-01
1.661188682946174e-01
-2.353017386844089e-01
-2.250505633219696e-01
5.392511727214148e-01
7.743586458519969e-01
1.807375317986867e-01
5.107471378550162e-01
3.497571564984611e-01
6.998862417137550e-01
-2.576204540164098e-02
3.608577875912062e-02
4.130177857732242e-02
7.151374677339668e-01
-3.380474739141295e-01
8.688192989051889e-01
-1.489592692908878e-01
2.495718896158118e-01
4.529667686394808e-01
-1.329248983454188e-01
6.064842687275038e-01
-3.336331146955976e-01
3.590146169197234e-02
8.320725947229193e-01
4.824180255547563e-01
-5.542451333197676e-02
7.285949408777209e-01
1.273256014391701e-01
-1.887839956735162e-01
4.134370034824055e-01
3.419522410660987e-01
6.934816601271392e-01
-1.372285459004963e-01
3.807566692758669e-01
8.227821794155969e-01
-8.580490604103613e-02
-7.588823882066491e-03
-4.106191991777039e-01
1.827383800465172e-01
1.037988877069912e-01
7.416532119075639e-01
1.000094215915704e-01
6.431917923723329e-01
-3.673550307049638e-01
4.140168797891625e-01
3.344908974512640e-01
4.242719008117814e-01
-2.756031111656566e-01
-3.183640672826545e-01
6.744367359571087e-01
-4.160355928126915e-02
-2.371905169098202e-01
4.915420016207611e-01
-7.228952312520581e-48
4.103220109703952e-01
2.026538910221373e-01
1.642340334340545e-01
-1.067678123264194e-47
-1.303328397006846e-01
-4.211830170054451e-01
3.175455201637995e-50
-1.919271725422943e-01
1.930664279397285e-01
3.525511037300516e-47
-3.152376777193252e-01
2.439254206688296e-01
-2.207122995826876e-01
-2.417411680328261e-01
-1.076135072013169e-01
-1.453576553745328e-46
-5.913098565467619e-03
2.913049694890823e-01
-3.431161817764358e-01
2.905005178868762e-47
-4.410018242714673e-01
7.200476828777612e-02
8.109548835056824e-46
-4.814532600947736e-01
1.433828072083328e-01
1.850285016615273e-46
-2.328681755040258e-02
-3.396305799132605e-01
6.482584773526828e-02
-1.090069558984143e-45
4.555313024157266e-01
4.193596752663387e-01
-1.423067852227933e-01
5.696693707588496e-01
-1.389178047412936e-46
2.292917615157590e-01
2.023217842693160e-02
-6.940921036416593e-02
-6.676438036746653e-48
4.126383209506367e-02
3.108365136168953e-48
-3.715990138027372e-01
3.534640614902768e-01
3.584438331065737e-01
4.909654549170470e-50
2.172365862943589e-01
5.110715873193938e-01
-2.467782226398538e-01
-1.109241584419839e-49
4.769816537439796e-01
-6.678551654406524e-02
1.943926824047350e-01
3.439298118877891e-01
-3.215150043083708e-01
6.410499664427314e-48
-6.307708883859563e-02
5.421259046407917e-03
1.525670117830313e-02
-3.116918453056338e-48
4.346383802261751e-01
9.656429402538306e-03
3.643499704805851e-02
-4.627569982939860e-02
-1.028774083396747e-45
2.286367714079521e-01
1.693408666009095e-01
1.155395324948772e-01
5.246502392331740e-46
3.199934128689347e-01
-5.577996765380625e-01
-2.671524573946408e-01
7.376994502330875e-47
1.457299101652993e-01
2.362100410986336e-48
1.558727230269891e-01
-2.946908100798649e-02
-3.544442664824829e-01
4.137484157599841e-01
1.003966320520931e-47
-3.463184786499972e-02
-2.550724130636495e-01
-1.712561229924529e-46
-7.276198903089326e-02
-1.452622274948726e-02
-1.593099686057610e-48
-3.641366618297120e-01
2.454774143692640e-01
-2.313295939145482e-01
-1.504309124340159e-01
9.243040014854556e-47
-3.811348274234019e-01
2.654266768777512e-01
1.414786820068000e-46
-1.748672860850715e-01
-1.415066475938940e-01
-3.104812189137001e-01
3.887948197797325e-01
3.916075275681717e-01
-3.962105445556573e-47
-3.020980580759642e-01
-1.996396647386880e-48
3.441403949948994e-02
-3.146553271663911e-01
-2.605151845548623e-01
-4.003524697291633e-01
2.471540571030100e-02
-1.640814975994244e-01
-2.253694692540061e-48
