6.133508583234435e-01
-1.199114842072651e-01
2.331428370037184e-01
5.285710264940904e-01
-3.830058648233971e-01
-1.046910579930527e-01
-1.701176440966870e-01
6.169093046294563e-01
2.750732369415461e-01
6.757911244313016e-01
-4.177688538024739e-01
-9.293194955526184e-02
8.816709243653074e-01
-1.891477066246071e-01
-2.751114120237658e-01
1.071746858523684e-01
7.937149174714803e-01
4.833160686777073e-01
-9.247668213204763e-02
-1.235507758028791e-01
-1.588877054580836e-02
1.504470698205032e-01
8.725480834241520e-01
-2.831081945760590e-01
7.947956617506122e-01
-1.191301188239706e-01
2.678406658274676e-02
1.801957033257459e-02
3.543365404812625e-01
8.317939532898408e-02
2.026521010553888e-01
6.179405141498167e-01
2.450151947747952e-01
6.805394314544564e-01
3.170692490075706e-03
-2.359509149922314e-01
6.289024702789752e-01
3.016264448655444e-01
2.577821067905707e-01
2.329635227658088e-01
-5.071523114804227e-01
6.212596484383878e-01
-1.853884963481424e-01
-3.112545020854021e-01
5.457704684109063e-01
3.456474621089027e-01
6.168519441828723e-01
-2.605729333631245e-01
-2.081042814135787e-01
1.798950954271246e-01
7.741954301515874e-01
-1.682847835504901e-01
-2.891233259753220e-01
8.072620737888493e-01
6.418051096416014e-02
2.055266528423677e-01
1.496879467125162e-01
9.410325088474135e-01
-1.134046047751428e-01
-6.345998671058067e-02
6.480914508507359e-01
1.072171677749224e-01
3.176340777158205e-01
-4.947559090476777e-01
-4.224924845296319e-01
-2.717394803278289e-01
6.035398616414697e-01
-3.461151061837783e-01
8.082594694234896e-01
-2.256595661298152e-02
4.807618599651311e-01
2.022074723484437e-01
7.038752411355642e-01
8.897893357086939e-02
-2.229420805270502e-01
2.556963351722947e-01
-3.934895558796075e-01
-3.517804673162904e-01
6.566081132873355e-01
-3.184492370465573e-01
-4.352317266239906e-01
6.107660961329722e-01
-3.853897951503342e-01
3.935647557626935e-01
2.478320954028485e-01
-3.271731784707820e-02
-2.475141455981509e-01
9.192711984170192e-01
-9.970408853083838e-02
6.095012561524024e-01
-2.304468875681841e-01
-4.590586030438535e-01
-1.845235534001737e-01
2.408382445547572e-01
-1.970761599583178e-01
6.614984467084756e-01
-2.887172317418283e-01
2.044136985849220e-01
1.174795415958252e-02
7.731128087124528e-01
-1.529235949615508e-01
7.006214601944729e-01
-1.271150209663274e-01
1.472443706481201e-01
9.751193759807085e-02
-3.569253203081420e-02
5.275027376624168e-01
7.069209855147891e-01
1.414941385141423e-02
-3.645292441440932e-02
6.893202442533635e-01
7.515067962740153e-02
1.298443464867716e-01
7.211096186835940e-01
2.810272857687663e-01
-8.447775003814005e-02
-1.852194156192372e-02
3.764039990751525e-01
7.249775469823673e-01
3.383431008089140e-01
-4.299776022813450e-01
6.588372043263224e-01
-6.187427526138451e-02
-4.259544117797194e-01
-5.614553364755720e-01
-6.994573381562590e-02
7.479904512605309e-01
3.215602621148680e-01
7.455084373516477e-01
3.631031710935726e-01
-3.653746297447397e-02
-1.131608006934801e-01
7.146378920139371e-02
2.632412737374045e-01
7.389935375689585e-01
-2.054493256720858e-02
-2.861671840103935e-01
-5.552964640829516e-01
8.194237590630125e-02
6.855281879804036e-01
-2.588826336427594e-01
3.445618290215360e-01
2.552504438115621e-01
7.477335584017796e-01
-3.620514826457194e-01
7.100571438331863e-01
4.850962990443306e-01
-2.212193795558349e-02
-5.553916368119256e-02
-1.176119576621890e-01
3.136477882252318e-01
7.754958821352896e-01
-1.450161593062833e-01
3.477170873092993e-01
-4.497246308448739e-01
6.381550571037375e-01
2.139670971478266e-01
-3.594798475098486e-01
8.809342381347521e-01
1.566393988469847e-01
3.629383465279338e-01
6.672977737192909e-01
7.684692649870457e-02
6.380919701024874e-01
-1.299108629643277e-46
4.303868307778468e-01
2.421094155041060e-01
1.784075527302821e-01
-2.397971904582464e-01
-4.048869774429744e-01
4.597749774196008e-01
8.113909758815249e-51
2.985180868530311e-01
3.023905909994662e-47
4.257586183929833e-01
-1.187032379023706e-01
4.770521284329081e-48
-1.273502098526203e-01
-4.971894958569970e-02
2.846344567981893e-01
1.225371591358953e-45
-2.143551190335441e-01
-1.476906697067576e-01
-2.117659690016482e-01
-4.909839200257619e-02
-1.519315093213352e-01
3.895659691027156e-47
3.318568709666764e-01
6.003761711027300e-48
4.417151664693861e-01
-3.421820567467045e-01
-2.021507641965052e-01
4.659349750853506e-01
-3.066406053083687e-01
-3.653554287962655e-01
-3.474900861031086e-47
4.356415766422043e-01
9.158579078900732e-48
7.581767932689184e-04
4.810058116667836e-01
-5.745518162722879e-46
6.104480400181111e-02
-5.370675362381343e-01
3.171932321746721e-01
-3.573226803796807e-03
2.144470078951028e-47
-2.732017125155469e-01
3.885006806485666e-01
-1.525373178764571e-01
2.944365556630778e-01
-4.965363018456715e-48
-1.558760226875255e-01
-1.689772856265686e-01
1.677753878574695e-01
4.173468066293284e-46
-4.898266289493865e-01
4.611845834291426e-01
3.649445447252815e-47
-4.610489038703581e-02
-5.965251606239285e-02
-1.826157613800293e-01
6.431627649584181e-47
-2.042867749588933e-01
9.053114177272874e-03
-2.195649752834841e-46
-2.771738393163280e-01
-5.243646121507492e-02
3.784603198994910e-01
1.401179694747782e-01
-4.554881687090805e-01
7.280594485075118e-46
-1.910476558993623e-01
-2.319718525091890e-46
-2.600807124486699e-01
5.424967671512394e-02
-6.002145788981159e-02
9.040410934638649e-48
1.798834933812577e-01
3.465230853152585e-01
-4.786671989589628e-01
-5.737721752136617e-02
4.205306426790322e-01
-4.051962264740171e-47
9.345680657704326e-02
-2.472050355566130e-01
-3.567696617538629e-46
-1.326500118299752e-01
-2.354001986549396e-01
-1.662380026087233e-01
3.271894864126181e-02
-4.980399561635718e-02
8.494899531140215e-49
3.129778854845479e-01
-4.084273242795289e-50
-3.267254459394164e-01
-3.873268266383723e-01
2.545771818637753e-03
-5.621675251666087e-01
-3.398381718886386e-01
-6.863731353435959e-49
2.524193575478281e-01
2.754066093846003e-01
-3.707447072398946e-01
-2.662343733913415e-48
-4.380266835553442e-02
1.079402825518193e-47
4.786695575450925e-01
4.656840036985273e-01
-2.695915921274569e-01
-1.520795986943695e-01
-3.397252070360638e-01
-1.338777120561744e-47
-6.611991164792057e-01
2.391802135814301e-01
-4.593213509089079e-48
1.525434639752914e-01
2.663834879276007e-02
-4.432161628160884e-48
2.307243262472737e-01
-5.684058599105883e-01
7.059216388962546e-02
4.549439804216540e-01
3.537533185173725e-47
7.714396115659394e-02
1.139816241579467e-01
-1.253869725664911e-45
4.014761924845984e-01
-1.470111189690055e-01
7.820829130032858e-02
-6.051368052458665e-02
-1.236939180638706e-45
8.489016289907768e-02
1.821897058288215e-46
3.574368513879040e-01
2.538151925031572e-01
3.256526512859710e-01
5.135897841528612e-01
-2.322441768032109e-01
1.768280702814793e-47
-2.476925347402084e-01
2.064278060089964e-01
-1.700467579272835e-01
-2.481176964918056e-01
-2.167249730442877e-46
-3.119438152414452e-01
1.469276806181689e-01
2.666495403223346e-01
3.164593846771778e-46
-3.255191991981403e-01
1.372824361033505e-47
1.481041545953488e-01
3.212767132979515e-02
3.937745549799377e-01
1.516783375985601e-01
3.244215039093116e-01
-1.544850596654583e-45
3.149806194478334e-01
-2.500499396989289e-02
3.856565569083248e-01
1.913071386330792e-47
8.260142572201731e-02
9.862717060862013e-02
9.901728499757293e-46
-8.866212872278637e-02
8.241273751888305e-02
-2.358409848457539e-48
5.535941530695852e-02
8.130265604020656e-03
