1.591229661997021e-01
-4.211245954353960e-02
6.823956856855142e-01
3.571200728558409e-01
1.059511442269874e-01
2.812035287210471e-01
-5.809368124077322e-02
7.924379587341539e-01
-3.027436478494605e-01
3.718748604617915e-01
-1.086722777117572e-01
3.654568130247963e-01
6.231589435476654e-01
3.674060935348742e-01
-8.866792350981412e-02
6.563491610727339e-01
6.840981214911493e-02
-5.363207133215039e-01
5.454369934951027e-02
-2.103669432711404e-01
-3.735889445668898e-01
7.886274155808819e-01
-1.995781417040962e-01
7.628712476448507e-02
-2.521401149972933e-01
-3.255737269499009e-01
-3.052988480028391e-01
5.928300903324371e-01
1.631558306784547e-01
1.324411842800381e-01
-1.204032910945565e-01
8.544445817746033e-02
5.933643952711265e-01
-1.287565452629882e-01
-2.077687430857632e-01
2.491475974625583e-01
1.867146579940804e-01
1.158108343596557e-01
-9.018842134244079e-02
6.622051765681988e-01
1.315264080995210e-01
4.672826834201099e-01
-3.593506548675539e-01
5.962147586091748e-01
1.889708203493561e-01
2.179963435343008e-01
-9.646058173300476e-02
-2.262158817765326e-01
3.230524598153110e-02
7.194643011578300e-01
-3.056314032123346e-02
-1.530402809239336e-01
1.635590070741904e-01
7.643925902031975e-01
-3.299560198108743e-03
-7.002369584533479e-02
6.535091968849031e-01
2.240175091064230e-01
1.690401736055947e-01
2.625229118316481e-02
-6.918583075387724e-02
2.470476283680193e-01
-1.074909799778243e-01
5.971192483572291e-01
2.954432689114860e-01
2.860536768159944e-01
3.888733539072766e-01
6.312033591474741e-01
-3.177696766231434e-01
-4.951973336114074e-01
-1.489191884211376e-01
-3.513713951665556e-01
2.726632212426564e-01
2.150495971865979e-01
8.296892717309536e-01
2.718815347358084e-02
-2.711399238046821e-01
6.158190797266757e-01
-5.203743488253090e-02
-2.638834254140584e-01
-1.217240029419390e-01
2.195468356765327e-01
-4.011660934779459e-01
-2.868878856090207e-01
6.431139101861647e-01
4.109033986564206e-01
6.507414208469761e-01
5.125534863210900e-02
-3.701067464708067e-01
-7.626226473563245e-02
7.516228153654279e-01
1.355520230898413e-01
-1.060604940847313e-01
-2.659097071687551e-01
1.207984500531391e-01
-7.883372831498765e-02
-2.816475754899981e-02
-3.142905260004154e-02
7.807561131637669e-01
3.932568965664993e-01
6.551776435414514e-01
-1.085229347314850e-01
2.352390915617319e-01
3.339724829768421e-01
2.620160053982880e-01
3.752425833801004e-01
7.300627049130606e-02
9.796753324208636e-02
1.927564337419149e-01
6.515529363341551e-01
3.146514136797398e-01
5.021996623557219e-01
1.822904461845493e-01
3.365978484737454e-01
3.020708016218882e-01
7.193860122501970e-01
-1.290163882516665e-01
-3.480270198740758e-02
-2.326551316222024e-01
-4.320715222383720e-01
-3.167761419261667e-01
6.529972893419934e-01
1.351765855458133e-01
-6.152520807833445e-02
6.202275175030814e-01
6.798984603576214e-02
7.328583527856292e-01
-3.993219273873082e-02
-5.246712094518433e-03
-2.137522939550718e-01
-1.735232455305484e-01
2.584923770382599e-01
1.447691445427280e-02
8.025612074922296e-01
-4.643857090653549e-01
1.015007145152423e-01
6.771035518254743e-01
2.638709301110519e-01
1.606213187909316e-01
-1.224672556523586e-01
3.509610041800648e-01
-3.485827934319803e-01
-3.262578557590092e-01
6.856372418870588e-01
-2.028299422295914e-01
8.148052729906163e-02
7.497948695620763e-01
-3.197376222340221e-01
-1.888622286132542e-01
6.640868511450261e-02
7.196605670075745e-01
-2.955501236686264e-01
3.763679166801470e-01
-1.271485458539232e-01
-1.625385325396672e-01
-1.859335764646734e-01
6.505733938444982e-02
6.833890440954542e-01
-1.781755775032220e-01
6.782464586629974e-02
2.302387320312881e-01
2.135050577976361e-01
4.602434175771332e-02
-1.376103132085424e-01
6.683552376862303e-01
6.715094910897585e-01
2.668315381427739e-01
2.061817288808015e-01
4.855692992479222e-01
-3.519478475050865e-01
2.444386571490324e-01
5.526576937686981e-02
1.030541103146779e-48
-5.170999252512456e-01
-1.956662057401505e-01
2.362658653604931e-02
-1.329391313173691e-01
-3.595238661679887e-48
-8.305948105476156e-03
2.033399518899477e-01
-3.392275100722062e-01
4.484812231051479e-01
2.878633150591017e-47
-7.859046711433569e-02
3.268293334798297e-02
-1.781500906629542e-46
2.018807378393355e-01
-2.520393393827583e-02
4.146425296408561e-01
1.278170758533218e-01
-3.499022739252729e-02
-8.127626386282545e-47
-7.566266496485198e-02
1.432237648602562e-01
-3.190769508230973e-01
2.597225463824430e-01
4.265238190324224e-01
-5.158170446269808e-47
3.019443304690499e-01
2.542392679010538e-01
5.721768440408159e-01
-3.013231545338196e-01
-5.976325209611801e-47
3.702649396555285e-01
1.053412458658041e-01
-4.021181915695217e-01
-3.286110896753133e-01
5.071389043301911e-02
-4.132131746013873e-01
-3.513427640205651e-47
7.086423514909486e-02
-1.425115960336318e-01
3.280445251136537e-01
2.400387126865490e-47
-3.332990998834722e-01
-4.609395791984094e-01
5.288421585262954e-02
7.963124681261716e-02
3.895171937464804e-01
-1.537347438831970e-49
1.022443013247242e-01
-8.150785312695176e-02
-4.204930547483386e-01
-6.266972557633108e-47
-4.131274169695638e-01
6.002360178444206e-01
4.842773221802601e-48
1.267699928876766e-01
-3.234472762361287e-01
8.719378083755716e-02
4.092156142673876e-01
-3.873268248934654e-01
-2.945939445386651e-01
-9.293286251972946e-45
2.729895182220272e-01
-1.167558039463796e-01
1.796510134353491e-02
2.909151976053262e-46
-8.116664330485765e-02
4.233762863045017e-02
1.221912914676563e-01
-1.212817064830530e-01
-7.110081300965428e-02
-1.033928393850811e-01
-1.634498206857318e-48
-4.198004908195025e-01
-3.301797285338706e-01
2.203554481621950e-47
3.527807688958587e-01
-2.538957937960357e-01
-1.645688202021786e-01
1.354574946645816e-01
-4.576610939213728e-01
-1.589426084435944e-01
1.981330431488312e-47
2.240783031545422e-01
-4.190839415667128e-48
-1.245973156674259e-01
3.041462622222164e-01
-3.225390313707113e-01
2.772410282436091e-46
4.487446679596570e-01
-6.899565687707233e-02
-3.261975331465351e-01
8.719356530204361e-02
-1.813450569214103e-01
3.342297491071185e-01
-5.310684590009455e-02
5.779036018678339e-47
2.834734863891656e-01
-2.675413424505739e-48
-2.873288207958082e-01
3.268409714069597e-01
3.345187409683337e-01
1.488352493939579e-01
2.531165979142256e-01
4.632563623646622e-01
3.085798536900738e-01
9.323724260551770e-02
-3.013109012895839e-48
-3.871097766305805e-01
6.004837651654446e-49
-3.531092465129136e-01
3.429770142568103e-01
1.372659753723471e-01
-1.417395010627312e-46
-1.486250325687070e-01
3.996571160164524e-01
-1.246461127700716e-01
1.626690940491626e-01
-4.956846975274957e-02
-3.201500997547938e-48
2.403322682608390e-01
2.460097833003235e-02
-7.540120387378738e-02
-2.816678478556452e-01
3.005254800103141e-47
2.531073903287828e-01
-4.989919747974645e-01
1.363478857395129e-01
-1.377704767511959e-01
-2.981766332936198e-02
9.928544539326060e-02
4.417463330403697e-45
1.156538701834380e-01
-1.352604802851668e-02
-2.731729625083872e-47
5.474076743254452e-01
3.431934021990984e-01
5.642032740722291e-02
2.108765738978227e-01
-9.742665901196003e-02
2.840707074393553e-01
2.617985746596763e-46
5.455967527438809e-02
1.993266512801696e-02
-1.912186073585211e-48
-2.642729612634637e-01
1.087270621271232e-01
4.547508021865672e-01
-4.470504523955857e-47
1.923904916691962e-01
-1.091348493566133e-01
1.431435947031224e-01
-3.756139659030115e-01
4.828633297414168e-02
2.999721526269249e-01
-1.447379510016621e-46
2.192762215218131e-01
-5.634110573209170e-01
4.788017701531099e-01
-1.860987022719322e-01
-2.714695370147456e-01
3.099557756732444e-01
-6.893172283757497e-47
-1.083102238479554e-47
-1.442266947817882e-01
-1.218895797767123e-01
-1.932830943037341e-01
-5.199454663162344e-02
