1.949961379775390e-01
7.323580393494437e-01
7.456693505189821e-02
-2.648062580890450e-01
-1.128545758323626e-01
1.677021330781463e-02
6.687275738474697e-01
-1.628535679274500e-01
3.173137104592448e-01
3.734104531311770e-01
8.245879501271017e-01
8.376389494859117e-03
-2.615874621154190e-01
-1.300818846977958e-01
3.830725880267234e-01
6.863616958697171e-01
2.058357498706548e-01
-1.446070815262174e-01
1.369816560441272e-01
-1.413177357938994e-01
-3.577405628286964e-01
1.174016900133648e-01
2.525772468183342e-01
5.435272828954567e-02
6.571199141987122e-01
1.638712539997567e-02
8.574875964576547e-01
2.377273615314733e-01
-5.454919780623876e-02
-3.108126118357430e-02
6.139678332004870e-01
5.542367845553715e-02
4.842312109019473e-01
-1.005939554426773e-01
2.157088479177798e-01
7.726582335390546e-01
-3.121157961244593e-01
3.616063865485099e-02
3.145001516200354e-01
6.873930120210735e-02
2.576787264698325e-01
2.150895480884385e-01
2.713978931977616e-02
6.461117158155060e-01
5.342037860728092e-02
-3.498978192909897e-01
4.670028981983139e-01
-3.839934519470633e-01
-3.238735887644444e-02
5.457933876998377e-01
2.514548904400801e-01
3.412315268203961e-02
4.161557936374133e-01
7.703397770699200e-01
-8.804339117491487e-02
-7.591851676474176e-02
-1.845689868922858e-01
6.803034727648267e-01
-3.457191769333552e-01
4.469535053539638e-01
-1.052489190707138e-01
1.384337560026229e-01
-4.097723559785371e-01
2.521592273207726e-01
6.126788579388737e-01
2.948142770003079e-01
-1.010830096714148e-02
3.295340844220371e-02
6.548516784018104e-01
6.035389096032291e-01
7.116549659470658e-01
-1.314904084627014e-01
3.575623453069440e-01
-1.236536908002188e-01
-2.365476652736981e-01
2.244931292039805e-02
-1.834488946155633e-01
-2.001829515255530e-01
-3.050509603840383e-01
6.294427892393456e-01
-5.174163002601830e-01
5.830569643420321e-01
3.343176363997586e-01
-1.038950741248003e-01
3.505532062751907e-01
-2.838344685821144e-01
1.491045348064791e-01
7.405220772727921e-01
-3.818449484356965e-01
-2.696682912335595e-01
6.109939310264844e-01
4.416397650711270e-01
1.661475675734594e-01
4.902706400282432e-02
-2.724220853398186e-01
5.475021822598416e-01
3.906930526062635e-01
-2.139983676451873e-01
-1.341335227785282e-01
-4.363577091665086e-01
-1.486273245054213e-01
6.918785088542913e-01
-1.813696851110732e-01
-3.956565780076464e-01
2.078201701188827e-01
4.564803009009231e-01
4.239433258856174e-01
2.536312925810059e-01
6.169329364956134e-03
6.217225586187517e-01
2.107921534471393e-01
4.255477485828972e-01
6.429527070192550e-01
-2.740232104267046e-01
1.082311666223318e-01
-4.238611830013690e-01
-2.632981714332476e-01
-4.286788505008627e-01
5.862200774159174e-01
1.242547883418704e-01
3.630404303873943e-01
3.267484982619143e-01
-1.034061805523133e-01
5.788583262996426e-01
-2.284840622876241e-01
-1.070196452330208e-01
-1.836830923856509e-01
1.158607162828308e-01
1.850198918073671e-02
8.439103018315425e-01
-2.478598392926137e-02
-2.519416609929939e-01
-1.505590424150874e-01
6.454142031866904e-01
-5.113175888506039e-01
-1.194807094677057e-01
1.157931048337528e-01
1.395560023998404e-01
7.392022735848216e-01
-3.311467834247006e-01
-4.986463823138906e-02
3.958492528592766e-01
6.607816677532181e-01
1.304896146791239e-01
1.524155094131381e-01
-4.994908369286988e-01
1.395203692622833e-01
2.199675998094897e-01
7.100313678909896e-01
2.475297332909878e-01
2.294346302828695e-01
1.983413190557412e-01
5.941952618221575e-01
1.123808911367961e-01
-4.175169138553798e-01
5.860718974230087e-01
4.343335235026310e-01
-3.126729859342789e-01
4.567339161451820e-01
4.043340988448715e-02
1.067765655971607e-01
-3.467304833780531e-01
6.443093262215945e-01
4.488933641081260e-02
9.800082380703114e-02
2.725780551010424e-01
-3.201981897606252e-01
-6.555877272945293e-02
-7.663581827246813e-02
7.629409906790909e-01
-1.853725171058979e-01
1.263644981139134e-01
7.072269670463782e-01
-1.659015146932643e-02
-1.819419683055921e-01
-1.824399288285811e-02
1.063944920641162e-01
7.746917473707354e-01
2.652496400400416e-01
3.321812209843650e-01
2.246868522703321e-02
-1.007182950383369e-49
2.156579672156725e-02
5.110216571403063e-01
2.740372447152625e-01
-2.137876743210072e-01
1.283345236113266e-45
2.701974131970977e-01
2.454041836825678e-01
-3.270206795036777e-01
-1.775680750591750e-48
2.075278068369747e-01
-1.008866669639120e-01
-8.611383158649592e-02
-1.650125500440719e-01
1.400795034011635e-47
2.178480103977953e-01
1.969767670231050e-03
6.080247862754597e-02
6.129721077845136e-01
-1.939576068381340e-01
4.126860762671008e-01
-3.731641195209889e-01
1.118108030409276e-01
5.757755934215789e-46
2.477374417505668e-01
-7.414937889995641e-46
7.620566881262964e-04
-3.159340249698405e-01
-2.068859515154745e-01
-1.145264623547233e-48
2.541439309325567e-01
-1.998382074067383e-01
4.454247933670610e-01
1.609804515861831e-01
-4.881411140695325e-45
-3.067199616297498e-01
1.213489789420446e-01
2.906776727527157e-01
8.569560244160704e-02
8.139844430824937e-02
-2.148946014297119e-01
5.982245302207455e-01
4.477501673808876e-46
2.358167103531953e-01
1.039089024379147e-01
-2.902197727729383e-02
2.072332527866032e-01
-3.981262597320788e-01
-5.322762762491841e-46
-3.148798900314981e-02
-1.144148194416690e-01
-1.993399908293844e-01
1.877319042935368e-46
-3.277601512965175e-01
9.854945387733717e-03
-8.623554492106299e-03
-5.171192543462000e-48
2.687994866134871e-01
-3.250292570552589e-01
4.064704198945949e-01
-2.485914942500599e-01
-2.347000809470734e-02
3.678572319232407e-01
-1.448315675507976e-49
3.580150968751956e-02
2.922576613288744e-01
-5.643513515834526e-02
2.297593617116455e-47
1.700743599370367e-01
1.740884914077778e-47
-2.025589857093650e-01
-2.938117035107587e-01
-3.321212746671834e-01
1.987501372346228e-01
-2.759868708935873e-01
4.509637689220005e-01
1.781897986428737e-01
-3.538733189282006e-01
-4.400063473646909e-46
-9.814546824952089e-02
2.041802307716920e-46
2.736333059461740e-01
1.667397645357312e-01
1.859168135317562e-01
2.938250096173030e-01
-6.233914979362939e-02
6.559711807505946e-49
-1.723805639548665e-01
-1.018428621492691e-01
6.863444913327748e-49
-1.040057827519484e-01
4.347029997271575e-01
1.941628298169383e-01
-2.998919289683498e-01
3.045466201992678e-48
2.037192150617069e-01
-6.253732868912508e-02
-4.779309027096523e-01
-1.399098338191141e-01
-4.148179332315108e-01
-6.701839719811322e-47
-2.976674091685394e-01
-3.537887693311923e-02
-6.822217194614233e-02
2.196702080608726e-01
-2.666125056556950e-01
2.018839995415824e-01
2.995964748542372e-02
-5.706629336461299e-46
-1.840764046493791e-01
-1.203517112650607e-01
-1.975472253299993e-49
-1.591249696141326e-01
4.478788674061313e-01
2.065122988356884e-01
-4.797189041608425e-02
1.624594922803179e-01
1.510142019461830e-49
3.698854735373747e-01
-3.537922938259235e-01
4.608678599517801e-01
1.300123453096019e-01
1.418653659050382e-48
-9.482044360462473e-02
2.230904445235059e-01
-2.248142305431859e-01
-1.730424777515250e-01
-3.140098829470432e-01
-6.085674031860476e-47
-3.310715859175815e-01
-1.990142119574413e-01
2.867581321517423e-01
-2.145905192679010e-46
-6.158393412665518e-02
3.290864548679859e-01
3.464763635137347e-01
-2.362531240718082e-02
-3.770402277198606e-49
2.605001440481687e-01
-4.809388680406823e-01
1.537155270380908e-01
-2.471930694379424e-46
-5.090940673540838e-02
-3.261962931093890e-01
-3.009083332593821e-01
8.647744870589337e-02
1.318114168374899e-01
2.811396531627434e-47
4.293354630883282e-02
1.715277517822744e-01
4.992852815310140e-01
-3.881084594672417e-48
1.263243103818137e-01
-2.708084765730986e-01
2.870932196307776e-45
-3.363810688766695e-01
-1.449868732250263e-01
-1.292580676778412e-01
-9.480469145319313e-02
2.014782058400359e-01
-5.178734168914656e-01
-1.563003975838490e-46
1.504483695366722e-01
3.319668053310560e-01
-2.223642904903576e-01
-3.239504833330930e-02
3.203050469943657e-02
4.235600270277851e-01
-8.196487484394310e-48
-1.972584189786846e-01
4.561881149824574e-02
1.747912952222103e-47
5.730656834577195e-01
2.161589930273304e-01
3.545132348639946e-01
2.303415834572458e-01
-4.697659656397397e-48
-1.081698317353829e-01
1.306167637049877e-01
