5.749952652046917e-01
-3.299811184613394e-02
3.547560812426838e-01
-4.977540738915295e-01
3.924131002946229e-01
5.917760396130329e-01
-1.724525962076825e-01
-4.819980742427588e-01
-4.706475528261676e-01
2.785807143569477e-02
-1.749770190670309e-01
-8.460161066276774e-02
-9.827619159406575e-02
1.332461414432830e-01
7.529501062855805e-01
4.412675404648888e-01
2.326004827673225e-01
2.760936687869057e-01
2.253783412845475e-01
7.290991485365127e-01
3.513493247162160e-01
-3.800062579812592e-01
5.175906633773000e-01
4.290256863557599e-01
8.813268468961512e-02
-5.384718773953626e-02
-1.320070712987101e-01
7.562384891600399e-01
-2.651148173523993e-01
-2.996432325272227e-01
3.286047524293008e-01
4.580092106467268e-01
9.273805746796131e-02
6.353558311968457e-01
-9.554034330603527e-03
2.376710331399758e-01
3.299273833572921e-01
6.387071420959237e-01
-1.926867487126070e-01
-2.191563908015606e-01
-5.577178627170121e-02
-4.214088499455588e-01
-3.280961264862452e-02
6.604518249390853e-01
-4.385340155950562e-01
3.014695643840068e-02
7.760547173135128e-01
-3.965469773591107e-01
1.438799835381476e-01
-1.338091877337880e-01
-1.178849038318597e-01
5.681107731963462e-01
-4.336391939914446e-01
1.163585658053853e-01
5.867910146862535e-01
2.760872828678005e-01
6.249626678970172e-01
-8.214378699182022e-02
1.673214671746750e-01
4.222469058232798e-02
-2.546125428177164e-01
1.021723792653409e-01
-4.391997185132129e-01
7.169780128038804e-01
8.785505592929642e-02
8.292559095208186e-01
-1.850985785719459e-01
2.055852462400977e-01
-2.151646352448245e-01
-3.694860572032569e-01
-9.423301354576655e-02
-2.057778566694890e-01
6.734500477168227e-02
-8.195129264167433e-02
7.149914164478238e-01
6.753945901673559e-01
-1.522956996571315e-01
3.967059108027036e-02
2.692815693391737e-01
9.343039608463445e-02
-4.920886671227011e-01
5.990347303464758e-01
1.602906581470441e-01
-2.494336285357003e-01
1.734300195273738e-01
-2.833213776277559e-01
1.869195233093545e-01
6.876057491516022e-01
-9.467201491146179e-04
-1.675961903476560e-01
6.276384855094699e-01
1.098563762231738e-02
-3.721746848580661e-01
4.779715319564782e-01
-3.038467998262980e-01
6.368643602672339e-02
-5.520654922123263e-01
2.787477635879474e-01
-9.875648499686415e-02
6.236526103345210e-01
3.567296532210695e-01
1.642643773928084e-01
-2.194817719358743e-01
-9.979342557920386e-04
5.890473346119801e-01
-3.615105604854423e-02
1.321548544448926e-01
8.932612435038435e-01
1.561985243726248e-03
3.880577288800525e-01
-3.030428547087937e-01
5.320607487642988e-01
1.565147422192197e-01
2.783599224969401e-01
-3.488427506987113e-01
5.919840686049560e-01
3.606868882232770e-01
5.460717301812698e-01
-1.157519927016940e-01
-1.004108640646252e-01
-2.844666923746078e-01
1.671839569030547e-01
1.493507534123158e-01
-2.418166331721543e-01
7.784669506243215e-01
-1.825772024539610e-01
-1.762608969765118e-01
6.746155215372921e-01
3.692234911549349e-01
-1.447779961405571e-01
-8.654285352786503e-02
6.763281734479789e-01
5.030348371990248e-01
1.012892348990671e-01
-4.147049486840995e-01
3.239213010869532e-01
6.334904563813573e-01
3.896646580247289e-02
-5.317972396135440e-01
-2.164147129840798e-01
-4.266527002908927e-02
3.399564290505367e-01
-1.534370478868445e-02
7.823452423326971e-01
-2.170490100263941e-01
6.111892769022791e-01
2.213903535502157e-01
-3.334258600810689e-01
-1.139536720413562e-01
-4.614080397190181e-01
-2.895001771302182e-01
1.395228493680883e-01
7.623072871985753e-02
7.152803544767783e-01
4.505050577360909e-01
7.801520932651133e-01
4.428804614823684e-01
-2.454044152936474e-01
-1.839914102263920e-02
2.383310360733992e-01
6.577356391314318e-01
-3.175242411830416e-01
1.072054258559455e-01
-1.236482722311693e-01
3.610915349357118e-01
-6.930211931011103e-02
8.228239479717685e-01
1.729448988278869e-01
1.679538158268954e-01
2.689113066718692e-01
-2.594541480963188e-01
-2.639427142228191e-01
6.158373290579106e-01
2.617685713030208e-01
-4.389703546416775e-03
1.487361696164506e-01
1.207977155755816e-01
1.213063003906159e-01
1.373866263694524e-01
7.323103726120838e-01
9.238491328870253e-02
6.503042185336311e-01
-1.227993973171378e-01
-8.493337832494664e-03
-1.509503002892301e-01
2.682424274431383e-01
-4.618473859352654e-02
6.962070740818025e-01
2.312280275524962e-01
-4.017158818902876e-01
3.869627674464058e-01
-2.379247716968971e-01
-2.611588672512331e-01
6.858868583713703e-01
3.750659404289557e-01
-2.856719131841873e-01
7.240476435312458e-01
-1.467371327781896e-01
-3.629994934097514e-01
4.648938898561710e-02
1.103149548450995e-01
9.436560482472253e-02
1.505202787624710e-02
6.060537555690978e-01
-3.083971403286613e-01
-4.213503190995677e-02
-2.970824071796616e-01
-4.321547911126339e-01
6.054909092603011e-01
1.403755172007532e-02
-9.687482632348671e-02
-1.278722197606952e-01
3.847367570172321e-01
6.619032818346012e-01
3.585999476582765e-01
6.100193410259008e-01
8.327150327446556e-02
3.942897385907808e-01
4.876192956832431e-01
1.012276129976081e-01
6.882546519253314e-01
-3.260643372539233e-01
-3.206496673668877e-01
-7.714817572905214e-02
3.088564448240246e-02
3.274526436298346e-01
3.423272689994695e-01
-2.942697050216208e-01
5.925718686670792e-01
-3.503680812238623e-02
-3.967752826524643e-46
1.614690851206425e-01
-2.437682684857656e-01
-2.341899624217537e-01
1.877126528262916e-02
1.156045628649852e-48
1.091119193393849e-01
-3.797504967376434e-02
-2.956327260520354e-01
2.543770080990663e-01
-2.404198174447272e-01
-3.299518295469301e-01
4.345292057711937e-01
1.113259833228107e-01
2.316347403686335e-46
6.774502490163509e-02
-2.805875429376833e-01
3.715025828140842e-05
-9.619009853695913e-02
-8.065397760153168e-45
3.513431934421216e-01
-3.227994081283524e-01
1.451827464233915e-45
-9.337797538906367e-02
-1.898879872021208e-01
3.606995578677797e-01
-2.941327701208469e-01
-1.475627478773946e-49
-1.759893960470472e-01
1.074722324520100e-02
1.222100542297443e-01
-3.299866650215088e-01
-3.279419891599280e-01
-1.515754378208202e-46
-1.962278671133627e-01
1.053774495031390e-01
3.610969880338117e-01
-7.998130001527559e-46
1.934842973400577e-02
4.468624824598659e-01
-1.461185799919736e-01
-1.187927756966517e-01
-2.202073319537604e-01
-3.988349707987058e-47
-3.252157598263034e-01
-2.410789895529722e-01
2.869241913075825e-46
-3.750663333535650e-01
2.963815055578200e-02
-3.608503190864136e-02
3.147771424671159e-01
3.476023179200165e-02
-1.108230792155334e-01
6.980443744945518e-02
4.894494166417995e-45
2.232084123299044e-01
-3.764472747901568e-46
-1.590050513678063e-01
-5.487096086464364e-01
3.471075338333359e-01
1.575082440800414e-01
9.428352964206425e-02
-3.986599196270767e-01
3.807875593333746e-49
-1.320337876625459e-01
-4.992844813108732e-48
1.803057588175885e-01
-1.470822921705067e-03
1.159522564613883e-01
8.387393382246866e-02
5.945066852635793e-01
1.697786105316722e-01
1.890438821228566e-01
9.116445826063943e-02
1.240792670151659e-45
4.759021189089994e-46
-2.819573020967447e-01
-2.394638751107955e-01
-9.855019993696194e-02
5.397013985041057e-01
-5.839229717451959e-02
7.857271387006205e-47
-3.618976269724779e-01
3.400532685561388e-01
-1.760742896842786e-01
-5.229424818371478e-01
-1.551597312192640e-01
1.087186436318519e-48
-6.235398280413813e-02
2.871717997069370e-01
-1.692533216413062e-48
2.693599250973528e-01
-2.358074731615684e-01
-1.314182103019857e-01
3.499869215316810e-02
1.549927095484029e-02
-2.223194125303172e-01
-3.457056782270711e-01
2.135261768891582e-01
-1.398569642096688e-45
-4.585151098039397e-02
3.150816309495174e-01
4.324290184933670e-01
-4.027871783932936e-01
9.010178732242672e-47
1.490545228628449e-02
7.455061212734339e-02
-6.786751222205563e-47
4.665704684033015e-02
-1.573672755354956e-01
-1.487180324218801e-01
-4.325535557417229e-45
-1.534604307346083e-01
4.471916655459173e-01
3.946599415096568e-01
-8.192818467419248e-48
-4.238214368748442e-01
1.129455403620506e-01
-1.275836607603411e-02
-7.239164243671987e-02
-3.046285672538660e-02
-1.326679741828973e-02
-2.200579548726836e-01
-3.934552116689500e-01
-9.780788323328293e-46
-2.702476417475213e-02
3.066448867560620e-01
9.122191328909639e-49
-4.732374069303596e-01
6.700624660779753e-02
2.927691259373009e-02
-2.572636583485519e-46
-1.656661538408581e-01
-2.031911146107755e-01
-1.738325173901384e-01
-3.903292533161576e-01
-8.315528205127465e-47
2.653729042834489e-02
-3.161141923923158e-02
9.242499260604366e-02
-4.377431411175872e-01
1.583528620924117e-01
6.473331028431148e-02
4.140998293563028e-50
-4.810855288979821e-02
-1.610559242763555e-46
-4.489595810466029e-01
1.581629443133185e-01
-7.256291393478405e-02
9.237292703285660e-02
1.350350829746679e-01
2.487671741275891e-01
3.009932658130586e-01
3.135488235413962e-46
7.493049296638307e-02
-5.975625569416293e-46
1.058907920738611e-01
-6.860062306914166e-02
2.449226702898695e-01
4.415937347828488e-02
-6.126526949083788e-47
-2.063612145264029e-01
4.821003998148877e-01
1.854143394954017e-01
-2.994405376934690e-03
-2.927302259146440e-01
-8.715201668676436e-47
2.858781851242331e-01
1.281202061254109e-02
1.419323218994359e-01
2.779850618168350e-01
2.428318249553784e-02
4.764178458492082e-46
3.258446411630611e-01
4.808118349664121e-01
-3.008107668350902e-01
4.304756665681267e-01
-9.571365408931937e-02
3.293313798810290e-01
6.673136329313853e-46
-5.165238781919113e-02
7.247664543750310e-47
3.301349405541166e-01
4.435438330020490e-01
-4.714270349601948e-01
4.837969071971871e-02
7.348741506382825e-02
3.584190914125382e-48
4.337594165877703e-01
-1.745806502014028e-01
-6.697606415345593e-02
1.520312344740591e-02
1.255991197690068e-01
2.371083300456096e-46
-3.063337338656188e-01
1.195687153133099e-01
-4.740577939337319e-47
9.550839633977878e-02
-3.947414653254726e-01
-2.438145409408699e-01
4.178395101813678e-01
5.289262034618317e-02
3.095802636852565e-01
4.641643583576059e-49
-4.930129854263206e-01
-3.811018121908177e-01
-3.069480786203688e-01
5.856642481769449e-02
-1.498708843898640e-48
3.369078279793042e-01
-3.903795917381033e-01
-2.416919194734837e-01
-2.049006271538695e-01
3.624848297982543e-45
8.207458608949517e-02
2.462011098151453e-46
4.158272046289496e-01
1.776859917492079e-01
-7.007885366772197e-02
8.979216946998621e-02
-2.413205773804287e-46
-3.464063122528231e-01
-2.964501295268884e-01
1.651770050716395e-01
-2.740477209699894e-01
9.313960150390972e-02
-2.306408073243235e-01
4.752433334298234e-01
1.368937878666991e-45
2.211261110445203e-01
