1.225785939818445e-01
-1.772320072351684e-01
-1.465124926789072e-01
7.575502545653991e-02
7.574832150235524e-01
-5.243412234241793e-02
-2.103840410266944e-01
8.307932340536639e-01
-2.496603903279984e-01
-3.282281930435827e-01
-1.275325483178658e-01
4.350231569615918e-01
-2.041635390971489e-01
-2.086059127184481e-02
5.808342464985359e-01
6.807432107975661e-01
-1.254398297716460e-01
1.287378242885486e-01
5.507459828022867e-02
-7.162492366948944e-02
-5.413400762149893e-01
3.083215168443776e-02
-2.885265768620218e-01
-1.456244324265428e-01
6.168589446738841e-01
7.306629091350449e-02
-2.843394540918449e-01
-9.613311375400198e-02
7.184963644185994e-01
2.030924600611146e-01
-1.398857345868973e-01
4.674584591674088e-02
-1.968331224383682e-01
6.422013297926464e-01
-1.161693375376610e-01
7.298266787908837e-01
3.511505801999731e-01
8.324146593793186e-02
-2.102168527012963e-01
1.004718904519696e-01
-4.038002399570524e-01
-5.887664407044420e-02
7.047762814567005e-01
4.186472745245710e-01
1.903770808241234e-01
-4.316274390217194e-01
5.519321873714871e-01
3.053848280154458e-01
2.458867467465266e-01
-4.846331053143001e-02
-3.480021218932240e-01
2.525742701561963e-01
7.697034916623574e-01
-1.161893437610996e-01
1.054694538950414e-01
-1.534713862734024e-02
-1.855044786256766e-01
6.383285114951958e-01
2.313657676523567e-01
-5.023704356733470e-02
7.265871047804372e-01
1.226383980084285e-01
7.502831331281683e-03
-3.241076329002713e-01
3.197143422139768e-02
1.265313860410850e-01
6.591341823381817e-02
-2.770942551901688e-01
-5.254988058329612e-01
6.234802173873597e-01
2.628148758155701e-01
9.810903197616301e-02
3.058881423194241e-01
6.378448644733922e-01
-3.215590559607014e-02
1.945765421819201e-01
1.184344739252778e-01
3.132476371133547e-01
8.328882537703021e-01
8.768412384883491e-02
3.956011967275078e-02
-4.873292388975326e-01
6.363827702233512e-01
-1.303327248549110e-01
4.125118494830191e-01
-4.427132803434429e-01
6.438797189157592e-01
2.637740372525629e-01
1.434428715149846e-01
3.383276323560370e-01
9.549053142435129e-02
7.137710844691213e-01
-3.011449173697182e-01
3.888088435929148e-01
2.438307680816783e-02
5.362891819075123e-01
1.636767786031476e-01
-4.344018766768070e-01
4.768301779010226e-02
1.227186178399932e-01
4.613583035104277e-01
1.137973828232712e-01
8.218192878869346e-01
5.164780971806773e-02
1.832951735003068e-01
1.187126102643349e-01
6.222349174072339e-01
5.844835818902830e-01
3.244473061865304e-01
-2.745815130522518e-01
-3.122054669283344e-01
5.409801088959959e-01
-1.701781367515241e-01
2.533319900661722e-01
-4.737962844937619e-01
2.281399366051119e-01
7.106304198919542e-01
-8.520132903983084e-02
1.199412761503160e-01
-6.619260259952123e-02
-5.293836791943234e-01
1.679582468295895e-01
2.913291742217181e-01
6.047203497270932e-01
-1.734218588011440e-01
8.687049677334787e-01
-2.853757806029691e-02
-1.240449140029478e-01
-1.291938360638881e-02
-5.652070445509057e-02
1.735111241865747e-01
-1.284731781093563e-01
-4.542945231818292e-01
3.050628390796755e-02
7.074454986707074e-01
-7.839986837796696e-02
6.609748826871309e-01
-3.512432691484947e-01
-4.694905771591866e-01
1.520468041262276e-02
3.497097192955489e-01
6.825924055004881e-01
1.570744377890247e-01
4.947361111955873e-03
-2.795803195277826e-01
-1.698348458261148e-02
7.313883695711660e-01
-7.460253105209215e-02
3.385523489658108e-01
2.071629754097092e-01
2.603425320124958e-01
7.302668127687092e-01
2.951790122611715e-01
-2.395099110718285e-01
3.622616543088662e-01
-1.866579005913168e-01
-1.961066107081624e-02
6.258541995086541e-01
-2.045646673439763e-02
-2.548447644425729e-01
4.169443345542030e-01
6.189197116236692e-01
-1.088138732345315e-01
-2.273120250904829e-01
-4.765678799732324e-01
-1.755641507795525e-01
6.189999214235288e-01
-3.833505082612014e-01
-1.341808145989675e-01
1.626306281823447e-01
-1.967608950764429e-01
1.126003331546129e-01
4.077227832028775e-01
-9.264355319810513e-03
8.563337216877565e-01
7.216652277794189e-02
1.259092143393184e-01
5.256901622865214e-01
3.696669921638219e-01
-1.540773684338657e-01
3.077410871528540e-01
1.710735223879604e-01
-3.145904623301946e-01
6.284004631937185e-01
2.905711135096696e-01
4.222384196452114e-01
4.550110566778793e-01
4.252839598823918e-02
3.889347909737713e-01
5.726239185196780e-01
-3.829803325678359e-01
9.573333484837243e-02
-1.243548965776977e-01
6.601398707601720e-01
5.842041183903696e-01
-1.622751441699764e-01
5.823002410264733e-01
4.178940060096608e-01
-4.781051037649015e-01
-2.576812421818687e-01
5.831910928031891e-01
3.028179313615611e-01
-3.660354541599335e-01
5.279532326256354e-01
-3.171388974012075e-01
2.532466062911481e-01
9.114737050832997e-02
2.640338245938044e-02
2.966296911955945e-01
6.230511715483478e-01
-4.279988019333660e-01
-3.533303570295445e-01
-4.816874420559606e-02
6.868188150014719e-01
-7.179900955769558e-02
1.772753470059840e-03
-3.927612700241929e-01
5.519216823286127e-02
-8.667840637244231e-02
7.341946937323478e-01
6.703444477852699e-01
-2.111986488413594e-01
3.085779971769705e-01
3.212752485521863e-01
2.608172168283562e-01
6.461479990245219e-01
-1.255235110290470e-01
7.345532026361716e-02
2.387616704349011e-01
2.804377051055597e-01
-1.255041944707488e-01
-3.378085099110540e-02
-5.182041039550376e-01
6.872862440265721e-01
-3.428479278603710e-01
-1.543318582292734e-01
4.537340748607789e-01
2.484552975453744e-01
-2.472949260313974e-01
-3.936952652483296e-39
5.034208346845734e-03
-2.763967897628059e-01
3.200203049359987e-41
-1.128504697036761e-01
-5.959870788468900e-02
-5.090338237945735e-01
2.501521743814102e-01
-3.029111345212990e-01
3.946220501521153e-02
1.181009521086991e-39
-3.216683812681991e-39
1.454692992010288e-01
1.588743786687018e-01
6.535266728247824e-01
-1.503903729967729e-01
1.854038402854772e-01
7.211685462953020e-02
4.234585423943496e-01
4.624629677719238e-02
1.638148726321561e-39
-2.527590455864550e-01
9.966674329052172e-02
5.224921637465525e-01
2.093964552348607e-38
-1.638863575670158e-02
5.401852215612510e-01
9.468116620672018e-02
4.352076158866151e-01
2.979387904534085e-40
-1.530209146987379e-01
1.840672661630521e-39
1.402296129067776e-02
3.703571071927348e-01
-8.962697587265418e-02
-3.707254998952129e-01
-2.181529081261314e-01
-2.585390655240400e-01
-2.727058757975968e-40
-1.688601960868917e-02
1.026744823973885e-01
-3.418036462302123e-01
4.679387517420198e-39
-2.319613791277439e-01
4.011288502857906e-01
-1.464908462562918e-01
2.681928032458008e-01
2.697946657719620e-01
-1.356496272502415e-38
1.903284772601218e-01
-1.307365908194717e-01
-3.451936693326550e-01
1.706267437927187e-01
2.371665086755508e-39
1.229389234347210e-01
-5.817639145137912e-01
3.971764807270902e-38
2.286127403837419e-01
-5.216592332410708e-01
1.237040379209465e-01
-1.058864959423961e-01
1.845202485506018e-01
3.739260452228572e-01
-2.111591740846732e-01
1.397527128799313e-01
1.631536210820948e-39
2.095659110982580e-02
1.001729351039109e-01
2.297152922330043e-01
-1.733511244856376e-39
5.971703431679807e-01
1.590015988319608e-01
-2.111599895845620e-02
-2.366193987697018e-01
-2.061883928954471e-38
-2.586149259043654e-01
-1.511287609874495e-01
2.768150403093403e-01
2.757686357741003e-39
-2.493344381165683e-01
8.470775352886782e-02
-1.180254876683768e-01
5.081915927686976e-39
3.262888647389161e-01
-2.467869879277916e-01
5.922343827782735e-02
-1.285724702726590e-01
1.149911188580421e-38
-3.732825264501636e-01
-1.971892500204217e-01
2.102449995769574e-01
-5.333274020333069e-40
3.140806270716895e-01
-1.171562287045394e-01
-4.962367595721515e-01
3.477673962980440e-01
-4.646370502628860e-02
-5.277086101331108e-03
1.510004386589421e-38
2.006981214266481e-01
1.417062213091159e-01
-1.475446705884289e-01
5.417149689639093e-39
4.008946377278787e-02
-2.084597272946574e-01
-9.806554743632011e-02
-4.645868418941369e-03
2.322307732506910e-38
2.179421925718649e-01
-4.292168779097026e-01
-2.459677659791732e-01
2.377529378378649e-01
2.610598080450970e-40
4.152359135430062e-01
-1.260132764450932e-01
4.148533109781389e-01
1.291114271317179e-01
3.912759078390215e-01
2.609438091459854e-02
5.087424920314159e-39
2.011489594833810e-01
6.655058736057019e-40
-2.542643549122551e-01
1.671988729795119e-01
2.624595462010906e-02
3.639972102094678e-01
-2.742133225094246e-01
-3.716806315785852e-01
-1.683631947165262e-01
6.252717874811829e-02
-4.479952945511352e-39
2.465473104052306e-01
-1.196738450235893e-38
2.668740414957715e-01
-1.705987101748044e-01
-2.276620223479676e-01
1.601239990766948e-01
1.945495176975207e-38
-2.844386658208812e-02
5.314535745901321e-01
4.130273143080269e-03
4.278019818873104e-01
-2.240012974879771e-39
1.920934606168002e-02
5.757925936841563e-02
-3.390928771073939e-01
-3.406935207758662e-02
1.353128336708041e-39
-2.770764132457415e-01
-1.183783456081901e-01
-1.767979156924590e-01
-4.764807518553318e-01
3.672929751756939e-01
5.906193820156118e-40
-1.295695630260914e-01
3.591519760724367e-01
4.978983739759450e-02
-1.479064688232125e-39
-2.227309788478191e-01
-3.082390652624010e-01
-7.326809855034984e-02
-1.255155690378607e-01
5.593389271650831e-39
1.036065217062785e-01
4.593838896946865e-01
3.963375761938049e-01
-8.411019540839504e-02
-4.838032254496470e-03
4.558488877412546e-03
2.045885252691651e-01
-4.138205667813623e-40
4.996297218274351e-01
-4.872226453994002e-01
1.158761350416537e-38
7.123687301815291e-03
2.347949816471623e-01
3.948496944295704e-01
-2.541102681736598e-01
-3.455647207927691e-02
6.738036656093580e-39
2.758096095739248e-01
-2.000108370103549e-01
9.543279475831896e-02
2.268485966910069e-01
1.820179333548605e-01
-1.697879287305516e-38
-8.160438251425157e-02
5.090393666905337e-02
-8.721027999074538e-02
-8.468810828119875e-39
1.864452555058997e-01
-2.193462436595574e-01
2.538247022686696e-39
2.856925936423628e-01
-9.678028111385321e-03
1.874753234697875e-01
4.707796375566584e-39
1.204961812819184e-01
1.098470699089149e-01
-5.359205351937820e-02
-1.594928940819101e-01
2.822463110153888e-01
2.772164773508999e-01
-5.354336005486754e-01
-8.647625446571432e-02
-8.524961774785591e-39
-1.869125521236281e-01
-1.150071654766155e-01
-1.286814793097991e-01
5.005540687372808e-39
-3.847822769352168e-01
3.848787674015853e-01
-2.827471843838070e-01
-6.278462369720565e-02
-2.532088612144865e-01
-2.038435266746610e-38
-1.089925563917972e-38
4.026762625408125e-01
2.789211499142490e-02
-1.988475588682922e-01
-1.926218357884827e-01
3.562591793267507e-38
-3.923283688557030e-01
-2.311838817706955e-01
1.589505856851368e-01
-4.393809973787987e-01
-9.019366401506236e-02
8.132910419203300e-02
-8.385981467918296e-02
-4.970762873653695e-42
3.207540901052578e-01
