4.720675916119269e-01
6.204063250365199e-01
-2.268882192180101e-01
5.334187308275901e-02
3.423713589544464e-02
7.175760176016739e-01
-5.897513278692752e-01
5.987299978673766e-02
-9.348741211689776e-02
-2.590145028552612e-01
-1.827585961609135e-01
-2.160174005877148e-01
6.829225368013802e-01
-2.191613467638577e-01
3.373752536402166e-01
4.773865225861715e-01
5.996603509741003e-01
5.528429357136585e-01
2.582270644760529e-02
-6.611729890471887e-02
6.058946237365797e-01
-7.677340360127639e-02
3.820476598534795e-01
2.055952242543529e-01
3.077502977715559e-01
7.559574063007678e-02
4.255177503393314e-01
2.908216798567458e-01
3.135956148281699e-02
6.271074254998216e-01
6.981887226156823e-02
8.136259815496566e-01
1.107010467178561e-01
5.186703551070829e-02
1.401010884279535e-01
1.265299979110153e-01
-1.323420030051735e-02
1.012537148055453e-01
5.213770579048966e-01
-4.592110138451698e-01
5.862898761739137e-01
1.717609820125660e-01
-1.493384824106591e-01
2.907570093599328e-01
-5.516221098646662e-01
-1.574965624414525e-01
5.434347895125551e-01
5.085771443969863e-01
1.346867721430909e-01
-1.746623404969076e-02
-3.405463995235819e-01
7.036260782888329e-01
3.609942610856807e-01
-1.724621768589462e-01
-2.687633345170227e-01
-8.534518266869618e-03
7.894377464343479e-01
-1.900994451780054e-01
4.049845202813752e-01
-2.990020756755875e-01
2.443830440584237e-01
6.616911354225428e-01
-1.161176643415385e-01
6.033064607234302e-02
-1.510182420923897e-02
7.294784252729657e-01
3.823768646138772e-01
3.741823755292234e-04
4.776555298663342e-02
-2.991664415415374e-02
-1.818674401410928e-01
-2.141266656267218e-01
-3.258782498161132e-01
6.489268713948106e-01
3.131709445115075e-01
4.404804244361895e-01
-8.269683357885703e-02
4.759554067585289e-01
5.230317675976510e-01
-4.090159394116200e-01
1.147011061325187e-01
-2.201924897504097e-01
3.604234722963331e-01
7.049785305898216e-01
4.881845290294523e-02
-2.014761953892810e-01
2.013526560646401e-01
1.387381072270678e-01
8.169041021513316e-01
2.124320318014663e-01
6.788001998242965e-01
-8.412873782732425e-02
-1.035766175365573e-01
2.268793967077506e-01
-1.540658542184967e-01
-8.373030862781840e-02
2.791672501141524e-01
3.386685105013268e-01
3.294817399242233e-01
6.713642566255229e-01
2.082462960870884e-02
-1.964759851700036e-01
-2.642183985941017e-01
-1.073189410275859e-01
8.848882791409429e-01
1.493913157391023e-01
2.746446341854533e-01
-2.254297899159879e-02
6.599160896362647e-01
-1.562013696124507e-02
6.247140706442892e-02
-2.524477313456402e-01
8.114498087194892e-01
8.211830993823370e-02
5.015244487925959e-02
2.900824181282661e-01
5.917213282172719e-01
-2.549038144611266e-01
-3.862527698203101e-01
-5.265062379750740e-01
7.192247423233739e-01
-1.230324866964425e-02
-2.367053797952173e-02
-4.831868383054885e-01
3.768292793054500e-01
6.672718558581275e-01
9.422196887372267e-02
4.345797268120860e-02
-3.622061454221994e-01
-7.284151084819769e-02
6.973878455232935e-01
-8.923580152917411e-02
-4.854727388167683e-01
1.818062967194937e-01
3.778523068728752e-01
-1.669111523219648e-01
-1.958880649443635e-01
-4.206340476488626e-01
2.309482417708461e-01
5.854917728647939e-01
-1.298528801435940e-01
1.667736565269738e-01
6.570864790892849e-01
-1.144837866021543e-01
-1.144897080290410e-01
-2.563032996828724e-02
-9.607924401769561e-03
8.125334425740742e-01
4.964256171114047e-02
-9.531090671748844e-02
3.103486286123010e-01
2.285468356126251e-01
1.350065386648644e-01
-2.020899292879996e-01
6.847460868044449e-01
-3.003600685711748e-02
-8.761774084650534e-02
-5.244358118070448e-01
6.969283181107045e-01
4.862108053672191e-02
7.809973084907846e-01
5.964221837133741e-02
1.447723727371420e-01
3.806635830572153e-02
-1.638294774773844e-01
-1.766915996329789e-01
3.955079949865212e-02
2.868316386379148e-01
-4.497259557394430e-02
7.368937011746809e-01
7.911188560986834e-02
1.119030593991076e-01
-2.706675956036034e-02
5.740120949445806e-01
-3.950421506038545e-01
4.768082394260397e-01
-4.742921539330358e-01
3.488104592024886e-01
2.514292038000861e-01
2.463510300453479e-01
1.085998374392818e-02
5.231929135783649e-01
-4.318954018561770e-02
-4.590068516499295e-01
5.990195571231297e-01
3.546790704149347e-01
-2.409816220259320e-01
6.463426507036849e-01
-4.128811101539586e-01
1.870459247119015e-01
-4.442908581071711e-01
8.884249663907877e-03
-2.776242119052292e-01
1.459400808656087e-01
6.088635352604574e-01
4.349520643254981e-01
6.079391800390562e-02
-4.374280060250996e-01
5.998337422825804e-01
-6.265620679710848e-02
-2.176584946275462e-01
6.640054135382689e-01
6.162217000483702e-03
-1.571370574775715e-01
1.759790470528554e-01
5.545346187906408e-03
5.806646298414633e-01
-4.524855097884792e-01
2.917804737627558e-01
5.897705152510262e-01
-1.418902958064420e-01
6.384330731042784e-01
2.006900061203621e-01
-2.856602974425945e-01
-3.628644890751616e-01
2.747178551555174e-01
-4.033470603570566e-01
2.354563700610594e-01
2.094643050895986e-02
6.199831996018644e-01
-2.058919917946893e-01
4.538282757420641e-01
4.682962657165415e-01
5.742511294548726e-01
-2.411735798025302e-01
-1.471698644769826e-01
-3.051729852409066e-01
3.822859849259934e-01
6.408050982074617e-01
-1.017265539260002e-01
1.911908583169138e-01
3.047473636012850e-02
7.331146058264311e-01
4.256050322693154e-01
3.676270073813370e-01
4.642024611935748e-01
5.800044200615937e-02
1.592007353760755e-01
3.524087523344848e-01
5.522108620314737e-01
4.525417409202375e-01
3.036218262853030e-01
1.372651711705025e-02
7.584608837620259e-01
1.368573568439529e-01
-2.371469709885228e-01
0.000000000000000e+00
2.108141331082740e-01
4.297840041564078e-01
-2.266203986631291e-01
0.000000000000000e+00
-1.456800018296938e-01
1.828747359512347e-01
-5.638322625414058e-02
-4.465986683201636e-03
1.018824675367571e-01
2.808504444312488e-02
-0.000000000000000e+00
-2.441948934141968e-01
-4.699988046100934e-01
1.957937520640964e-01
-0.000000000000000e+00
1.199858568033980e-01
5.927702290987965e-02
2.135190528880961e-01
0.000000000000000e+00
6.943755031231373e-02
2.384654327879619e-01
-3.540036613470874e-01
3.962973186095469e-01
1.979176549349901e-01
-2.948528127633966e-01
-1.361218116832676e-01
-4.356108429679514e-01
0.000000000000000e+00
-3.882475211329488e-01
0.000000000000000e+00
-1.588188208031017e-01
-2.739398527764522e-01
-2.180877407864405e-01
-2.134943696059604e-01
5.105906199539562e-01
-4.295254946171274e-01
-0.000000000000000e+00
-8.895588701556597e-03
0.000000000000000e+00
3.521452979116488e-01
2.677375694922309e-01
1.396551507074718e-01
-2.098797664953861e-02
3.426215141986208e-01
0.000000000000000e+00
9.655948679499043e-02
-2.352658044439892e-01
-4.698020002286378e-01
4.876812818424967e-02
0.000000000000000e+00
-1.355723223406290e-02
-2.363142915729094e-01
3.134296244532739e-01
2.251722493468524e-01
0.000000000000000e+00
1.895253383124658e-01
5.259799350726730e-03
2.264162741930150e-02
2.880441875607513e-01
0.000000000000000e+00
-6.116231037518505e-01
-7.858293439124336e-02
1.478615993074565e-01
0.000000000000000e+00
-2.137208674848117e-01
1.728733840306623e-02
-3.763977704587332e-01
-3.616928585602596e-01
-4.359926810150815e-01
-1.484483508616522e-01
2.064464291951979e-01
-0.000000000000000e+00
-2.023575740532033e-01
2.459442677969261e-02
-3.588161185145498e-01
4.022474907943326e-03
-0.000000000000000e+00
-4.876821233058741e-02
-3.763375539634785e-01
2.495775829208545e-01
2.825656108877432e-01
0.000000000000000e+00
1.591025628792078e-01
2.678743260001065e-01
-2.565757270600964e-01
2.070214848466905e-01
-0.000000000000000e+00
-8.191980535069909e-02
-0.000000000000000e+00
-2.259029598697098e-01
-4.155436735354162e-01
2.995429694852810e-01
-3.643889377326789e-01
-4.515258433475659e-01
-5.712281715101536e-03
5.958048700512470e-02
1.833365431464214e-01
-0.000000000000000e+00
-2.971675741166784e-01
-5.824179829650478e-02
-6.836068556436357e-02
-1.528661921979790e-02
0.000000000000000e+00
-1.812793223060366e-01
1.614797277242983e-01
1.200036053414292e-02
-0.000000000000000e+00
-6.379100531728257e-01
-4.459685686071372e-01
-1.799809748342149e-01
0.000000000000000e+00
1.825427192255153e-01
7.418206146834451e-03
-2.899652608058756e-03
0.000000000000000e+00
3.010311166953453e-02
-2.150096045019805e-01
1.649192215381593e-01
-0.000000000000000e+00
-3.017757217491303e-01
6.577666517180424e-02
-6.455795387121707e-03
1.053444164057969e-01
-0.000000000000000e+00
4.345046691390854e-01
3.503563847073204e-01
-3.094718040257862e-01
-1.288475034950408e-02
-0.000000000000000e+00
2.012044745385456e-01
9.896253478562386e-02
-7.108725103985708e-03
2.094042295022440e-01
3.562914268846790e-01
-1.581630465495255e-01
3.866516795177412e-01
2.433909885201146e-01
-0.000000000000000e+00
-4.765207529582754e-02
1.364807001012162e-01
-0.000000000000000e+00
3.838987393942412e-01
5.736477677783952e-01
2.595447822617488e-01
-1.642318844756088e-01
-0.000000000000000e+00
-3.705592263920837e-01
3.095833969362189e-01
2.186506803235654e-01
2.673160678591791e-01
4.506834394274834e-01
-3.352911478381177e-02
-0.000000000000000e+00
8.557500923199766e-02
4.613309948443920e-01
1.539753330252698e-02
0.000000000000000e+00
8.904215842605540e-02
-0.000000000000000e+00
2.944747113605829e-01
-4.314850443088400e-01
-1.171150727195127e-01
2.250048562444479e-01
7.184464488665675e-02
5.050297506599335e-01
-2.710833839548370e-01
-7.877600944410554e-02
-0.000000000000000e+00
4.945095605261158e-01
-6.032091796619928e-02
-4.249371184366498e-01
-0.000000000000000e+00
-2.572709588383955e-01
0.000000000000000e+00
-3.990371976184387e-02
-2.768434434154896e-01
3.209142374740072e-01
3.477155413977080e-01
-1.011652821236007e-01
-1.815801154970952e-01
-1.837983969470585e-01
2.789024497993026e-01
0.000000000000000e+00
7.192125453390313e-02
3.866094922498275e-01
-0.000000000000000e+00
1.798615712621217e-01
7.697436258331977e-02
2.450100749608784e-01
9.917351416699603e-02
3.635664922245153e-02
-5.121045401225512e-01
-0.000000000000000e+00
1.132879508811940e-01
-2.861510719223288e-01
3.538643474372297e-01
-0.000000000000000e+00
-1.792056082335779e-01
-2.266213659695801e-01
-0.000000000000000e+00
5.954165304611759e-01
1.444197228866578e-01
1.711367673430804e-01
-7.548453398900978e-02
-5.700442762128503e-02
1.267115298073750e-01
-9.293183707432331e-03
0.000000000000000e+00
1.096321209856658e-01
0.000000000000000e+00
-1.385798956046695e-01
4.887087654527843e-01
-2.205937142151279e-01
5.143180231439013e-01
-2.611606926720823e-02
-7.944004465500150e-02
-2.237584128445268e-01
0.000000000000000e+00
-1.573945452161064e-01
-1.413089062975310e-01
-3.100348956578374e-01
-0.000000000000000e+00
5.962423755842627e-02
3.102682261947862e-01
1.168143428766975e-01
-2.922950517720514e-01
0.000000000000000e+00
3.503428034905373e-01
2.475277478892249e-01
1.409214088213415e-01
0.000000000000000e+00
1.413109987039019e-01
-8.759813365967968e-02
7.585354816150060e-02
-5.046580311986598e-01
2.010568841933632e-01
1.606892181622742e-01
0.000000000000000e+00
-6.591523253305163e-02
-3.811110228636886e-03
-1.964426055453934e-01
0.000000000000000e+00
2.566894115891480e-01
