-3.488486828758957e-01
6.610715299563337e-01
-2.666043715452136e-02
1.995151038909880e-01
-1.298971142663268e-01
-2.526374255501480e-01
7.501359126107666e-01
3.453750272739531e-01
-1.747256875474575e-01
2.362381069627364e-02
-1.381154544663370e-01
3.123870774169453e-01
2.201942026986257e-01
6.250022563961690e-01
3.784122417435529e-01
-2.690918061298066e-01
-2.258664079342461e-01
2.948830158880676e-01
-1.019826450376633e-01
-6.148317644913004e-03
-3.650195051699439e-01
4.536213301491532e-02
4.837145870746916e-01
-2.357865795279010e-01
-2.273632972963926e-01
-3.214640264889764e-01
1.890690467368407e-01
-3.534612767036072e-01
7.984165812257249e-01
1.309775649485560e-01
-4.995487818046757e-02
2.102938740687396e-02
6.318359943645986e-01
-5.647090347218590e-02
-6.844857156916889e-02
-3.065953929437651e-01
-7.242355338504064e-02
6.195881544579678e-01
3.915611703144972e-01
-3.970234414202611e-02
5.213240608184924e-01
1.607525460339591e-01
5.159621764770788e-01
-7.626736006889517e-02
1.015168221106567e-01
2.346220684441525e-01
2.929952629663450e-01
3.082415826398012e-01
3.250419281267987e-01
-5.038255471572512e-02
-2.922935579126290e-01
7.399531592997242e-01
1.282514707475948e-01
-1.974053243861574e-01
-2.138389388684146e-01
1.995680603730308e-01
-3.185885052465619e-01
1.454499008989566e-01
1.612668724262567e-01
6.845333522529964e-01
3.150538989400722e-01
6.146622665814997e-01
7.202849555909299e-04
-5.201631476463038e-02
-2.634944869931091e-02
-6.017744840186543e-01
2.456329269777446e-01
1.836018800307589e-01
1.143541237346947e-01
2.822234031223899e-01
6.913688362244377e-01
-1.508146914812743e-01
2.607514680649901e-01
-7.187996355360771e-02
5.618607401406723e-01
4.587641490358733e-02
-4.753499491934453e-01
2.787489564021567e-01
5.884601977268146e-04
4.071444845575808e-02
4.574630129811326e-01
1.502323742847139e-01
2.112333736188047e-01
7.345766021381124e-01
7.939720182402211e-01
-2.477252614826393e-01
1.374483548665162e-01
-2.923661902701589e-02
-1.530658893787674e-01
-8.666388743187353e-02
-2.498744060892315e-01
-3.511074358243687e-01
2.104423406583699e-01
6.835349631024441e-01
-3.348705073149288e-01
7.442881067815246e-02
-1.279467605143083e-01
-3.453253850132704e-01
5.908443133588426e-01
3.802537302817159e-01
7.678539148928891e-02
-1.233853555391189e-01
-3.729074696394302e-01
-1.748746351050943e-44
2.411577825434705e-01
-2.159059113259758e-01
-2.071522719174602e-01
1.825611151463686e-01
1.348915501090585e-45
2.002068308406738e-01
1.248646567268332e-01
1.842829796433444e-01
1.703664060565582e-01
2.271664619022946e-01
9.282296112130939e-02
5.149980321194188e-47
1.392851493804478e-01
-2.372495983176242e-01
-2.823577403966138e-01
-2.080363431342045e-01
3.258169268895203e-01
-3.917403894335876e-01
-9.826139714658189e-02
-4.433896714251144e-01
2.878895204996493e-44
3.143608718396744e-01
-2.741351981878813e-03
9.575991992060731e-02
9.796512514204020e-02
1.021948182153130e-01
-3.858589514941586e-47
2.102970682180087e-02
2.058094549473160e-01
-6.555970975113140e-02
-6.796953459656087e-46
-5.225846289612920e-01
3.323538303251700e-01
-2.564396149712677e-01
-1.900734115853630e-01
3.462031672051326e-45
-2.667309026531301e-01
3.196089854596619e-02
4.819841814442581e-02
2.184740289553825e-01
1.510924603257632e-46
1.494852574367686e-01
-4.125692494280686e-01
-2.729100054584436e-01
-3.822609365698968e-01
2.618998323796555e-01
-2.315317536530750e-01
-3.315301423144005e-01
-7.371839624813571e-02
9.684077394839772e-45
-1.845210751384711e-01
-2.059665049976356e-02
-1.709839083621318e-02
-1.959943734146464e-01
8.001683572292800e-02
-4.855469417657569e-01
1.278029640907188e-01
-4.422485423828960e-46
3.033214874724020e-01
8.151829193299499e-46
1.794283216012278e-01
-8.228343574531354e-03
1.596825475786223e-01
-8.737065259275074e-02
8.258522678644860e-03
2.071078956690232e-02
3.166936855339965e-01
-3.202362930278206e-01
4.666277135557502e-45
-3.303765234529453e-01
2.779816804288841e-02
5.436952531882180e-02
2.398595177115863e-45
-2.531267152216339e-01
1.112914415267935e-01
4.745561597389835e-01
1.510431387914084e-01
-1.001282598335780e-01
2.632579544378852e-01
2.768592593590206e-01
5.900840679495101e-02
3.463288473537670e-45
2.028105524276143e-46
-2.701083654164825e-01
1.053885290232457e-01
-3.685704174238499e-01
-6.849778410512763e-03
-1.939011600512908e-01
2.478388519133469e-01
-1.843060200983702e-01
-2.869872945562869e-01
-3.516147828547257e-45
5.985369913017861e-02
6.136320182573352e-02
-2.845618330618228e-01
4.497299464553611e-01
-1.099086840540789e-45
-1.218208946148735e-01
-2.268028914132916e-01
7.603756806125390e-03
