2.729642180775286e-01
2.773348768532043e-01
2.106588717454770e-01
9.495035087821913e-02
4.342101863809170e-02
7.067757025215653e-01
-4.119657840565361e-01
-4.836576340574991e-01
5.938468077112974e-02
-2.676157140243457e-02
3.182666674720040e-02
5.269675661978771e-01
5.340970733138967e-01
-1.787231727555187e-01
-8.101531042589909e-02
2.069678672643050e-01
-2.931553910387572e-01
-2.209917496824163e-01
1.590120506447369e-01
-2.580907878586660e-01
6.077128377776126e-01
2.226216290008613e-01
2.655452885742405e-01
4.285802087964622e-01
-1.138520143345474e-01
8.610418963567905e-01
5.666327041900261e-02
-3.154549562063514e-01
-3.129905941588470e-02
-2.777358531887168e-02
2.705764598119412e-01
4.007439831797903e-01
5.323111483834466e-01
-3.358313793154650e-01
1.243238269625094e-01
5.518205529617298e-02
2.386368919170953e-01
-8.755737598041025e-02
4.632267489487109e-01
6.099772272844017e-01
-2.162681623855419e-01
4.995473095345933e-02
6.811657733567785e-01
-6.869117853980507e-02
-3.119911601858864e-01
-1.593662319062238e-01
-2.288607471123327e-02
-2.218237213061253e-01
-1.306023619961189e-01
-2.380496550774809e-02
-1.487874459924045e-01
5.814899638610899e-01
1.456760195206100e-01
-2.311768063892280e-01
2.134857976805775e-01
-2.046644113752928e-01
-3.623946580965835e-01
2.664521651741785e-01
4.126208027186716e-02
6.374498164250217e-01
-6.865895687693335e-02
-2.971889720166047e-02
3.953779533289369e-02
2.429743112217134e-01
7.921058505883818e-01
2.281387009735248e-01
9.721231358259741e-02
6.474377698362983e-01
-2.000887282898622e-01
2.738089147606216e-01
3.882398480163360e-01
1.406535856280512e-01
2.102953521367519e-01
1.121718144991812e-01
-3.114495463077253e-01
-1.854160629560072e-01
5.941677360457074e-01
-4.941014662112088e-01
4.471012290413693e-01
-3.021514340548621e-01
4.092815087873684e-02
9.334417119975950e-03
5.783510700516690e-01
2.025114361667099e-01
4.762324049230068e-02
2.706982599578822e-01
6.861985139535300e-01
-1.665426081856312e-01
-3.233314140915744e-01
-1.204842969792750e-01
-2.925792494224185e-01
2.474812657277972e-01
-5.986972287176832e-03
6.603466475202322e-01
-4.254813089346980e-01
-2.269252233567815e-01
4.948900105651934e-01
6.229169072083496e-01
3.333056668613270e-01
4.460988228047580e-01
-4.892130768879998e-02
1.776152810203297e-02
6.448172516421006e-01
-1.930915390273899e-01
5.807212624462411e-01
-1.197282815596231e-01
-8.823430192792038e-02
-1.972440390319793e-01
-3.201444247446601e-01
5.578510086552780e-01
7.608138976721818e-02
3.140050093525528e-01
4.557038643218593e-01
1.330349804885809e-01
-1.542688741266365e-01
-6.400266199255243e-02
-4.105130800688055e-01
-1.584065490426881e-01
9.865875538057167e-02
5.907891094301673e-01
-8.414152742776067e-02
-3.556792597592635e-01
6.773770781535922e-01
3.138266542658196e-01
1.427255644999132e-01
-1.932629728898044e-01
-9.846169395652997e-02
2.965758186333018e-01
-2.945373141737693e-01
-1.386487099735051e-01
2.317572579924469e-01
5.629329048388486e-01
-9.424904799744396e-02
-2.394369410630987e-01
-2.265260868932111e-02
-4.690287415731687e-01
-1.103346405652493e-01
6.972530424072717e-01
6.169714135781955e-01
-1.287865602297799e-01
8.495139082427750e-02
2.477577081445387e-01
3.316348737401603e-01
-3.039037684322326e-01
-2.161555335257370e-01
4.910087961862126e-01
-1.549327780357024e-01
3.491410637500031e-01
-3.056943688706422e-01
5.672246435357562e-01
8.533870745966038e-01
7.340570546600765e-02
-1.302900280410929e-01
-8.574646057649596e-02
9.674027278681879e-02
1.961026243558802e-01
3.216216972937256e-01
-5.722001660587619e-02
1.146751381934819e-02
6.140219592882392e-01
8.540773967233931e-02
4.275278077577937e-01
-3.138149580217915e-01
-1.048623854200472e-01
5.434061479850567e-03
6.382216660236244e-01
1.297801365160227e-01
4.506192132237159e-01
-1.309720327917940e-01
-5.026292061325789e-01
5.918262254007445e-01
-2.456779619298663e-01
2.657218015192907e-01
5.532773660733776e-02
-3.992663422260230e-01
-2.125986748548657e-01
7.721945007594183e-02
6.602385969877056e-01
9.690971920493353e-03
-1.029378910279093e-01
-2.730301371431105e-01
-2.519394133271182e-01
-2.384356403384773e-01
-5.610217016214925e-02
6.936453495282517e-01
1.503842810182534e-01
-2.886627124026152e-01
3.591677444962035e-01
7.095945089789996e-01
2.344992141386789e-01
5.373349678583539e-02
2.286554921331513e-01
-3.938344531775204e-01
-1.973938887835718e-01
5.808178119594847e-01
-1.648339814768728e-01
-4.645228070351083e-01
4.123772127627826e-02
5.689213929886786e-01
-4.108282209450585e-01
2.060204577946266e-01
-4.425156130128695e-02
-7.676645600482447e-02
3.726972966054194e-01
1.544579390089274e-01
-1.096374165179449e-01
1.691460400972814e-01
6.227448783998720e-01
3.838749506436147e-01
-1.174285359171805e-01
-1.042484090647927e-01
8.929235797835654e-02
6.731414214498826e-01
-4.656890252813857e-01
1.766312889563586e-01
1.630656534891672e-01
3.941600834516001e-01
-1.856688520980984e-01
6.659521948834631e-03
5.580489155455315e-01
-3.484545351338543e-01
8.496409444173403e-02
-9.587895032854112e-02
2.546115189465568e-01
4.129190669619999e-01
1.905942424319976e-01
5.720175680052763e-01
-3.408072920132245e-01
2.705429612689556e-02
-1.910712857438212e-01
-2.163033898718447e-02
-8.489394892165202e-02
6.386965742962112e-01
-2.837747869108444e-01
3.895838660374325e-01
3.290345307391093e-01
3.841408450877888e-01
-1.915492198601068e-01
5.981423284079599e-01
-1.919657032347507e-01
3.730071637262428e-01
1.574103336762451e-01
-7.430662568302626e-02
1.210484039388548e-01
-3.311787217848412e-01
-1.265400804232269e-46
-2.678399268922684e-01
4.342182703736262e-02
1.238214270235957e-01
-5.908056665018274e-02
4.700670915761207e-01
-3.192525866305773e-47
-4.026311972913303e-48
2.940641772804597e-01
1.048203595874503e-01
-2.043584943999733e-01
4.049679108861614e-01
4.420399045866866e-01
-1.053207721306804e-01
-2.352994523389341e-01
3.118599171724586e-48
-8.804642690687173e-02
9.201368608331391e-02
-3.903290219630433e-01
3.709054275508935e-02
-2.085422935181200e-45
1.956562909132095e-02
-7.869846606445809e-02
3.451919516110163e-01
1.185814427186190e-01
-1.757469200282794e-01
2.269445394190426e-01
2.818763992738209e-47
-3.461618320088444e-01
-2.206265946545708e-01
-3.172670484893572e-01
1.858573964397728e-01
-3.079630345390119e-01
-1.383488436275893e-01
-4.858135564213196e-47
-3.771606985420831e-01
9.323470524688092e-02
-5.756531031132268e-48
4.463281773578032e-01
-1.078817106327288e-01
-3.125783056201299e-02
-1.708078319321247e-02
-3.830313107614645e-01
3.328172348171619e-01
3.558677020574707e-01
-6.530837229846696e-02
-9.693007087803928e-46
-4.553340671459863e-01
3.137521580346763e-01
2.216959981207370e-02
-4.019617370923831e-01
2.305393708908799e-02
-3.715928958952618e-01
-3.856587994848786e-02
-2.138038106508442e-46
1.690600154398620e-01
-6.976756628733372e-02
-4.626289310784389e-01
-7.224399001311547e-02
7.115886557078678e-47
4.037960014695077e-02
-1.218264920542358e-01
-8.684424760859977e-46
-2.252819962257347e-01
4.138425698680622e-01
-5.359578903583544e-02
-2.147599015678485e-01
-2.234511180659722e-01
-2.447758235426622e-01
-3.132321989639212e-01
6.246276459228201e-02
5.658237668624498e-48
-5.272799778384947e-02
2.214609209694609e-01
2.046983844885908e-01
1.845699456481545e-01
4.458186426076789e-01
1.719146735606764e-46
-8.817720760352235e-02
3.771882615404013e-02
-1.295211411428181e-01
1.141284132801995e-45
-2.033155197807060e-01
-7.416597368391853e-02
4.916845949232857e-01
1.953832499881390e-01
-1.144939720317289e-01
3.146648119216138e-01
1.353209525906210e-46
1.422047448805130e-01
1.183547574403713e-01
-9.215260240727294e-02
2.559093733532249e-48
1.124225634557804e-01
-5.695829143619432e-02
1.537707749558848e-01
7.894414203938770e-02
-2.554777196849773e-46
1.182592607835199e-01
1.835265740371706e-01
1.449510068383819e-01
2.331651430423930e-01
-1.600618194814220e-01
2.570677531402052e-01
1.026548076503604e-46
2.767348136530171e-01
-3.121648541318008e-01
-8.664707850852059e-02
9.453760377228351e-02
-1.240572986736085e-01
5.327338511124783e-01
2.153430400009118e-01
-6.860532837595641e-02
-2.635354677801644e-01
-2.428072414611310e-46
3.712772794764117e-01
3.025138870537369e-01
-1.069077937583477e-47
-1.067098410358578e-01
8.775652074463255e-02
5.398853516032491e-02
3.548222465551222e-01
1.576767453142069e-01
-1.928183311972669e-01
-3.426036147239130e-01
3.470598998642822e-01
7.617956404176961e-48
8.081339123394597e-02
-2.682432628985932e-01
1.581672737411152e-01
2.816932794718098e-01
-1.791568769917190e-01
4.162726728680530e-47
-4.602974052573078e-46
-2.031813646075712e-01
3.719358454608409e-02
-4.586107894262542e-01
-2.053815479219539e-01
-1.914393375859715e-01
-3.331288711042076e-01
-3.207663897366804e-02
1.084957558061341e-01
-4.752542516984807e-02
1.582937310748934e-01
4.443419311437317e-45
-1.268918185630760e-47
-3.153567780348447e-01
-1.269740836321206e-01
1.249150396783811e-01
2.428503612124157e-01
6.361490630680793e-02
-1.057831657032635e-01
3.465008633488092e-01
-2.919144046552620e-01
6.930424937842742e-48
3.178109091078491e-01
-9.265880813592746e-02
8.437594236142580e-02
6.730064721930860e-02
1.205976436866058e-01
1.421663846786050e-47
-3.445633306207347e-01
-3.440213828273637e-01
-2.872938454522455e-01
-1.686497044173602e-01
1.213036519143059e-46
1.165272543915039e-01
-7.876608236148899e-02
3.393550622823599e-01
-2.463814786887485e-01
-3.062301185827030e-01
-2.951359648890124e-01
-9.240577403051992e-48
2.566509098313595e-01
-1.880547069094032e-01
-1.365261113822660e-02
-2.629028008714702e-01
4.369620961716998e-01
-1.876693976228870e-01
-1.862621299564167e-48
5.256246238593881e-02
-1.599502251749792e-01
3.218011090154160e-01
-5.561188159507738e-47
1.996536668668074e-01
-6.855379523031054e-02
1.691923717733360e-02
-2.064656270102529e-01
-2.715106419646872e-01
-6.354586382958800e-48
5.044641073050493e-03
-1.112841452958105e-01
-3.085009284846909e-01
2.604749244237987e-45
-1.892013256255955e-02
2.109132688775339e-01
-1.325314182756263e-01
-2.682672641878878e-01
4.289234754977946e-01
-2.999013822356898e-01
-4.579834790564884e-02
2.689162886052742e-01
-1.295304742753116e-47
1.689859864566298e-03
4.713748223037281e-01
3.893245898113871e-01
-1.008111297040214e-01
-8.341915683407527e-48
2.447746224440396e-01
8.411733364711250e-02
-1.570274535623242e-01
-2.590264370276625e-01
-5.660603732770522e-02
5.060927629617380e-01
-5.085401262592025e-48
-8.373765231206641e-03
-2.087188563418090e-01
-3.407312176857566e-01
-1.083207317519362e-01
2.196713504845527e-01
4.328145538654574e-03
-1.305823523954920e-46
-3.157416556271381e-01
-3.001300639940769e-01
5.763096069068822e-01
3.874905604342628e-02
-2.057185852813319e-01
-6.252360525902780e-47
2.431228069094471e-02
1.522236446884168e-01
1.946105487725593e-02
5.731567240379738e-02
3.579522521192083e-02
1.809341880690898e-46
3.646411455786430e-01
