-1.050634681865490e-01
-2.847543052755931e-02
1.102760925632982e-01
3.186685858512912e-01
6.100838291231792e-01
-2.364349395975705e-01
2.164763958026114e-01
-3.852570240467389e-01
-3.954934310366098e-02
-6.045173569011970e-02
2.504567337884381e-02
6.755062642918533e-01
4.889036509660343e-01
-2.972711208338734e-01
5.519528153798947e-01
4.049480159734340e-01
-1.067638731214301e-01
2.333441378767533e-01
-2.740524953469572e-01
3.537466424024273e-02
-1.489280801159599e-01
1.268568486950427e-01
4.803146459493863e-01
5.804157706609980e-01
-3.892914154347900e-01
-8.715305683609496e-02
6.708582476069864e-01
-1.373543715529224e-02
2.644595840274629e-01
4.235158873911368e-01
-3.410179295509728e-02
6.044824481615054e-02
1.255691867364399e-01
8.055392711085150e-01
1.445501452354979e-01
3.217555764378393e-01
2.210181193958873e-01
3.021816036950790e-01
3.436800256152548e-01
-1.910051881773872e-01
-1.995039047923103e-01
4.805106712728561e-01
1.296784577378277e-01
5.047842746662747e-02
8.074146668939357e-01
5.949501038311679e-02
5.139980286329086e-02
-1.259417137667156e-01
-1.089483854716953e-01
5.534596472914467e-01
-2.011078939022299e-01
3.621020950026755e-01
-1.279428980875770e-01
9.910947768442213e-02
-1.082249721445847e-01
3.697602736417709e-01
1.144360534438793e-01
-1.424774632901306e-02
7.392481339008499e-01
6.447862270563580e-02
-1.504640548553462e-01
6.302485419792729e-01
3.656193121517219e-02
3.098921315959461e-01
-1.450959159039693e-01
8.921368553015212e-03
-8.501008544879005e-02
6.273127801956924e-01
-7.222161045124002e-02
-1.475602300895686e-01
-2.348730954750690e-02
-1.424543074159761e-01
6.730504472698750e-01
3.696879083922603e-01
9.065024541466606e-02
3.153987542282228e-01
-1.993886460470510e-01
3.255088647204167e-01
2.440683347318824e-01
3.920880384158661e-02
6.017928987363322e-01
-2.475404800776158e-01
-2.687787262985550e-01
1.596020809286624e-01
5.930738685160185e-01
-1.532849446870350e-02
2.913060462986796e-01
7.056828676501641e-02
1.893912220795647e-01
-4.605181543757542e-01
3.190307928914915e-02
2.696972970325306e-01
6.578466927199586e-02
1.187852481262140e-01
-1.771284324881444e-01
8.232021004521280e-01
7.245404639999609e-02
-1.266370269494249e-01
-1.900986718664189e-01
3.279221689480552e-01
4.292591175835651e-01
5.674016466508824e-01
-1.915266771688278e-02
3.838296568509585e-01
1.996344234661283e-01
6.371017113998363e-01
-2.163678000376429e-02
2.595024625629161e-02
2.496899480899336e-01
1.732859493884022e-01
-3.284574541231080e-02
6.457932918762054e-01
-2.327025933018119e-01
-5.374564440229220e-01
-4.747445228630820e-01
5.290644298206880e-01
1.406247576463073e-01
2.781611370930037e-02
3.666237877253452e-01
6.650293703534484e-02
3.907735899660149e-01
1.115247317747916e-01
5.458074240512408e-01
-1.439666873018375e-01
-2.033122757033419e-01
1.282052573003437e-01
1.309441766794996e-01
3.725571724080774e-01
-3.514600613678431e-01
-3.052435186201887e-01
7.075575091927337e-02
5.514016018024132e-01
8.774936325376822e-01
-1.974388673566634e-01
-2.555724640221548e-01
-1.690570671540836e-02
2.072734712392385e-01
1.843272185678251e-01
-1.218542029907709e-02
1.837578264304716e-01
1.345635346211549e-01
-3.792248510900586e-01
6.796521031581729e-01
-2.099599437692509e-01
2.967359190763204e-01
4.985411002684198e-01
-4.156876760346385e-01
4.078607961873746e-01
4.701989637550716e-01
7.995748193152147e-02
-3.429217146118380e-01
-9.565498258499157e-03
-3.678327495299319e-01
5.666244337118180e-01
5.688356943755540e-02
1.032742896942229e-01
1.890584408538714e-01
-1.531749861335807e-01
2.951882292491952e-01
1.434355678373660e-01
2.969870121139946e-01
5.813340922106418e-01
-3.163741516322640e-02
6.338347194527157e-01
-2.150731248076517e-01
-2.328197316419953e-01
5.243396594288155e-02
1.455941043044783e-01
1.285601918030325e-01
-2.058894595411827e-01
-5.556277768802061e-01
-2.544104386117509e-01
6.947931272896397e-01
5.655317789219563e-02
-7.436906935046511e-02
-9.919073329040795e-02
3.686191937287016e-01
6.430246881656529e-01
-1.000691721105260e-01
6.260118248992612e-02
3.326172195418257e-01
9.760319096130106e-02
2.483028188051039e-01
4.961040544597861e-01
5.684565093561160e-01
-1.835764991923813e-01
-2.479631401358084e-02
-3.214431670893207e-01
2.730728416105085e-01
-4.930890369861737e-02
6.366011813113119e-01
5.332327311022670e-02
-6.079756103002904e-02
6.830424881573800e-02
-2.081667967304405e-01
1.319206989215584e-01
5.053750138821480e-01
-2.622588675311804e-01
-2.267063821933900e-01
-4.193443022543705e-01
1.131729674119901e-01
1.627691166810937e-01
6.412309590952999e-01
-4.987452527057060e-02
5.604971069273172e-01
-7.795944840843221e-02
1.524745220804619e-01
-4.839865829611576e-03
3.030536294101461e-01
-2.988234286887889e-01
4.796412027200543e-01
3.648226135253305e-01
1.245230148573927e-01
-4.108033404678626e-01
3.846134192207846e-01
2.412199949146827e-01
3.005832893340770e-01
-5.065598853495012e-01
-1.781917544573114e-01
5.505506779197529e-01
3.880453224555806e-01
-7.807690013912662e-02
-1.255390923442598e-01
2.244251397384267e-01
7.247660242870216e-01
-3.027018097367644e-01
1.852209788371177e-01
-3.849799938538582e-01
5.956397565449187e-03
-1.806410664720782e-01
1.516417965941433e-01
2.302482112531350e-01
-3.784246986679801e-01
6.118285063436238e-01
-8.952946283120859e-02
7.065856604496893e-01
3.528899870313071e-01
3.295792234110002e-02
5.451382585502259e-02
3.662558516103606e-01
4.046075570564572e-01
7.880765367359353e-01
2.086579536196237e-01
-2.521694306557388e-02
6.017853199475154e-02
-2.545357760915848e-01
-5.616385855520104e-01
-2.066544968533885e-01
1.835447133579595e-02
2.948200682771463e-01
8.666920377083865e-54
3.060772715734018e-02
7.403574857313457e-02
1.596114979733913e-01
3.249807924085864e-01
1.124344149788994e-01
4.397150193981246e-01
3.813939335537580e-55
1.861384572117399e-01
3.119751053132349e-01
7.889569816226809e-55
1.949877178498215e-02
-3.624202432362650e-02
6.671285814399058e-02
-4.721272945371983e-01
-4.965525911845655e-04
-9.415879917805910e-02
-2.604227817300724e-01
1.348950345730910e-01
-2.678958840219555e-56
2.447505841561405e-01
-2.610016164275149e-01
7.058359953128194e-54
-4.756585748148046e-02
-1.029104787761941e-01
2.085041528641768e-02
-1.641982154874613e-01
1.054956357242457e-01
4.070498005650464e-01
3.041349163956792e-54
2.689141041458958e-02
-3.996839730958451e-02
-3.381640775778537e-01
1.549041544767499e-03
2.766983933387445e-01
-3.847673244935157e-01
3.091614082756691e-01
2.068578613572887e-57
-4.770318088758730e-01
-1.242113782362790e-01
-1.013918098357215e-53
-8.693916507539319e-02
-2.292171424193839e-01
5.989441056361147e-02
2.883703215437906e-01
4.473397981911931e-55
7.718660689715601e-02
1.063900026161787e-01
4.357640374947775e-01
4.401521765572772e-01
3.127499147688134e-01
-1.746408540459907e-01
1.612950771113348e-01
3.165366742905433e-01
-7.912126239385640e-55
-1.819265934777370e-01
-2.816455373893972e-01
-2.348951813448457e-55
1.675555606141698e-01
1.043429925905260e-01
4.137980497105703e-01
-4.148851156528107e-01
3.765855293149576e-01
-9.020754542720234e-55
-4.351846080094038e-01
2.272303458401000e-01
1.385958139553339e-01
-3.864872075366266e-01
1.325240361876677e-55
-2.457034296056207e-01
6.474853127466793e-02
2.947973847603805e-01
-6.280060790464871e-02
-3.893956130888200e-02
-9.941896066207439e-03
9.770001220301519e-02
2.068353436039999e-55
5.175044914992001e-01
-7.369641460836582e-02
-3.672346845801968e-01
1.110020559515254e-58
-2.605509024620489e-01
-3.200912342431933e-01
-2.351891611483514e-01
9.608509947548546e-02
-2.745029392323679e-01
1.183872704856102e-01
-2.401481976285909e-02
-4.175162303833850e-01
-4.717637785204040e-02
8.737364130569639e-02
-9.575990168104215e-57
4.315677577700406e-01
1.479945173744650e-01
-4.181939627480917e-02
-9.475075227393291e-02
-3.315951270768676e-01
-2.124556858729930e-54
3.779531689027841e-01
1.740995031579648e-01
-3.848197298797447e-01
-3.999177803125050e-54
-2.848096606287698e-01
-5.524408053677445e-02
-3.527783198453507e-02
-3.460392790915771e-02
2.614481791186614e-01
-4.026793490107072e-55
-1.053633341002173e-01
-2.541468567557126e-01
1.141076612963551e-01
-1.551707491291045e-59
-3.694908545186650e-01
-3.235190923942059e-01
-1.200252186820285e-02
2.845541292802006e-01
3.287933452235562e-01
-4.119130500933403e-01
-1.805230572433697e-57
-2.615781987943518e-01
-9.569833743334660e-02
3.210838899133671e-01
-2.214002374545310e-01
-2.027640694138427e-01
3.851152424201398e-01
2.748595782529510e-01
6.568121523228715e-02
-4.729352383746623e-56
-5.717800254877405e-58
8.530743879006868e-02
-2.105465049517465e-03
-1.658060038902310e-01
6.558635247319260e-02
9.698413885550022e-02
-3.350038934789057e-01
-3.894474288976758e-03
1.271600441273629e-01
-4.119505728834129e-01
-2.163330043763255e-56
6.313320148252871e-03
-1.967597695070144e-01
6.220485309599225e-59
-3.512535811085576e-02
-6.445919725462987e-02
-8.065318714456551e-02
-2.148709049175286e-01
2.888424349120463e-01
-4.743330145178752e-01
2.185107956488704e-03
-1.787191209888189e-54
-1.712761205182617e-01
-2.725539469111579e-01
-3.339468278263359e-01
-4.155219977060179e-02
-1.141591411007471e-01
3.693916907397178e-01
-3.797423663756157e-01
2.215208570812169e-59
2.388405400711305e-01
-4.590090655972467e-55
2.763080876519681e-01
-4.846039881497945e-01
9.809064499734224e-02
-3.082051574502738e-01
-5.458451570470677e-02
-2.199322208332046e-01
-1.692979962686021e-01
3.532013934148637e-02
-5.801881283933694e-55
-2.098054480491673e-02
5.334192957357914e-02
-5.063623722564040e-01
-2.073822660384081e-01
-1.157967733764565e-59
7.805882751930904e-02
3.361369286657160e-01
1.231039142496562e-01
5.061294362992953e-02
-1.891364365054756e-02
-1.981947180307115e-01
-1.721109446816155e-56
3.973255965546160e-01
-1.582768869967254e-01
3.419149112351442e-01
-5.149848451550489e-01
-5.060766209197585e-02
-3.802833438891777e-55
3.502780534786670e-02
4.991150198200835e-01
1.569652890920006e-01
-2.542452990419919e-01
-3.803945773936031e-01
1.028800821451796e-54
-3.516012944533721e-01
1.588583214562633e-01
1.023146549594165e-01
4.891114594375503e-01
-1.715937539866353e-01
1.198865547370234e-55
-1.241344605362911e-01
2.331991572517495e-55
4.148877529325969e-01
-1.703889599649963e-03
5.076171721473088e-01
-2.129303336690447e-01
1.439438378647548e-02
1.969123882326671e-54
-3.068866748757362e-02
-3.600339519131650e-01
2.665397811651664e-03
-2.126864675314599e-01
-2.658194212145845e-01
-8.715049589372002e-02
2.440739611589066e-02
-1.793566064843412e-01
1.397393523109641e-53
-7.885790711888116e-02
-3.390205776555663e-01
2.748287473806230e-01
7.760901645838190e-02
3.153669239724078e-54
1.209884168856655e-01
1.943499106820625e-01
2.187752440011213e-02
5.934482436656952e-02
-3.785926407575094e-01
3.069383457951302e-01
-1.358573490295639e-01
-3.380265022391712e-01
-4.233963935538335e-56
-1.000246519721365e-01
1.404945956112984e-53
1.423366890421368e-01
1.966613076274759e-02
-4.260159562238570e-01
-1.335944998333445e-01
-1.231483628010310e-01
-3.153918594307888e-53
-2.583540456662752e-02
-1.364577396024995e-01
1.575988045951199e-01
2.082139737680444e-01
