4.174198714768055e-01
-3.743779476543261e-01
3.139619574836431e-01
4.881761447053378e-01
3.376805647880269e-01
-1.494803762537322e-01
6.155361860753115e-01
2.305942466590387e-01
2.702802309285155e-01
3.310802891017149e-01
-1.007322872774560e-03
1.468915842766715e-01
3.041636412058757e-01
-2.291498703845045e-03
6.646495217702508e-01
2.087184058178423e-01
-5.374863382853803e-01
7.714102267183776e-02
2.807049920179394e-02
1.863732394023001e-01
6.225578752041220e-01
-1.831454467115743e-01
-1.849468436512366e-01
-3.784961511759846e-01
-1.092559531587579e-01
2.349570470331571e-01
4.047288431993026e-01
6.701023624188458e-01
-5.655987907768627e-02
-5.805460103388167e-02
1.275217908553083e-01
5.760629279741435e-01
3.236208875923345e-01
4.770337129722247e-01
7.891142954287411e-02
-6.405253249783424e-02
3.166179425453367e-01
1.251032403697895e-02
5.536991938243897e-01
-4.615894413814675e-01
1.769947557897350e-01
3.127727891565202e-01
-2.239758851651461e-01
3.701892242641322e-01
-1.069493353422263e-01
6.686174012536821e-01
-8.912825767435414e-02
2.995865789768701e-01
2.291276025623254e-01
-2.311035208775238e-01
6.565674617982856e-01
2.949901394705624e-01
2.517033156350056e-01
4.008925527209011e-01
-3.783219614792586e-01
-3.544461665845158e-02
3.797156395061553e-01
5.607505455567705e-01
4.975485448523903e-01
-2.009692593387649e-01
-4.855708017742604e-01
5.404818043574251e-02
-3.955532790229081e-01
-8.628479027286737e-03
-1.358851718851886e-01
5.815191271906460e-01
1.043773114067726e-01
-5.917078649508389e-01
-2.298070808625449e-01
1.501989954521073e-01
6.781219363152038e-01
7.596487059702828e-02
5.782611790264895e-01
-2.496743161128048e-01
-3.219348244417186e-01
3.307169173879820e-02
-2.129415019920281e-01
7.583236668635444e-03
5.823258717545865e-01
2.476918437012053e-01
-1.972350506421464e-02
-2.412056753039739e-01
6.114754821835980e-02
-2.975121624556676e-01
1.785918849470691e-01
8.099546342067901e-01
-2.177031474317466e-01
1.286477792663084e-01
-2.069487761050687e-02
-1.751452456216714e-01
-2.816963113950616e-01
-1.015662399104206e-01
-2.614533602969014e-02
4.115282640462771e-01
5.148613410151363e-01
5.714255799914831e-01
7.972018773641700e-01
-9.388989632946847e-02
-1.067357542687287e-01
-1.849584022088204e-03
3.243836371361842e-01
3.549106960494889e-01
1.836942654283544e-01
-1.800298126369214e-02
-6.574315772643334e-03
6.264721797039238e-01
-3.571829408397657e-01
-3.461240324748963e-01
1.761171060172335e-02
-4.638446961746995e-01
1.678057431353703e-01
6.383065535442171e-01
-1.344903755809951e-01
-1.753297597984373e-01
-2.264367355190216e-01
-4.300567435612715e-01
5.348352884112898e-01
-2.145902195128125e-01
-1.166709819655100e-01
-2.935959875219019e-01
-2.143781143008068e-01
2.013040382109831e-01
3.535460447851022e-01
-7.189282587169360e-03
2.531675205516119e-01
6.377473749373692e-01
5.885990026645636e-01
1.429002202465738e-01
-3.239982602636625e-01
-2.673407143653390e-01
9.299687597497686e-02
-3.238684259086770e-01
3.309883543351970e-01
-1.862028620131047e-01
2.141240067478739e-02
-2.087146911004698e-01
-1.467979105399223e-01
6.859898556665694e-01
-1.611659219528425e-01
3.751975662936962e-01
1.624743629774365e-01
-8.531661411174740e-02
-1.032551754937120e-01
7.358201207847931e-01
2.310482255665915e-01
2.835638360561740e-01
-1.192167384021501e-01
-1.187300074229597e-01
8.054935614578076e-01
1.006170569349667e-01
8.056455249876508e-02
2.891426706074461e-02
3.013354646225792e-01
-4.738921348640482e-02
7.577468638932238e-01
-3.478363880295934e-01
-9.506392538716230e-02
-2.264754390007690e-01
1.347820919791697e-01
-1.599784471122649e-01
-3.802222424847039e-01
6.198532433902426e-01
-3.853210742422735e-01
6.456694141603702e-01
-6.132786828788880e-03
3.811168238900390e-02
4.629452708508611e-01
2.451806794945018e-02
5.569475442810204e-01
-5.761994112103291e-02
3.227632566093105e-01
-3.076425607210489e-01
4.236818209514586e-01
-6.157760383837933e-02
1.187664473459485e-01
-4.171078966270565e-02
-1.893784038882034e-01
6.829710134031645e-01
-3.676889646382286e-01
3.177476817523130e-01
-1.660646914029538e-01
-3.414865101092750e-01
9.326031604661124e-02
6.080401509696635e-01
-1.311913624481752e-01
-2.179298144349106e-02
2.442383936309738e-01
3.427528485721402e-01
3.472460713348696e-03
4.316585613361369e-01
5.343918943161559e-01
-5.397623883297384e-02
-1.150288531600816e-01
5.656698358201454e-01
3.322126786566541e-02
-2.773967329837035e-01
5.771105605684847e-02
-1.795795644325526e-02
7.670785393100141e-01
1.486891160638200e-01
-1.186925636625596e-02
2.059576623589613e-01
-3.287417711838315e-01
-1.366509451105466e-01
-2.603509769845199e-01
-2.485602437528514e-01
7.400414704267759e-01
1.534387114210992e-01
-5.398224543938891e-02
7.792734940543089e-02
3.617464389892223e-01
4.176813000184012e-01
-6.724550249269066e-02
2.336431776037448e-01
-1.996491287607445e-01
6.551838307552653e-01
-1.555650636510095e-01
5.410826815872556e-03
-4.982633152682784e-01
5.899992997416766e-01
5.832053738316113e-02
-1.126150217365698e-01
-2.664499124259934e-01
-6.991318805355430e-03
5.832099680633670e-01
-1.445367746225047e-01
-3.138748758206855e-01
2.352308975493801e-01
-9.868965145318948e-02
5.700467407226810e-01
-3.130387688381510e-01
2.733667476343587e-01
-1.934252841560921e-01
-1.660431634373790e-01
9.025399216584332e-02
-5.656750694136011e-01
-5.916596144500563e-02
3.944879875510647e-01
-1.006881066224833e-01
6.287819864916827e-01
1.894577349531035e-01
5.067048332304072e-01
6.551501081980237e-01
-3.974826501113000e-03
6.401422161375964e-02
-1.757990584501842e-01
-3.094080028924973e-01
-2.293683712154521e-01
2.451965242860213e-01
-2.212523572393769e-01
5.622532017587193e-01
3.160798551861234e-01
-1.228304873719418e-01
1.394681185271976e-01
-3.163714962204787e-01
-2.896243988654788e-01
6.631894062506069e-02
5.111106099821731e-01
5.216354528485099e-02
-1.648422846997100e-01
-1.365492974491797e-01
1.448604825325943e-46
-4.325255452815099e-02
-4.024061245691917e-01
-3.383531758347662e-47
-5.871855639891339e-02
3.382353612739402e-01
-4.365476124440752e-01
-1.336393817594420e-01
-1.934255747752330e-01
-1.798612848805917e-01
1.017775268667197e-01
1.365569658864719e-45
8.133065853274631e-02
2.787281846629368e-01
1.737077276220313e-02
3.036397699275695e-01
-2.583563187595691e-01
-1.341298981195449e-46
3.350738680022234e-01
-2.113827648217087e-02
-3.069615734461588e-01
2.416445800694750e-01
-3.025127248925178e-01
5.263835897375920e-03
4.274998447780618e-46
3.056844392584931e-01
2.647066627752268e-01
4.979412864790576e-02
-1.796539067584476e-47
-1.858951248935208e-01
1.611352543399210e-01
-2.421395914739329e-01
-4.331693760915843e-01
-1.662814697475272e-01
-2.737345750746040e-01
-6.932906404423749e-48
1.610819324775956e-01
3.493932453956849e-01
-1.385011656552427e-02
-3.630549590387078e-01
3.460509836032963e-01
1.223379827259175e-03
-1.609320105317515e-47
-5.687039643199176e-02
4.260823524587076e-02
2.997195194868582e-02
1.705565953011145e-01
4.261776017959350e-45
6.452482910094663e-02
-2.216175734030344e-01
2.620240822144678e-01
-1.403870005139340e-01
2.384260489678314e-01
8.915383561174599e-02
2.884144121810938e-47
-1.492742605688678e-01
-4.755135842808703e-02
2.919201427508646e-01
1.013203539612109e-02
-3.647820165139786e-01
-1.718345391537456e-01
1.485301079958245e-02
-1.642768291772993e-46
1.590538949555683e-01
2.334029095679217e-01
2.006448094517710e-02
1.311429508228738e-01
1.121404927712509e-47
2.489996086912813e-02
8.851355631065379e-49
4.849129707533041e-01
4.231855589217112e-01
-1.851374993824421e-02
1.224336394483577e-01
1.535578929351916e-01
-1.862767175901287e-48
-2.598775559400476e-01
-2.851843962457021e-01
-1.991581350174613e-01
4.864223781224831e-01
-1.535788042366750e-01
2.501048865725889e-02
-5.864942363818998e-48
3.555752614307598e-01
-1.102051707364293e-02
2.412916692969583e-01
-1.778397314152700e-01
8.931579853899304e-03
-3.549738577148432e-01
-6.773032756008013e-02
5.236917852382478e-02
-1.235591417136746e-01
1.492537043931589e-47
-4.483111636460351e-48
-1.005605361768547e-01
-2.613566580501556e-02
4.669925869654733e-02
3.371404304550532e-03
3.163603706042259e-01
-2.170512683350564e-01
2.107911564523111e-01
2.890867934974927e-01
1.847306581198560e-47
-5.489582949384379e-02
-3.845923892448049e-01
3.004932337422534e-01
3.963515800719592e-01
-4.517692207506685e-02
5.735893693140564e-47
4.397920053083512e-02
2.207936435696317e-01
6.411200492206505e-02
1.505511082467526e-01
2.687774062231704e-47
1.156414782983865e-01
4.484793349310437e-01
3.009758818077988e-01
3.054031853402658e-01
1.469560724247563e-01
4.592617564571928e-02
-2.971176159012878e-01
3.352632173575262e-01
-5.311246397403305e-48
7.205614317992090e-47
-4.301610413876433e-02
1.846744607845777e-01
-4.037415181016193e-01
-3.408674397452178e-01
1.673103943693620e-01
3.528034055713827e-01
2.385774538931993e-01
1.589213806099865e-01
-2.074584207684596e-01
-2.644593269688221e-01
1.035785522716135e-46
-1.220977523288683e-01
-1.333557359280465e-01
2.630237518072919e-02
1.434299528979027e-01
-4.399170687809936e-01
2.950004306999527e-45
-5.930223845888438e-02
-5.418448846218255e-02
3.211149816618546e-01
1.964486031846170e-01
8.310477779580183e-48
-1.754866201522891e-01
2.112580352868563e-01
-1.868964637796384e-01
-3.271314339678485e-01
-4.986461990392382e-02
4.179354332875453e-50
1.240659285006899e-01
-2.513618319343929e-01
-2.763681156455958e-01
-5.787585419421320e-02
-4.074800904380901e-01
2.411921811297045e-01
2.204062105678295e-48
3.907206382667620e-01
-2.750579401528549e-47
9.120094993946613e-02
2.851761776301355e-02
-5.302487547165993e-02
2.315685300629536e-01
4.814027791932539e-47
5.068273123045963e-01
-1.166246711247887e-01
-8.996096337930629e-02
1.078367330644450e-01
-1.190556562212240e-01
2.422726981585364e-01
-1.410553787290187e-01
-3.524830259613813e-01
2.562148854921900e-46
-2.065217106426701e-01
-1.393597243014648e-02
-5.331017709963518e-01
-3.705764638099771e-01
-1.490977078741456e-01
-2.148649494257451e-47
1.047836462833085e-01
-7.056138837916999e-02
-4.442366660423312e-01
-8.118495610841475e-02
-1.182889484000649e-01
-3.021371921990869e-01
-2.040258307680276e-47
1.970340540780206e-01
2.127046772069576e-01
-4.997347079949634e-47
-4.753785121624826e-01
3.985415214691676e-01
3.491627055154186e-01
-1.819406405812060e-01
-3.191399937527398e-46
2.339859321741396e-01
-3.242921140892713e-01
4.514672277516349e-02
-2.412523148297522e-01
-4.721518663484031e-03
7.893209426624148e-02
-1.317174590111524e-01
1.440676073477987e-45
-3.582943576490531e-01
3.230615358365752e-02
-3.704663338153345e-01
-6.094758535437377e-02
-2.902282050737114e-02
-4.876781058773551e-02
7.111023006172512e-02
3.930053820363441e-01
1.528055288555001e-48
-4.031274386784778e-02
-4.665894501299361e-03
1.971195787050628e-01
-2.080054458599239e-46
5.681175098995441e-01
-7.796116485852523e-03
4.143492585096152e-01
-2.977370135132283e-01
1.397160385176099e-47
1.726518841433605e-02
-7.268187324535959e-02
3.849239250251580e-01
9.344457616592849e-02
3.574326912027658e-48
-3.884844808138498e-01
-1.592174100592373e-01
2.207456192974658e-01
4.403065422537090e-01
-8.649356238885678e-02
1.118343040147347e-01
1.645561953272599e-01
1.562719593975843e-01
1.890818697572003e-01
5.715010021983875e-48
2.366479602746165e-01
2.728751414876113e-01
1.558134853554867e-46
-6.802521120427359e-02
9.227476075106707e-04
3.286700546786224e-01
-3.865782669382436e-01
3.499439718755167e-01
-1.099037359297842e-01
-2.056341212537841e-01
1.118636955449111e-47
1.673308900296117e-02
-4.577379616135641e-01
2.606808806530305e-01
-2.810275996360056e-01
3.183063720352966e-01
2.410017021721495e-01
-3.583294370348336e-46
