1.690490985296859e-01
-4.625115021870884e-01
3.218644735448689e-01
1.846780411149593e-01
6.557057475917354e-01
-2.314585417960938e-03
-3.183949544740047e-01
-5.644128336312756e-02
-4.158094118513465e-01
4.562390485615478e-01
-4.554403480715374e-01
-3.647671410594896e-03
5.718997106465337e-02
7.974533341873825e-01
-9.471967079116206e-02
3.925177419842127e-01
-1.532061952823706e-01
3.611275365143936e-01
2.601017549168286e-01
-2.687142289099119e-01
-4.362239530471625e-01
1.148404873178219e-01
5.015274221553195e-01
-3.917860219576195e-01
-3.869413931426180e-01
-1.987670672280380e-01
6.895521968261946e-01
-3.482999523164790e-02
-2.742800901998559e-01
7.868900603570364e-02
-1.205368440000674e-01
3.257251789292932e-01
1.040643832659790e-01
-3.114997253358676e-01
-2.318723066365821e-02
5.941647452037819e-01
-3.921960487147090e-01
-1.352948525494584e-01
4.979696088547336e-02
7.724794997281693e-02
-1.379071013072416e-01
5.783679123325572e-01
3.458788026985198e-01
-1.138151499569489e-01
3.551228578828152e-01
6.267233697719223e-01
5.741683206048693e-02
1.729789076688578e-01
-5.610388586363427e-02
2.599798904465485e-01
-2.823008417956920e-01
-2.236288775580478e-01
5.849197993422631e-01
-2.951266209017032e-01
-1.845886607179324e-01
3.986219940985609e-01
-1.605347699733403e-02
-1.441216222382492e-01
3.531885897094247e-01
5.845691877571996e-01
-1.488908360475740e-01
1.476722202600364e-01
-1.574999913861593e-01
6.523874972173119e-01
1.455878932998307e-01
-2.142880541853385e-01
-1.089397697376586e-01
-1.917689306085075e-02
4.912955122925372e-01
-1.919864727385818e-01
6.155304202005696e-01
2.668045743684837e-01
5.511849700564662e-01
4.951783437097561e-01
2.278048096119109e-01
-9.920406700720225e-02
2.015077273430569e-01
1.109709446188137e-01
-1.106632669132421e-01
1.585256753728079e-01
4.836788170345654e-02
5.882498421163256e-01
-4.951207707030783e-01
1.533234959205881e-01
-1.286137966348062e-01
1.633546739965260e-01
3.265518412346637e-01
7.183654797819535e-01
-6.368495471898643e-02
-1.586040101824784e-01
4.079747855502709e-01
2.417736216787434e-01
-2.436933687203255e-01
-1.237996172341631e-01
-3.500945560408179e-01
6.002510036159432e-01
-4.968143415053642e-01
-2.282293976468281e-01
-4.435627481026470e-01
-1.842459045761980e-01
-7.449739700838737e-02
6.156013954536070e-01
8.028994160302482e-01
1.250991557976910e-01
-1.714547665361058e-01
-4.699446166266677e-01
-6.724808748419453e-02
-1.925668154306394e-01
-4.054438815309571e-01
7.148586061033168e-01
1.166087928690897e-01
-1.158811943886428e-02
-1.567841594874749e-02
-2.510477492952477e-01
-2.613035992896970e-01
4.238257431663973e-02
-2.256017986135999e-01
7.059918081143358e-01
-1.837902756890260e-02
-8.242708193564743e-02
6.225942197008266e-01
9.791391884799786e-02
-1.989216073147664e-01
3.959990016094506e-02
6.831162669450243e-02
-5.521025413446312e-02
5.267409801938834e-02
5.690112554908288e-01
6.000322137972614e-02
-1.835146874668535e-01
-6.553565472615717e-03
-2.839507884020761e-01
-1.469767535957587e-01
3.662958161189193e-02
7.257634427727326e-01
-1.002646420571368e-01
7.398484075459072e-02
-2.008829361551832e-01
-3.766186659716723e-02
1.899727988212654e-01
1.262385189488799e-02
3.659087092663928e-01
3.221883266225576e-01
6.907150390788257e-01
2.198096723961179e-01
-3.121866932415318e-01
-2.279068148322359e-01
-1.197399198245396e-01
2.426346348682297e-01
6.382715575068236e-01
4.212080028269709e-01
3.685410348743322e-01
-1.581657881144939e-01
5.951308171460266e-01
-8.916617704256440e-03
-2.432691006507358e-01
1.879200781931465e-01
5.752404150175703e-01
-4.187279276898104e-01
6.549285550058277e-02
2.243574938919821e-01
-2.674919828656387e-01
-4.320733273347378e-02
1.520682400447155e-01
6.300944447316226e-01
1.737812053369507e-01
2.038753565173954e-01
6.695672802619541e-02
3.692683311069078e-01
-1.746303303859175e-01
5.330405271029719e-01
1.430723749996096e-02
2.792795556496737e-02
6.683824640015915e-01
4.047558937297430e-01
-3.370300138311309e-01
6.861466869800001e-01
-2.562286887904920e-01
-3.370747243288243e-03
-1.130750562214851e-01
3.818041796821607e-01
6.058950959318818e-01
2.569914650091532e-01
-7.521121638673292e-02
2.930835486515786e-01
8.475035425061872e-04
3.663746799551741e-01
3.683123009380406e-01
5.080251135562989e-01
5.876831143076001e-02
-3.649046018563729e-01
-2.277951272055408e-02
-4.844033078044920e-02
3.529337606755853e-01
7.327181059494601e-01
2.997426461245675e-01
-2.554718601112527e-02
1.253791809288237e-01
1.029572321633450e-01
1.133732104926987e-01
-2.409636686257770e-01
-1.842323701545799e-01
8.087429863541035e-01
1.048398823504913e-01
6.984442213634968e-01
-1.382494798803254e-01
9.058652272521159e-02
1.851596110637892e-01
-3.539408338400997e-01
-1.506186290816614e-01
6.251590067795247e-01
-4.520230697586365e-02
1.339120754791875e-01
2.135993174795785e-01
5.374756505249747e-01
1.456695329635459e-01
-2.699986318474623e-01
3.341040535025209e-01
2.146422764902638e-01
2.970301358046263e-01
7.080558901315566e-01
-3.546210744910486e-02
2.946371747251893e-01
-3.818612010661929e-01
-3.919075720728179e-01
7.128948417492869e-01
1.047949605263879e-01
-4.751146877279404e-02
-2.613105404109555e-02
-1.286013188440577e-01
5.836393061260334e-01
-7.907650127195456e-02
1.706167527435243e-01
-3.733046080970480e-01
1.026478949405120e-01
-1.041663457402799e-03
2.838966275926505e-01
-1.193559504272328e-01
3.229330823246904e-02
6.371329300012444e-01
-1.123481231164024e-01
-1.576767300633463e-01
1.095215352040762e-01
-3.677797552483804e-01
-3.504421491984893e-01
5.561911943066730e-01
1.602302327924924e-01
-1.153205118754894e-01
-1.066429927699948e-01
5.350783529982541e-01
-3.477647915652468e-01
5.748122259977240e-01
2.153898512732826e-01
7.176682391742619e-01
-2.206665200092254e-01
-2.894696193573981e-01
-1.152146753460738e-01
-1.364491042335335e-01
1.880585625630437e-01
5.183411135406439e-01
-2.933865301600968e-01
-1.283371285356250e-01
1.472648056596096e-01
2.328832806745637e-01
8.367069667100262e-02
-8.791892925913494e-02
-2.061097141103954e-02
-4.178341338824349e-01
1.622742058584965e-39
-1.033007825724899e-02
2.831602978080567e-01
-1.880593150446609e-01
-1.616487247973458e-01
-1.588272359342432e-39
2.300512569975803e-02
-4.058850522699545e-01
2.142817023459977e-03
-3.566370476871260e-38
-7.257545949596486e-02
-1.293618427950156e-01
-1.199044942341333e-01
-8.652684091837121e-02
4.096846228688705e-01
2.454446718429512e-01
1.319257028766957e-02
1.513075634862569e-01
1.419395184968892e-38
-2.194136562905857e-02
5.963814797708422e-02
1.190752612385324e-01
1.083057338451488e-40
2.859950124918206e-01
8.266651467179563e-02
3.824769230169043e-01
5.285044241539288e-01
-3.225401189382598e-01
1.880582982847987e-02
-1.398310956100205e-01
1.211926605953931e-01
8.676129773713506e-38
-1.177585779638681e-01
2.881885917318552e-01
-3.907768115449682e-01
-4.242197150819107e-01
-1.905626887850291e-01
-6.987304833742617e-39
4.521495788605729e-01
1.055904454632110e-01
-4.125865814005993e-02
9.338241574863029e-38
-2.496435506540860e-01
1.889136863257930e-01
-3.078186829188450e-01
2.817504409833939e-01
-1.559146587265439e-01
-3.865575687451298e-01
-2.345534264328708e-38
1.498548933546439e-01
-4.798121531288352e-01
4.873987170990006e-02
8.472610733093899e-02
-2.259726968472056e-01
1.694048715079799e-01
-1.581630660731547e-38
3.078740716346749e-01
3.427528849494979e-01
-4.096496315693783e-02
-4.270722574572212e-39
4.087625596093122e-01
2.397135648633046e-01
3.394732668392578e-01
1.578514015695552e-01
-1.220236397954236e-01
2.291283391157415e-01
-4.550765007919811e-39
-2.278665833367411e-01
-5.086332479207525e-38
3.280553909444814e-02
1.209535205818639e-02
-1.842109314954070e-01
3.685809271564408e-01
-4.066067826542928e-01
6.861832302800965e-02
-2.399205360197520e-01
-2.027469304453083e-01
7.022433317979630e-39
4.475219703942235e-02
4.901161455067261e-01
-2.239343818004260e-01
2.169109912624790e-01
-3.543370148125325e-01
-8.874635301893940e-39
-1.325210089068500e-01
-2.540947567115162e-01
-1.401471658218383e-01
-1.484305685951309e-01
-2.802322286451649e-01
1.622949638952128e-01
2.664192231428730e-01
-3.329792140794661e-38
1.848822985660764e-02
-1.987394327939921e-01
1.059542323740589e-01
1.282083410602191e-01
1.355529127519296e-01
-5.605649991867598e-41
8.633975127755569e-38
5.170032473018307e-02
-1.202414906018578e-01
2.737443726885494e-02
-1.731233821388335e-01
1.326920848186709e-03
-4.700978568226857e-01
-8.624959440366915e-38
-1.326172813457951e-01
8.080873166632770e-02
-7.182556226701452e-03
-4.928258760906225e-02
8.234227112192487e-02
1.933455506729806e-01
3.880593232848581e-01
-4.823160005401388e-39
-4.178081238356910e-01
-6.446014993422289e-02
-1.440102130805365e-37
-5.119512804831086e-01
-8.055041476201441e-02
-1.934490252049867e-01
4.033721861037480e-01
2.919290407903183e-01
1.770073224669662e-01
1.045155978756416e-37
1.717234423616566e-01
-2.526671902075331e-01
-5.595728003415537e-01
-3.431029630054348e-01
-3.390684714097648e-01
-2.449332959706053e-02
-5.837140898076906e-39
-1.741540830417073e-01
-4.008023850926660e-01
-2.964848657291501e-01
1.060096925133066e-01
-1.987666861209957e-01
2.592980471093286e-02
4.309118550225348e-01
1.022113464722259e-01
8.613119465994508e-38
7.874604517943138e-03
-1.648735925161412e-01
-4.289988911084094e-01
2.929841887379119e-02
-3.309654179085776e-01
-1.824155704499491e-39
-3.473769688430761e-01
6.232986305499762e-02
2.097513409489641e-01
-5.094856644589670e-38
2.509610676247513e-01
-1.295067709214119e-01
-7.725874173231731e-02
-5.124916431912864e-39
-3.015410141355244e-01
3.818515034189340e-01
6.213252906837813e-02
2.927574993381302e-01
-6.730781697726469e-03
5.592118282005751e-01
-1.176341809666032e-39
-3.897719448616560e-01
1.289563639904847e-01
1.429195952208852e-01
-1.760226894964709e-01
-1.087985982181703e-01
4.318386558107378e-02
-7.207362843023485e-02
2.267434266553696e-01
2.547050941470888e-37
2.423293795194225e-01
-2.021166400778203e-01
1.879931921659508e-38
1.074826115623480e-01
-2.322296656689964e-01
9.098293905462475e-02
3.970321264858829e-01
-4.188623929849254e-38
1.641260669527753e-01
2.422868696623021e-01
-1.718538171778487e-01
2.381347080706729e-01
-1.907896305214154e-01
1.176874561620038e-01
-1.083045661624831e-37
3.688912660176672e-01
3.381409895158159e-01
1.850054658386585e-01
2.916604263069371e-01
-2.694435973145295e-01
6.021216698323708e-39
-3.600752344528630e-02
1.043413433027549e-01
-2.452507012011437e-01
1.619450311696961e-01
-3.953415263024131e-01
1.238012375069911e-01
1.443358891590949e-01
-5.206157842165908e-38
-2.835379907474493e-02
-1.925030014745365e-38
-2.631787925013649e-01
4.159684834057257e-01
-1.675547644952835e-01
-1.113955292227895e-01
-1.408412118554939e-01
-4.827458783218406e-38
1.538735039914698e-01
-2.013304883263706e-01
2.922289912303255e-01
2.568532368642159e-01
1.337676276050521e-01
-1.905118258014284e-01
1.114870984243092e-01
2.325785230064747e-01
1.704304485715791e-01
-2.218169430595464e-39
2.161316060562965e-01
-1.926461339286504e-03
-2.134036709959518e-01
-1.927019656341021e-01
-4.014707061974391e-39
6.263804152244572e-02
7.562158871619526e-02
-1.162111768987137e-01
-1.199062249360182e-01
2.543700158933159e-38
3.227628091129746e-01
4.748175232615407e-01
-3.315335240922558e-01
2.164274002130022e-01
3.227824500162128e-01
2.257253186681878e-01
4.441372093695228e-03
-5.344501692550295e-01
-6.660496365718890e-38
-2.130228537266604e-01
4.765587916343443e-01
3.171539051566263e-02
2.185804042600425e-01
2.486572162832111e-01
8.096100772989685e-39
-3.132826754748804e-01
2.213424785844021e-01
2.334803369051884e-01
9.846479370107640e-02
-2.548576030558898e-02
9.667868793250202e-39
-1.342143569747523e-01
-1.374039071949708e-37
3.627121518855949e-01
-1.994238495667801e-01
2.047321145249713e-01
2.071754043469675e-01
-1.423261571915239e-01
8.575801188851661e-38
2.848522266234445e-01
4.762979342414977e-01
-2.577658339689757e-01
-3.504117202072813e-01
