-1.774377882735434e-01
2.753428003852277e-02
1.586122479787084e-01
8.431727072044027e-01
1.165967578808001e-01
2.915787485049227e-01
8.159311432844327e-02
7.555971519385220e-02
-3.342965958895146e-01
2.684795623377779e-01
-8.832458910135556e-02
6.056805848630699e-01
5.575438878036080e-01
4.112519008596748e-01
2.551861260192985e-01
-1.319856463707713e-01
-1.199866479411555e-01
4.823424594702298e-02
3.562823434015110e-01
1.026448722810247e-01
-2.329711469957478e-01
6.549114662258474e-01
-1.231680957464455e-01
-3.575981921474409e-01
-1.115043064151316e-01
1.438819983543756e-01
5.401239760450770e-01
4.378237854583737e-01
-4.407184190155686e-02
5.636185147694566e-02
-2.153535266728939e-01
5.723829856162648e-01
1.910473840623163e-01
-4.338948352914396e-01
-1.690657072996213e-01
5.882427126064920e-02
5.486474126286185e-01
-1.173801783721786e-01
2.765677953321894e-01
-4.342457640009140e-02
-1.022842520531028e-01
-1.763503647715430e-02
-1.105816171407776e-01
1.246074693112529e-01
7.699183108693665e-01
7.032185564542745e-03
5.170071069852762e-02
-1.502895911917970e-01
-8.404438131821626e-02
6.296214371029046e-01
-2.976061197052695e-01
1.755324710817392e-01
9.064469416523925e-03
1.563219195257811e-01
6.360054875802200e-01
2.668902189383811e-01
7.572218244574999e-02
4.728775086547480e-01
-1.247661994919808e-01
4.462786973270162e-01
-2.641924982377525e-01
1.699264007274580e-01
-4.893522689729767e-01
5.953231039110670e-01
-7.828666303599438e-02
-7.398798840225386e-02
3.516892377864241e-01
5.184711413217772e-01
3.057080192688920e-01
-1.109921323593502e-01
3.169778649527851e-01
7.019799558967303e-02
-3.902026186199450e-02
-3.039799235039479e-02
6.830329483806608e-01
-2.572570888667005e-01
4.604491393132040e-01
5.457488359603480e-02
1.916167594582546e-01
5.892164612452522e-01
-4.281180668528357e-01
-8.625778791871842e-02
-1.177012971444165e-01
-3.148786095045588e-01
5.803845776344168e-01
-1.582847868046703e-01
-5.376304042850071e-01
3.789077479792268e-02
-3.265998285554518e-01
-3.207199835487239e-01
-7.120471296708487e-02
6.367389210667849e-01
-7.683794542264285e-04
3.429214419588613e-01
-2.323246664856613e-01
7.834249127859086e-03
-8.635907085772340e-02
2.438830199051227e-01
-3.294836888317450e-01
5.690266135119902e-01
9.879231210544839e-02
-5.671336242708258e-02
3.529225285020434e-01
-3.092376724321241e-01
-7.748480271364831e-02
-4.153797726843060e-01
6.004290184219158e-01
-2.894216740816024e-01
-1.508075527205493e-01
6.507078831484222e-01
2.226983854804953e-01
8.308391209556047e-02
4.238163635788874e-01
-1.507276601324403e-01
6.949162303874404e-01
1.041140862243349e-01
-2.152601367226082e-01
-4.547910428450765e-01
1.291434585211326e-01
3.687443975632593e-01
1.801341796878804e-01
-6.608687789938608e-02
3.098318200540339e-01
-1.288384074254764e-01
-8.292997042906466e-02
8.705613375607495e-01
-3.691017898338492e-03
4.267227040378718e-01
-2.238079430046892e-01
2.602976898726430e-01
6.028939758613211e-01
-2.468869346451352e-02
-3.386225312852708e-02
-4.674685883082611e-01
1.206693135463150e-01
5.426199350950016e-02
1.204358468597386e-01
5.763553800973542e-01
7.276499587810460e-01
-1.695606855846518e-01
-5.668734018835218e-02
-9.012727063688185e-02
-2.115223129820333e-01
-2.082874637039583e-01
3.586115475063003e-01
6.312046706685154e-01
-2.231244909368065e-01
1.595007161410090e-02
-3.289550631109459e-01
1.197186432076753e-02
2.869393994205404e-01
-2.848051409117250e-02
-1.106331022261405e-01
-3.497283752178822e-01
-1.402813629483632e-01
5.993075907752364e-01
-6.620372239963838e-02
-1.162956611859255e-01
-3.533614625199167e-01
2.616317586490585e-01
-4.064096975718651e-01
6.205434345327917e-01
-1.020517853143724e-01
-3.008063111068163e-01
6.364028920387460e-02
7.329435183787086e-02
6.463547066385844e-01
2.526501772212212e-01
-3.486201621685032e-01
2.221641857705859e-01
-1.165802562417516e-01
-1.979260517519732e-01
3.369747595683780e-01
6.300676152385815e-01
6.263618379152601e-02
6.602900319923803e-01
3.007995277909410e-02
1.324790402387992e-01
8.598109148861363e-02
5.353491072566048e-01
-7.722538960026924e-02
6.523418566585427e-01
2.539341630575910e-01
-4.289039177820147e-01
-1.910928829413755e-02
-2.210999901124368e-01
7.092581050966331e-01
2.835277590065956e-01
-7.852912947848041e-02
-7.475589203091373e-02
3.053936047439945e-01
-3.680299444704754e-01
-1.743414599763709e-01
-5.065048810794819e-02
-2.646220027601762e-01
-1.466292529975680e-01
7.934813567138752e-01
5.436188410528008e-02
5.712904995320868e-01
-9.622091884861578e-02
-4.523065274176869e-01
1.665694012269385e-01
4.339701269244757e-01
7.300117638664083e-02
5.854875194342456e-01
3.811505042202204e-02
9.107413335892274e-03
-1.433531226466165e-01
-7.341432995705671e-02
7.679903103942122e-02
-8.494961731698150e-02
-8.314248479718501e-03
7.326387637562408e-01
3.102061809366615e-01
-2.131357842307949e-01
1.358838854174242e-01
1.472707626904001e-02
-3.336313713036966e-01
7.274377372484899e-01
2.167424169228847e-01
-1.206588696824061e-01
-3.528083314346805e-01
5.682289381268592e-01
-4.595637755736170e-01
-8.685118186973032e-02
-5.329448538012924e-02
1.763785338922197e-01
2.868506525617819e-01
3.295162864380842e-01
4.964893889122326e-01
3.944328568604189e-01
4.374884375351261e-01
-2.275435288733792e-01
-3.091386794577582e-01
6.414186503302251e-02
-3.254005971298712e-01
1.603111291904329e-01
6.039200194858588e-01
-3.582772942708651e-01
-7.571967281928312e-02
6.365598468365234e-01
-4.710494175373012e-01
2.880620310005942e-01
1.182731098161270e-01
-2.004073498309646e-01
1.545135746438469e-01
1.878451074683728e-01
5.453256077818145e-01
-2.460355516532742e-01
-3.099814100441568e-01
2.007788145095235e-01
1.589006785420502e-02
5.114369940085151e-01
1.472257131278057e-01
5.748500665634158e-01
-3.662999066479435e-02
1.645191625067294e-01
-8.332012435458511e-02
3.894475153723292e-01
-2.126405695410353e-01
2.361354771835680e-01
5.997424762633217e-01
4.523183822839213e-01
-3.783208296946818e-01
2.585253991432139e-01
1.697519651783592e-01
2.058420681471762e-01
-2.884024808706298e-02
7.538067574729286e-01
3.589359950734310e-01
-2.672667670185300e-01
5.974226757515263e-01
-2.323537811863644e-02
-8.881019366280321e-02
-2.095484289006446e-01
3.446203136297678e-01
2.039882643217917e-01
-4.783625832518001e-02
-1.364472592105802e-01
-2.579826010557417e-48
2.347158436786788e-01
-1.242487963428150e-01
-3.330056762328867e-01
-2.458704763804379e-02
-1.970704368959910e-01
8.814324586099714e-02
5.206191579201125e-01
4.989895973737319e-48
-2.324869517729054e-47
-7.321280440159315e-02
-3.384698552825515e-01
1.355195329297977e-01
4.983132564617184e-01
-1.847960395975303e-01
-2.850071941658149e-01
2.932311490390727e-02
-2.505747417906504e-01
-1.300084962890223e-47
6.057211323586728e-03
-3.022948136915434e-01
3.313233865869247e-01
-1.366131689323957e-01
2.312624775592856e-46
-2.659036513542857e-01
-4.822256096038564e-01
2.159573181245581e-01
1.202790544791227e-01
-6.466460306465073e-47
-3.350592322408855e-01
-5.541058694388513e-02
2.309317159129943e-01
4.313487062535620e-01
1.857329854670438e-46
-2.024510634160405e-01
3.697790327121173e-01
3.579177346570775e-01
4.154915284939864e-01
3.429258334058135e-01
3.439766989305670e-01
-1.914845131803494e-03
1.974274706664419e-48
2.962438162146399e-01
2.663959478278329e-01
2.776873549258979e-01
-5.811157912624207e-01
3.476628589876913e-46
-2.813832645112784e-01
5.768796933446723e-02
-1.800375482572611e-01
3.238814619507261e-04
1.487607574159327e-46
-4.546750837514324e-02
2.540932837936578e-01
-1.780766386723923e-02
7.507699238294376e-02
-8.720094385305964e-02
7.941909233535999e-02
3.706957764607558e-01
2.973988670866991e-01
-2.694506392264845e-46
-1.645044715528059e-01
-1.913596581198365e-01
-7.952756761521650e-03
2.365854003333030e-48
2.331069720123828e-01
4.962078334855998e-01
-1.987989083892915e-01
2.370182629371483e-01
-1.460688183775585e-01
2.088536251049207e-01
-5.637089052431392e-46
-6.427273545897494e-02
-3.392734467190472e-01
2.562283014658282e-01
-4.843810997446957e-02
-1.391374967300934e-46
-5.265830361553431e-02
4.435314926727117e-01
2.412770782175636e-01
2.287474571960195e-01
-4.001049978456573e-46
-2.517108240532315e-02
-6.995232963530128e-02
1.702669633423340e-01
-2.626934969665006e-01
1.859116081872209e-01
-1.147621646723338e-01
6.157906362115391e-47
1.682568515747419e-01
1.764727346011739e-01
4.150170037169983e-01
-4.159316547184216e-01
-1.202314778973548e-02
2.452150985932687e-01
-3.233196969705064e-01
-4.980171473337431e-46
1.688906017095840e-01
5.425876947800405e-01
1.310641068275726e-01
-1.113192232692573e-01
4.155468610573486e-02
2.972832700307780e-01
7.487431626895005e-47
-1.931830346615008e-01
-1.236172586452076e-01
-2.560356500898207e-48
-8.587616167339977e-02
-4.811308909930745e-01
-2.020967582662242e-01
3.702997672913847e-03
-2.886962324116442e-46
-2.145153108799341e-02
-1.133875046055667e-01
1.889590101014074e-01
-2.206081594503269e-01
-5.233588793057430e-02
-1.774645835400415e-01
-1.211424031297136e-01
-1.269913386813157e-01
-6.638063161435125e-02
-1.383196980916166e-01
1.165652173135909e-46
2.075102761270501e-01
6.310401865652190e-02
-2.800140726132287e-01
4.518227601239320e-01
-4.039453316917796e-48
-7.977612756469349e-02
3.482140827003820e-01
4.910256017450720e-02
-2.621059862509128e-01
1.077485216331848e-03
4.730389882465022e-01
3.978485666777003e-47
-1.046876665497886e-46
1.317507851846873e-01
2.355396543484369e-01
-1.226969573314741e-02
1.865264232224570e-01
-4.842862019028770e-01
1.734843390353392e-01
-5.278551694932113e-48
-9.455553436301881e-02
-2.375099317658066e-01
-3.661415574552211e-01
2.916788416171197e-01
7.499085596647376e-02
1.949429201347904e-01
4.133784113878888e-01
3.113119753750494e-03
4.346709092861570e-01
-5.805255097387158e-49
-1.138517820515009e-01
-1.962823937178757e-01
3.056227204664317e-01
1.737342060176620e-01
-2.519048661969969e-01
1.021104192322275e-47
1.746472021973282e-01
-4.857196656306459e-02
4.039965287466039e-03
4.078481349625104e-01
-5.267598583315726e-46
4.570065922547803e-01
-2.928213852677067e-01
1.106246577251411e-01
8.159431073019077e-02
3.934901950081391e-01
-7.956033525822413e-02
1.377912440530598e-47
2.488790833327355e-01
2.067080319362850e-48
-3.023648474861401e-01
-1.190361627552992e-01
-5.179044687753567e-02
-2.782619452756560e-01
1.999355297651005e-01
2.608624045491829e-46
1.441158239327989e-01
4.555654186771897e-02
-5.132951240952323e-02
-4.531458228292497e-01
1.769347815072976e-46
-3.295124727786126e-01
1.337658630644490e-01
-1.618340055264096e-01
-4.164702942855470e-02
1.473156222841798e-01
5.650463814293677e-03
2.712034370392337e-01
-6.745095625117424e-02
-3.622538450964576e-01
3.992587731044974e-47
1.832649762577628e-01
-8.220523221557252e-46
1.404457143910874e-01
-3.665455219786126e-02
2.131680727897478e-01
3.193146717935883e-01
2.644085005567895e-01
-5.761895161026451e-46
4.009114113004453e-01
4.888056894832558e-01
-2.783794685861243e-01
-3.419123907672645e-01
1.725416369564790e-01
-8.195113392683502e-02
4.032988903964857e-01
-1.016371386311795e-47
1.751996477998878e-01
-1.361377015214949e-01
-2.779232563007851e-01
-2.785365899391324e-01
-2.494121330791306e-01
2.643505891680823e-47
-1.140494210680846e-01
-6.658451263977963e-02
1.267603685920817e-01
-2.318864061874158e-46
-3.158323764920064e-01
8.230618161358907e-02
-4.141839351255631e-01
2.465202324444303e-01
5.741028919630416e-02
-1.291984097235325e-01
-1.043147716139663e-48
4.148995986306531e-03
-4.652860123431812e-02
1.414877873333816e-01
3.342274128680583e-01
2.219178268295884e-01
-5.849309589192854e-03
4.620830181893901e-01
5.671730271708100e-48
6.426280255952875e-02
3.139314833499934e-01
7.310014690994009e-47
-1.648348888312891e-01
-5.983307054013783e-03
1.471804412425873e-01
-4.021966207686108e-01
3.560407598291790e-02
-4.344111019412258e-01
-4.426366630025275e-47
3.235421492126034e-01
-2.885182506136417e-01
3.000692112422275e-01
-5.891318150842920e-02
1.629292168873822e-01
7.135845593746343e-02
-5.623882591075147e-46
-2.441232185633311e-01
-3.068902722682452e-01
-4.068634824498085e-01
1.230282872068200e-01
3.405029406484109e-02
3.861928383219577e-03
3.062045090919401e-45
7.654324274122874e-03
1.535453198691467e-01
-3.188726240569056e-02
-3.750048345146809e-01
-4.409324456698147e-02
-1.313467807034677e-01
-4.890107676508045e-47
-5.696385507645418e-02
1.152472520212138e-01
1.631195681634719e-47
5.191887367007351e-01
1.237322027747331e-01
-2.538148758841812e-02
3.190000509381867e-01
