4.622596261635883e-01
1.472219743287731e-01
-2.281995592376426e-01
-4.223847985702531e-02
6.712605884163022e-01
-1.200904103165629e-01
-2.361208681702387e-01
-1.147895085325611e-01
-2.334195617682089e-01
-2.143043416379491e-01
7.192917528120795e-01
-2.469404934731651e-01
5.644903705735927e-01
9.077925197764347e-02
-1.195638279642160e-01
3.445103815288100e-01
-1.678079307638999e-01
1.456949900819928e-01
-5.913420574121236e-02
-2.684891923004534e-01
-3.575303576751496e-01
6.702487249085016e-01
2.478118258095113e-01
-3.590926067578200e-01
3.536684196046962e-02
-4.095813165915377e-01
4.649355769806911e-01
-1.002633267083350e-01
-6.524685683199241e-02
6.053043742721751e-01
-4.217798316283898e-02
7.202791328966175e-01
-6.553104804781706e-02
-5.788306819293268e-02
-3.751201196570008e-01
1.491245133366792e-01
1.823326022942453e-01
2.934877071516818e-01
6.825385098298489e-01
-7.601239116344118e-02
3.820921497955054e-01
2.866708884817494e-01
-1.109508130769447e-01
3.081914747806007e-01
-2.378829575582807e-01
3.169052043596208e-01
7.638758682721835e-01
1.050115792143885e-01
6.699283778118978e-01
-1.648466525361777e-01
-4.073791784699274e-01
-2.452096780835293e-01
-5.924751461294366e-02
-4.156921908070806e-01
-3.888774150318692e-01
-2.802960314053340e-02
6.847435070793271e-01
-3.058522216158251e-01
-8.787896665592919e-02
-2.064136582965060e-01
-4.062851204742801e-01
6.376161408964541e-01
-1.342032695720635e-01
2.545514654533663e-02
-2.566318055902461e-01
6.901384644760414e-02
-2.014240234534793e-01
1.524710448251072e-01
4.707108734725786e-02
6.917628449583232e-01
-1.211708786845222e-01
2.879639390204104e-01
2.899423706315066e-01
-4.190469106709946e-03
-3.039566334296126e-01
7.562470171600657e-01
-9.279324107669547e-02
2.437317466743603e-02
-4.122534299390366e-01
-3.509336675822853e-01
2.795223297828239e-01
-1.539429830673618e-01
5.829887064697847e-01
1.920985159497926e-01
3.260073172191449e-01
1.947061254659770e-01
3.068193780313596e-01
6.444372571662828e-01
1.453701097365350e-02
-3.424637835061395e-01
8.187868207794581e-02
2.739618536423434e-01
6.349542083359447e-01
5.018611300042791e-02
-3.311868713687886e-01
-5.053215935013183e-01
3.445985869962714e-01
-3.835025597742448e-01
-2.370308505447372e-02
5.408440792309431e-01
4.749855980892266e-01
3.704002120790466e-01
-2.343233038785210e-01
-9.383009931260325e-02
3.039120363846680e-01
1.892329028454939e-01
6.653130232775566e-01
1.769312227335595e-01
2.665535306259015e-01
2.671467011958572e-01
4.795359917512572e-02
-5.113085321171617e-01
5.703626219844525e-01
2.048318181393293e-02
6.629565029319522e-01
-1.586486195648000e-02
4.637188033367793e-01
-3.824965808353712e-01
-1.778080888280693e-02
-9.959155347592619e-02
1.280020150376493e-01
8.770743085343696e-02
-3.129530258575494e-01
1.079037060794030e-01
-4.572999665182399e-01
5.833525458881236e-01
-1.606579944293858e-01
2.929449192118319e-01
3.801717353639260e-01
2.245358009225428e-01
5.636915897375416e-01
-3.596270418487669e-01
1.656276622616648e-02
2.154992642943958e-01
7.738743655692111e-01
2.039890740452128e-01
-1.958563231045613e-01
3.182160622315857e-01
6.089249896704919e-01
-3.347640045341809e-01
-2.097721921169471e-01
-5.964343604629933e-02
1.158158404397336e-02
2.862488859378982e-01
3.366012290661473e-01
-2.373099606337339e-01
5.774686763006466e-02
-3.860556775793818e-01
4.546110647239169e-01
5.969970633120283e-01
1.564122603183546e-01
5.214258182029197e-01
-3.296578020108303e-01
-1.292628281669241e-02
3.190470574410946e-01
1.953127555215094e-01
1.835951928613097e-01
-1.990858792520128e-01
6.259993065755217e-01
3.282831920792804e-01
-2.544160464646852e-02
-6.361805165800281e-02
6.085522584518870e-01
2.260586010056800e-01
-2.750944859643155e-01
-9.676142775314447e-02
-2.153751246753609e-01
1.576671448325426e-01
-2.397412402334012e-01
8.697354676373728e-02
-3.042507503869492e-01
3.162244441997185e-01
-1.115141978910122e-02
6.861945137307690e-01
7.373158965202203e-02
5.831845184074024e-01
1.831731183343886e-01
6.414601524728810e-01
9.814429194206571e-02
2.613535246661640e-01
6.781001223580674e-01
3.132826678113091e-02
1.779482786334394e-01
2.580978352459158e-01
3.584794732009480e-01
-1.230985653630917e-01
-1.266200766142503e-01
-1.439459786018313e-01
7.389652141535239e-01
-1.891785958009055e-02
-4.889037401004789e-02
-3.735025778450258e-02
-4.042243524489462e-01
1.740983938504855e-01
-1.466847330680387e-02
-2.834255489669558e-01
-9.421738343556081e-02
6.278266204305384e-01
3.182958959893736e-01
7.743966565392807e-01
3.207184227041674e-01
-3.542438861737570e-02
1.897809728035480e-01
-1.499168116896817e-01
-1.801285601135948e-01
2.357260499609569e-02
2.585545811377412e-01
7.292195786745268e-01
-2.113362472606901e-02
-1.328042479263753e-01
9.112519504044596e-02
-1.492232616686584e-01
1.769303353762271e-01
3.310664233283310e-01
-1.738278353000082e-01
6.903550451429236e-01
-3.546793465156327e-01
5.087710879792391e-01
-3.091055870402898e-01
-5.726328145220234e-02
1.236204817907421e-01
2.260716319461969e-01
2.197406656069907e-01
6.121437223471835e-01
-1.773037415132505e-01
2.818267218806838e-01
-9.680675800585370e-02
-2.172674196111367e-01
-1.260610382929912e-01
5.299916016113784e-01
2.454916316983947e-01
-3.873714966200939e-02
-4.418687598374807e-01
1.100269359767479e-01
-1.547255751493685e-01
-4.306510199435216e-01
1.124868276221065e-01
1.295604899207740e-02
5.528649300406328e-02
5.711513191349012e-01
7.117214768364956e-01
-7.602428557310542e-02
5.526290802941116e-02
1.348178728733128e-01
-3.113536743886021e-01
3.697985615850756e-01
5.479932279294210e-01
2.248797931548604e-01
2.759931462652268e-01
1.048553811647295e-01
3.197487728963097e-01
3.548023767324893e-01
-3.601168930710243e-01
2.465215908641981e-01
-3.817289745750216e-01
-2.974132234957110e-01
4.674414351202362e-01
1.885189383498680e-01
-6.009961965613874e-02
-6.954801754545141e-02
-1.139063846686401e-01
6.329196045171750e-02
-1.539890587610713e-01
6.553918526524966e-01
5.713371599240342e-01
4.110418926919165e-01
-7.375737335007906e-02
-7.464028008925407e-03
4.339754419141464e-02
-6.141570608980315e-03
-3.300417923957578e-01
5.792423896644460e-01
2.343975471884010e-01
-2.641561498904483e-01
2.560383100556873e-01
1.088038482569391e-01
6.848063525660859e-02
4.336372820256448e-01
-8.262388673698075e-02
-3.316904250873579e-02
2.497306598302191e-01
7.842746636668242e-01
-3.033174497060473e-02
-9.675062065225734e-02
-4.183062908830599e-01
1.476813551325684e-01
-3.870248454252209e-47
1.967218418738927e-01
1.547551165149404e-02
4.338576962075749e-01
9.085661322481386e-02
1.739350765362009e-01
-1.533151824114775e-47
1.591185145369549e-01
1.198512079264247e-46
8.001283476508805e-02
-4.617449209793715e-01
1.386305693606000e-01
2.317096456290030e-01
-4.452213885507719e-01
1.239779738658655e-01
1.701003738251255e-01
2.562211004382122e-01
7.793704979755974e-46
7.933864491088698e-02
-2.018629240941650e-01
-7.936486625788571e-02
-1.017206979777069e-01
-4.179772688098358e-02
-3.194788217580314e-01
-3.371413923072785e-01
-3.303303836347510e-45
1.808024507801292e-01
-3.997404197181288e-47
-4.732939992412269e-01
-1.846898372916521e-02
2.184069592973622e-01
-6.388706288124403e-02
1.572588787585111e-01
9.438341622885207e-02
1.139868316196544e-46
-2.119064155220121e-02
-3.316404734733640e-01
-1.916649328896976e-01
2.453148766635079e-01
-6.624495643611170e-02
5.645500480865073e-02
-2.620274741523326e-01
-8.706609583012460e-48
-6.887379952712824e-02
-1.728763434611681e-47
-9.931170467831815e-03
-4.489737189010330e-03
8.264863158294074e-02
3.258722623924749e-01
9.210531690007656e-02
-1.391818565123604e-01
-4.212663479345088e-01
3.650693638436016e-52
-1.736877082807781e-01
8.595100701007294e-02
-2.912410790466435e-02
-2.384618100784538e-01
4.170356507190745e-47
1.654053375859554e-01
-2.299786840672553e-01
-1.904874215215185e-01
4.070603979841242e-01
2.599050537187330e-01
-7.605448871827487e-02
5.286626335742896e-01
-1.082702337813548e-46
7.043765292335881e-02
-6.576095326667853e-03
-5.287687053735007e-02
-4.579535982781862e-01
-4.904222783453754e-02
4.523845043277430e-46
-1.338645424759859e-01
9.782495091722665e-02
7.860847776019556e-02
-2.095855788556088e-01
1.090396167744037e-01
-2.793299451594607e-01
-7.987851919052953e-48
-2.970918375642668e-01
1.889367054808181e-03
-4.936738798409535e-02
-5.962138790173380e-03
-5.353196803319039e-47
4.715244829755664e-01
6.377211864204056e-02
3.098095909889655e-01
1.403747076350451e-02
4.610973749306686e-46
-5.485333192767905e-02
-2.198130142859934e-01
3.866832735573699e-03
-3.707177837466867e-02
1.104882321393593e-01
4.781753695738301e-02
1.772631681311617e-45
1.674960054907346e-01
1.853979930230127e-01
-2.240252592973275e-02
-1.906442306373691e-01
-2.896662127440284e-01
4.518216796614819e-01
-8.979380149292833e-48
9.630351479556912e-02
-3.251967954187450e-01
-7.165807335387035e-02
3.234126690943788e-01
-2.294005292287474e-01
-6.036847978665355e-47
-2.149139035004427e-03
2.669033899374400e-46
-3.345124824018775e-03
-7.721974141443193e-02
4.186880811938859e-01
7.271127344557303e-02
4.585702589706584e-02
-2.976560117932371e-01
2.228163108352789e-01
-3.382727904402773e-01
2.832677349058719e-02
-2.518720623432621e-01
-9.574758941583983e-46
-3.345577481459531e-01
2.299492840521991e-01
1.363262005778453e-01
-1.432820073409381e-01
1.793336760343029e-46
-2.059744271174774e-01
-1.303183332045555e-01
3.120440665713136e-02
-6.623357763582868e-48
-5.240838254032645e-02
2.844329095093014e-01
2.675186026239451e-01
-1.114710088279464e-46
-3.471421573331301e-01
-3.532689237669011e-01
-2.617181291673041e-01
-2.410900442555923e-01
-1.248268797699240e-01
7.496834833184703e-03
9.859662586669336e-03
-1.053840984400379e-01
2.957765689521499e-01
-1.272406855775755e-01
-8.342138128532317e-47
-3.856274788714570e-01
1.394170700603382e-46
4.281301121403321e-02
4.547474888564497e-01
2.360559174716888e-01
-2.044790629957195e-01
4.808661768784406e-02
-5.614823615484046e-01
-1.945801528921289e-46
3.110278767834677e-01
-6.023546939446409e-02
6.615650400296944e-02
7.017273911603399e-47
-3.329169583653975e-01
1.937813895747061e-01
3.578595979892462e-01
-1.949835326945683e-01
-3.283436258544406e-01
3.634954176424457e-01
-1.675873834632532e-01
-2.991486440788121e-01
1.057805776614744e-01
1.025288507154086e-01
-1.177013871337554e-48
-1.762823690857251e-01
1.700066351155559e-01
-1.338493708530409e-01
-5.305055605911621e-47
-1.060971186109189e-01
-2.057863029968611e-01
-8.638421731672147e-47
1.549479896603326e-02
3.843130530580671e-01
1.769096450950598e-01
-3.427232034626697e-01
2.377106571373630e-02
-1.847292766357511e-01
2.301163844210609e-01
-1.184256555863133e-46
3.984163997775371e-01
8.234771958126010e-02
-4.005482459302231e-01
-9.992748182695488e-02
2.139656386329270e-01
2.563968584951441e-01
2.911613511135868e-01
3.412080860684912e-01
9.748401875980483e-48
-1.641925128597244e-01
-1.472106776391763e-46
-1.680056955810752e-04
1.038642649169842e-01
7.881679106168822e-02
3.040253234777804e-01
-9.472863049905305e-03
1.275743297688585e-01
-7.652700834475373e-02
2.675827974857658e-45
-2.837479769257147e-01
4.975625872673827e-01
-3.133672488885618e-01
-2.239959859667706e-01
1.193790151469328e-01
3.935424500069607e-01
6.490645942069830e-02
4.602779586782421e-46
-1.251148713624013e-01
4.102203353244213e-45
-3.828669893678849e-01
1.909678605467655e-01
-4.797879419300872e-01
-1.457145565600816e-01
5.473835285990042e-01
-3.135200807508202e-48
1.704360356589052e-01
-2.300023222352356e-01
-8.820284066104930e-02
-1.421144825903949e-01
-4.445443197257476e-01
1.197532723451689e-46
1.351885473171914e-01
4.476254057505176e-01
-4.218243301102469e-02
-1.267021082424132e-01
2.042472749894253e-01
2.592770072417324e-01
-9.673685194994897e-02
-2.285674572322944e-01
5.272243424847215e-01
6.851902761744201e-47
1.000490098468054e-45
1.508958042365436e-01
2.060551133586493e-01
-3.031671306837700e-01
8.589825934462756e-03
2.748428007845509e-01
2.553855913438588e-47
-3.329629408990521e-01
9.712416910438379e-02
7.498495377673386e-02
4.085187449321633e-01
-2.025682508084891e-01
9.109167559607111e-02
-3.835137462720100e-01
3.438887930151725e-02
2.183007975747529e-01
-4.309871849263253e-48
3.422164336421378e-01
3.200226800890876e-01
4.753234197204926e-01
2.943526511555979e-01
-1.642530317416815e-01
-2.816914104482805e-01
-3.554694451374299e-47
3.634052583120036e-49
2.884438091219174e-01
-4.132373118261354e-01
-4.404446478775116e-01
-2.194058357240204e-01
3.325912015404531e-02
1.622620232034436e-01
-1.706032003817168e-47
2.004528058288144e-03
-4.429243600731938e-01
2.484109415867998e-01
-2.630838783930765e-01
-1.709625444536712e-01
-1.379197380563379e-01
1.504579618648575e-01
-1.721736208119871e-01
-1.461460499610077e-01
-4.487968498216537e-46
