1.341547674770782e-01
1.503069376624337e-01
6.105421726432260e-01
4.978067050368720e-01
1.579505264960738e-01
-3.912370991290521e-01
4.384230819402600e-01
9.847257683481417e-03
1.418070471132165e-02
6.141911861674666e-01
3.824614306917291e-02
1.248861738228814e-01
-3.601632761399010e-02
-3.564273650032762e-01
-1.113432954843672e-01
1.007657430362252e-01
2.968984228460704e-03
5.998776187458843e-01
3.722085721365248e-01
1.416136144996837e-01
3.045801840103609e-01
3.176587140867126e-02
6.000596708902418e-01
-2.380244396681051e-01
-1.702950745941188e-01
-3.828740413076986e-01
4.201211388408036e-01
2.534501103738958e-01
5.975205158127712e-01
-2.469950324203519e-01
-1.856505109776726e-01
1.737186128700776e-01
2.863521904962035e-01
6.379394797301596e-01
-3.649196318489811e-01
-3.235009669200282e-02
-6.177160108020087e-02
1.352328767658905e-01
-1.536679841859902e-01
6.731401866772451e-03
2.188017953433791e-02
5.736317855413348e-01
-1.564992442023589e-01
1.424681781941380e-01
-3.060373971415578e-01
2.560920487103418e-01
-8.467960411542222e-02
7.417881933239235e-01
-2.732361242654474e-01
-8.963241987595462e-02
7.389663552088397e-01
-7.060188144925164e-02
-1.954104450191682e-01
-2.437012933653734e-01
9.379672125202709e-02
7.082048860889253e-01
3.800766149209150e-03
2.166623662785523e-01
-4.154519094773416e-02
1.893631109937521e-01
6.583171752621271e-03
1.279978189091246e-01
-1.992898942265764e-01
3.479977407773786e-01
5.704932495574286e-01
-4.232271790189179e-01
3.656141185927717e-02
5.826930345457974e-01
-2.912581790814774e-01
-1.166946808047854e-01
4.201284589166763e-01
3.898972000626672e-01
-7.432223938633777e-02
-7.666977110232349e-02
-3.130066427876690e-01
5.839332626620632e-01
-4.673646315769301e-01
1.282006573149540e-01
-5.064280680344944e-02
1.680695641679026e-01
4.554263656929717e-01
-2.039083387392368e-01
6.406704035709740e-01
4.614295238904096e-01
5.544083262355353e-01
2.186008225962047e-01
-9.904431309517561e-02
-4.479706236475485e-01
-2.061787701536999e-01
-4.265590762516226e-01
-5.712421486479262e-01
6.994885472556882e-01
-3.138949853543750e-02
2.227920561939019e-01
-1.375225687028894e-01
-1.572841412655129e-01
6.230362821540136e-01
6.756842954949878e-02
-3.098437363263655e-01
-3.674926161372979e-01
3.356889344601348e-02
5.457726227193704e-02
-2.877848952209640e-01
-3.576208092715804e-01
-8.628023315876174e-02
-1.791215271913084e-01
6.326112886259448e-01
1.905140310010033e-01
1.757158994492254e-01
-3.006444237320798e-02
6.536800369070833e-01
-9.431295412638477e-02
9.244335934771343e-02
3.137391622751362e-01
1.785985526117829e-02
-3.620004784983341e-01
5.641757993216580e-01
-4.168321958904243e-01
1.204365704186872e-01
2.295302786160470e-01
5.789462249094232e-02
-2.669536373357144e-01
6.571042680046998e-01
-7.111554363601266e-02
1.118969002206744e-01
9.045318945397421e-02
1.905548166499268e-01
-3.277025181797488e-01
2.050127932360344e-01
2.425866053629705e-01
-4.564585927569655e-01
5.194113600901664e-01
2.609556630701281e-01
-9.101317966383402e-02
-2.481598366765893e-01
7.023400492091982e-01
-1.880660638014569e-01
1.365548002380066e-01
-2.787049276197974e-01
5.847609579184069e-02
4.264551091962733e-01
5.723608672558281e-01
-2.700598936919394e-01
-2.109538315329268e-01
1.393752528751999e-01
3.584562173209257e-01
-1.353800745136466e-01
1.165587102026260e-01
7.590921959103374e-01
-1.036609160476612e-01
-7.006204000412590e-02
6.099915409085284e-01
1.281622741711921e-01
4.480030850413682e-01
3.642419530773917e-01
1.611529381207817e-01
5.406338597120345e-01
-4.465187635477894e-02
-3.685146336123096e-02
-2.635133692170978e-01
2.288448694628084e-01
-1.386569594048958e-01
1.886029621077526e-01
-3.911514592571773e-01
-2.182276338925347e-01
6.250414067162492e-02
6.826298286080795e-01
3.420348907610258e-01
-8.586887567581490e-02
6.777984707373024e-01
5.979637527116117e-01
-1.993169544942786e-01
1.005421778978580e-01
-2.278874764240482e-01
-7.496373493073866e-02
6.953848856202367e-01
-4.229495841850363e-01
-3.894108075327413e-01
2.199731715630643e-02
-1.696411873005102e-01
7.689585601681989e-03
2.242691315622116e-01
4.691188485708258e-01
3.897467154166147e-01
-1.841452746972587e-01
6.722957908629442e-01
3.149805856733405e-01
-1.675429292097563e-01
2.224235771493669e-01
6.049208696535570e-01
2.829268654068871e-01
2.239639033500456e-01
7.533039299796762e-01
-2.038164260983555e-01
1.260828662462967e-01
2.691238725883340e-01
-2.811980643913906e-01
-1.406582151595882e-01
6.356312887020643e-01
8.260182723542037e-02
-3.079880661777905e-01
-1.825326100541090e-02
-1.166223257042599e-01
-2.054838586623778e-01
7.450857875217898e-01
3.441290225581191e-01
-1.478159352289539e-01
1.379895626354198e-01
1.575791514738470e-02
4.319707118099929e-01
-6.695006256667811e-02
3.625326867414758e-02
6.632954517537334e-01
-1.636518182586475e-01
-9.022257346352829e-02
6.369704873542149e-02
-3.510704952770595e-01
1.508695301181141e-01
2.754636978746384e-01
-1.065930880135341e-01
5.652562473265325e-01
-3.934166049380378e-01
9.884611225530239e-02
-3.082004606192147e-01
-1.044228039188536e-01
6.547467611581261e-01
8.873339374246419e-02
7.390061482170784e-02
-1.917405500340139e-01
-4.402233715653109e-02
-3.854702067231955e-01
8.829405054874867e-03
6.203608464562236e-01
4.402864225097524e-02
-3.446657172471308e-01
4.876181703101747e-01
9.381304580387281e-02
-2.526343458516882e-01
7.142745565592558e-02
5.645636559331586e-01
-2.791896054376155e-01
-3.904846776254138e-01
-2.309673933525173e-01
6.726249534616938e-01
9.271681389624378e-02
-2.776178065689930e-01
6.479607274315017e-01
2.257523413221061e-01
5.123903612859768e-01
-2.146711419845579e-02
-1.855905101236509e-01
1.091969565867894e-01
-7.429766912560413e-02
-1.701610167867540e-01
7.380261572633719e-02
-4.296359484258969e-01
-6.136572455445905e-03
6.869442465988046e-01
6.174829068303838e-01
-3.062380688632789e-02
1.204130967519344e-01
-8.873600178963661e-02
4.242706691480445e-01
-3.255359686650291e-01
2.318750839306482e-01
-1.843395796530393e-01
-6.158083917756522e-02
-7.467893048223376e-03
5.867636415866941e-03
7.316772508946060e-01
3.439548969550629e-01
7.290260463681597e-01
-2.318964556846529e-02
1.075175493499849e-01
1.502104096449510e-02
-2.613059269978584e-01
4.470387600292948e-02
-3.635494957057054e-01
6.215454754402551e-01
-1.212698976224701e-01
-9.887110561398992e-02
-6.365639061240345e-02
5.153784919313410e-01
-3.215079242645469e-01
-2.637736839898634e-01
-1.439641627756220e-01
-4.103061927963671e-01
2.428411300877045e-02
-1.018031301537516e-01
-3.048071152408967e-01
7.542764529190157e-48
5.632504583629971e-02
1.808116023052374e-01
1.472603986671378e-01
1.639969688224671e-01
3.882164504555414e-01
1.668947598189989e-01
2.941885454844198e-47
-4.437963258442920e-01
-1.038313316838046e-01
4.959914650471035e-01
3.098241525458858e-01
-2.851916233435217e-02
-3.503212777358019e-02
3.810645475067633e-01
4.521367900901430e-46
1.881513792990551e-01
3.318889554454680e-01
3.400676187101033e-01
1.267514001217347e-01
-6.905328665129792e-47
2.315984421866117e-01
-2.077610846947484e-01
1.353767015547754e-01
7.292815773570212e-02
2.617474444574061e-01
-5.279404884598812e-46
-1.740955282213595e-01
1.293670976231729e-01
-2.144706848738512e-01
1.133857792220452e-01
-3.173831446477991e-47
-4.202737101824287e-01
2.448645769258792e-01
4.688845902278828e-01
-3.098357854229972e-01
4.578667128305305e-01
3.149061303902799e-01
-6.799927166288495e-03
8.897022085495698e-48
-6.273985357348674e-02
-1.618198372091699e-01
8.428492522101630e-02
-4.138589772184804e-01
1.733299432057700e-01
4.826211727367324e-47
-1.314565062156290e-01
-1.668412450347978e-02
-3.283946814083515e-49
-3.746144367167179e-01
-3.255720315104571e-01
6.916856629224005e-02
-1.321968519675172e-01
-1.227081006630307e-46
-1.093375450477123e-01
5.926137378685777e-01
1.428573335384380e-01
6.384849597148778e-02
-4.377947396100321e-01
7.144688610527604e-02
8.761955898148331e-02
-1.119014964369752e-01
1.327640485504194e-46
3.181234261115911e-01
-4.036134279566418e-01
-1.248125499725924e-45
1.220342270207532e-01
-5.007544092536821e-03
-2.303898538133813e-01
-3.542110397510331e-02
3.469669346163066e-02
-8.641861381412355e-02
3.491898148026128e-01
-1.360892134064879e-46
-1.114185389969762e-01
-4.144417630132043e-01
5.078193455302193e-02
-1.026164109254631e-01
2.260512377895801e-01
5.651113084682223e-02
5.822825289610576e-45
-1.715190028256129e-01
3.469807314772356e-48
-1.076059182959411e-01
-2.664048310340959e-01
9.752855050433114e-02
2.729430516694966e-01
2.081706186997224e-01
-2.246865554506378e-01
1.539181089381100e-46
-7.019079661571263e-02
-1.434344082008030e-01
-1.181442646067305e-01
-1.354725445776348e-02
2.440773903893009e-47
1.994856394973426e-01
5.131091528538906e-01
1.350542619192285e-02
2.196522353506799e-03
2.623700479710589e-01
-5.500881043122676e-02
4.482189214339794e-01
4.876137199701971e-02
-9.974104947460639e-02
-7.879812604961498e-47
3.114701480242789e-01
3.605941682252136e-01
-1.905948630429013e-01
2.799069891072955e-49
-2.042274722352764e-01
-2.251876876288929e-02
4.652730166767342e-01
-4.122342945310062e-01
1.672019816637763e-01
-1.658911538724245e-46
-1.863793725701259e-01
1.098290282025893e-01
-2.543832709807340e-01
4.471608774154259e-01
3.922770905106957e-01
2.814001138931786e-45
2.914198736658375e-01
4.722259233598503e-02
-1.638540534653324e-01
-2.476508350239782e-01
-3.374949236248951e-01
-1.368013272056172e-02
2.287958605402276e-01
2.225092259965080e-01
6.802062472126357e-47
2.755140664358146e-01
-4.275961376500753e-03
-3.799804970190387e-01
-2.563613125359234e-46
2.960113063252887e-01
-8.248442106138094e-02
4.824951632678130e-02
4.904023118353845e-01
-2.386848996862610e-02
6.104761904668006e-49
2.200254037891074e-01
-1.435253954579483e-02
2.660266673786442e-01
-1.158416347885392e-01
-2.878671886849402e-01
2.253431605233408e-01
4.850983089309147e-48
-1.239633164271631e-01
2.968064415930823e-01
9.305449369311359e-48
2.857739597056844e-01
-2.294312349667074e-01
-1.518762904521988e-01
-4.196318624351898e-02
1.388591401637898e-47
2.161214998632746e-01
-3.119907518863094e-01
-4.403205152195499e-01
-4.733859763838877e-01
3.612500748957687e-02
-1.275355991623580e-01
-1.516562088665598e-01
-1.062697457575796e-01
-1.340535974001329e-01
3.867103544149233e-47
-3.292407642220969e-01
1.575870683568944e-01
3.179766391811774e-45
-1.868632011347604e-01
5.457342084526692e-02
-5.974931899582027e-02
-8.710143780835375e-02
-3.496459187364100e-02
-2.528628584178041e-46
-1.183700291140260e-01
5.482979753927694e-02
2.832641176520010e-01
-2.292428921363870e-01
1.242799982999441e-01
2.430230765631118e-01
5.019407905309620e-02
1.199742467916846e-01
-1.895043136536820e-02
-2.477947164222410e-46
-1.907205799325195e-01
2.170555288759872e-01
2.434776610741701e-01
-8.877346503182567e-46
3.792515759884535e-01
2.012637040707975e-01
-5.130991630554347e-48
-1.334351732633056e-01
-2.442992808204807e-01
-1.209686930051806e-01
-1.090100370131622e-01
3.159220216007342e-01
3.780927322995520e-47
9.380119442826357e-02
-1.246484440627320e-02
5.483946566356340e-01
-3.139403423328345e-01
-1.728765892155202e-01
2.407844505411796e-46
-2.693295919244458e-01
-3.910325893421011e-02
-2.907069861454339e-02
-8.444649027170523e-02
-1.289996047601235e-01
1.326144068906789e-01
-4.981418533610848e-01
-1.289001598945580e-47
-6.447457254916582e-02
4.028408156217239e-01
-2.882596202992475e-01
-2.329905682729572e-02
-4.521417788955687e-01
5.874735274489182e-02
-2.565463566870470e-01
7.194793626177888e-48
-1.349517985443739e-01
-4.840896031159671e-01
-3.808646869083971e-03
-3.347536274043444e-01
-4.069074305103296e-47
-2.883896373669695e-01
-1.127995534908542e-01
3.917422047426525e-01
-2.037781272354869e-01
3.649974968148872e-01
-3.029799245805160e-01
4.810665433369683e-48
7.641183146969130e-02
-6.742951242390692e-02
-1.906146621418365e-01
-4.212049139210828e-01
2.485915919696802e-02
1.675195933986719e-01
8.304933495401396e-47
1.451913088228089e-01
1.290721197899211e-01
7.537622101680951e-03
7.969626222929675e-47
6.525295921264170e-02
3.688924899520389e-01
-1.373101392562852e-45
1.513280837414389e-01
7.911530473691593e-02
-5.754703574817311e-02
4.328231506927392e-01
1.811771510769185e-03
-1.361692415922387e-01
1.281438221663869e-01
3.168255094677483e-02
4.767116826248942e-01
2.008492994841210e-01
5.944651762873521e-49
1.592948039794944e-46
-4.596834062316639e-01
1.591230587091318e-01
-1.688990716944829e-01
2.039182088627023e-01
-5.182536680385237e-02
-3.169047925831103e-01
1.609714529347416e-01
1.661997719994014e-01
-8.962244284641920e-02
-4.593733387070120e-01
1.378221186902334e-48
-1.180427205142697e-01
3.869603015230085e-47
2.650344684483952e-01
-1.629507640773368e-01
2.019162482741991e-01
3.436733538974297e-01
-2.319180075156353e-01
-4.756339486745366e-02
-1.371266511100969e-46
3.251620992987474e-01
3.143967254368816e-01
4.362987501867858e-01
5.754416666110393e-48
1.802123197571950e-01
8.264183215497066e-02
-3.216385808780050e-01
-1.120985560996828e-01
-4.652428640674527e-01
