2.318547152822854e-01
5.560949167491269e-01
-4.811203273843016e-01
-7.248299320713972e-02
-4.118571346373919e-01
1.766500661136094e-01
8.698263313504764e-01
-1.542317518686234e-02
7.842588148614815e-02
1.002931218080296e-01
-4.300193683449252e-03
4.244341226318449e-02
-2.872881099530880e-01
-3.242078120226286e-01
-7.382932292911409e-02
1.747802486211611e-01
-1.342852543699575e-01
5.481579796390660e-01
1.512772340822220e-01
-3.754668259911317e-01
7.174468100964942e-01
-1.248760288409914e-01
-3.276267668810388e-01
-1.282840426594025e-01
-7.900624750498705e-02
6.446941910049218e-01
1.792028708218279e-01
-3.461455975373253e-02
-1.832830899666525e-01
1.030812610227589e-01
-3.194176282259206e-01
4.093930734643319e-01
-2.149010964380080e-01
1.649410749985872e-01
6.504276379812622e-01
-1.220361468701928e-01
6.496328310199658e-01
-4.581955473203556e-01
-4.174997319188102e-02
-8.864188457772258e-02
-1.729988874338647e-01
2.373370378484122e-01
-1.281061774858155e-01
-3.287031041408753e-01
-8.992843897324941e-02
-4.112714075003355e-01
7.511220484366571e-01
-1.943138476638838e-02
6.278008948912963e-01
1.044821301104886e-01
2.062306956971164e-01
1.764535458996238e-01
-6.988960399948140e-02
1.878525702909532e-01
3.855224704829490e-01
-2.005662084387979e-01
1.207570980322808e-01
2.710424627426627e-01
1.180474805963336e-01
7.610282508330196e-01
3.780993231179149e-01
3.652245682315307e-01
-1.770267138971388e-01
2.889923420071732e-02
2.233703503232126e-01
6.229879161708270e-01
-3.827787005168221e-01
-7.047638475095305e-02
-2.682291865362062e-01
1.293696104508886e-01
4.256208659005253e-01
5.352045177604425e-01
6.839740310337822e-01
2.989568452218074e-01
6.573539512043161e-02
-1.885446978626422e-01
-3.545656868732538e-01
-2.388311573633057e-02
-7.708797143437228e-02
2.861468224376584e-01
-9.678167266668361e-02
6.495470236810604e-01
3.947545033802890e-01
1.105744731219816e-01
-4.194053368779409e-02
2.687145823809970e-01
5.999505566429700e-01
1.734477206895486e-01
4.931776861076539e-01
2.604930731729549e-01
-2.009736889371624e-01
-3.254711817184571e-02
5.758639482713455e-01
3.340295151383252e-01
2.369119075681607e-01
-5.008000777975781e-01
6.134723005097126e-01
1.710450145181425e-01
4.311491284022980e-01
6.882439836408666e-03
2.709341198760417e-01
-3.640540331826654e-01
-3.534728567387971e-01
-9.147625215029777e-02
8.783387348834010e-02
6.697874514440585e-01
-1.599160697207904e-02
-1.292514622455451e-01
-2.061783509775935e-01
-2.582349121885777e-01
-1.193886553229891e-01
7.108949698070401e-01
-3.272678068644513e-02
1.109172565657180e-01
4.235336210696702e-02
1.288223817192442e-01
4.438570031735707e-01
6.096688438871476e-01
-6.755106147168087e-02
1.240860352587175e-01
2.788538350252385e-01
3.237676633635792e-01
1.818898103935425e-01
1.375113353821871e-01
6.132960833002098e-01
-8.179149980128578e-02
5.013850992042944e-01
5.197202687210748e-01
-3.279007039819481e-01
2.140843296291879e-01
2.325609297463568e-01
-4.410149273097830e-01
1.456740913772855e-01
-1.662123822646397e-01
-2.229198365255907e-01
-1.455975987912726e-01
-1.423512881645287e-01
6.221136367866184e-01
-1.588364176627025e-01
1.290117939521314e-01
5.719166710726292e-01
1.034222059341079e-01
-4.124845629275929e-01
-4.316508937203860e-01
3.110653266340713e-02
5.423296050056403e-01
-3.440901438262568e-03
1.811536745156486e-01
3.725353244519454e-02
-3.956918537932509e-01
4.461614360112357e-01
1.877841214075714e-01
-9.818252609258876e-02
-3.859153301673149e-01
5.333222561991351e-01
-2.874823102908551e-02
-4.260681596143795e-01
3.928823437113903e-01
-3.626198066752547e-01
5.002728077401049e-01
-1.255075722452653e-01
-6.661694351174795e-02
-9.324584916335880e-02
-3.640313376288895e-01
3.329781336018897e-01
5.731035467424929e-01
-3.079361932896690e-01
2.971548671559061e-01
2.496058642775567e-01
-2.316195991966806e-01
1.346732384292813e-01
6.921218255285609e-01
4.699070764543844e-01
4.298903006046208e-02
7.743215252379025e-02
-6.203526194965314e-02
4.167122776262641e-01
-4.018753069447122e-01
3.061292127979766e-01
6.627429521993409e-01
6.992368053395569e-02
2.917245998027239e-01
1.154733820871942e-01
7.630942624597187e-01
-2.723675501870268e-02
-2.331163741465545e-01
4.168233454473046e-01
5.133316870114259e-02
7.467201096244325e-01
1.408492350098282e-01
-1.585649942516916e-02
1.147525736321035e-01
-2.106798940660222e-01
-2.547077761419849e-01
6.485737927729960e-01
1.217937296567352e-01
2.260785312195034e-01
2.895570148422839e-01
5.371253308864301e-01
2.894749841483167e-02
-2.854959442926691e-01
5.960719502712524e-01
-3.478065061514657e-01
-2.150274455472905e-02
2.736450078999162e-01
2.710210530121545e-01
5.287225754676003e-01
-2.030263724879743e-01
-8.516039244560403e-03
1.750926108868918e-01
-4.041223259199369e-01
2.061127080081114e-02
5.208504725042090e-02
2.987048132375815e-01
1.956911158634310e-01
5.158155598605696e-01
1.114398807886716e-02
1.368748146442243e-01
5.579625627756946e-01
-4.476321162495944e-01
4.457598272267115e-01
-2.925157110946267e-01
-2.815913258283968e-01
1.015210495365362e-01
6.037423984678902e-01
-3.101776081119756e-02
2.062128893580589e-02
3.041851404812338e-01
4.471099437781988e-02
3.172700274823632e-01
-4.379946257990961e-02
4.650161828170800e-01
5.166548990068275e-02
5.790698157590238e-01
-1.836192127444352e-01
4.353793450601383e-01
-2.334663187697300e-01
4.464776140833313e-01
-1.449398858521573e-01
5.208006204606125e-01
1.323058486960845e-01
9.864191948167833e-02
1.891142233805062e-01
-2.920729962888018e-01
-5.925240196361556e-01
6.597290692610983e-01
1.488424164568789e-02
9.228012026444371e-01
1.371793341204928e-01
1.357276279132942e-01
-1.225166911293821e-02
-1.617800540714275e-02
3.776904198727958e-01
6.249221367347433e-01
1.348812987209439e-01
-4.466109268195954e-01
-1.238561190580517e-01
-3.564204484403767e-02
5.310870493750619e-01
-3.157193455775557e-01
1.161702400235245e-01
-7.919134706790884e-02
4.482477644115059e-01
1.301314039120816e-01
-1.155990655415857e-01
1.737277525979858e-01
5.950824007210727e-01
-3.866702583802237e-01
-3.636683779411442e-01
9.499162091385018e-03
5.715141460391070e-02
2.346464699520538e-03
2.902209132646658e-02
1.570167462968375e-02
7.554072032639529e-01
1.693382765852233e-01
5.760524287775484e-01
-1.988045535862979e-01
-3.755152137322922e-01
-2.359965942635169e-01
2.588302903235780e-01
-1.971482667217605e-01
9.111783097223655e-02
-1.517446886799107e-01
-1.414485980704731e-02
2.323973518586362e-03
7.143512717108389e-01
1.928322731321105e-01
-3.806992610417519e-01
5.378752052588233e-01
-1.104637554261656e-01
-4.262836017288494e-01
7.973211907902041e-02
5.795828146114125e-01
3.942183523139335e-01
3.743487558064948e-46
1.668806656551887e-01
1.208014556811557e-01
-3.983590504718321e-02
1.605843889382951e-03
-1.569457504188176e-48
6.221478597403657e-02
-2.105748886877705e-01
-3.209368592362954e-01
2.431097461782717e-01
1.217363348980306e-01
3.174646265530005e-01
-4.057606581880027e-01
3.895290208197663e-01
1.047024761906876e-01
1.724101640298065e-01
6.525249515759620e-48
4.574566658739954e-02
-2.018488384524398e-01
3.538562991456445e-48
2.620585633288464e-01
-7.320646414500892e-02
-2.552456122074712e-01
-4.881285775123272e-01
5.038243843118720e-46
3.630235344727958e-01
-3.140884060321652e-01
-1.680894173590635e-01
6.029896386282058e-02
-8.367160757767582e-02
-3.702554607794729e-01
5.422728666861470e-02
2.439123905374701e-01
-2.399963382618402e-47
-1.118428374300523e-01
-1.096454136722785e-48
-2.212691853433325e-01
-2.930457375142819e-01
2.590505954582070e-01
-1.992137695749144e-01
-1.747767234859021e-01
-1.424205394494817e-01
-1.810820609559479e-01
2.515764000095783e-01
9.149721428508260e-02
4.756704151957367e-46
9.493747085418489e-02
-9.164909580034355e-51
3.800430724214943e-01
1.581563551955665e-01
4.681764658199668e-01
1.804731298513123e-01
-2.447519129865077e-01
-2.836301186515542e-01
-1.696977714541694e-01
9.126250555087755e-02
3.263833364427621e-03
1.114326964533061e-01
-1.263328941393630e-46
2.411080987874138e-01
3.635565543445041e-01
-1.352653586764483e-01
-9.773356463865744e-02
1.879228190675585e-01
-2.548469507445048e-46
-1.958190763727727e-01
-1.000547035362125e-01
-3.899167460574214e-01
-1.755247018440309e-01
-2.470488038814388e-01
1.072476596293848e-47
-2.672447504910159e-47
1.193774916803241e-01
2.709743777009557e-02
-7.605821974305763e-02
-4.613170854090970e-01
-2.075169680847192e-01
2.072148027938299e-01
2.936519091485401e-01
5.980457606321876e-02
1.439016609861389e-46
6.776952906514967e-02
-4.189306217685400e-01
-1.160464217618495e-01
-3.444456611701214e-01
5.227719748586869e-47
-1.908106051893411e-01
-2.170700396933180e-01
-9.638535515189940e-02
1.809578609465998e-01
3.199325968252850e-02
4.379955229139652e-48
9.405031050958830e-02
-3.141694211051690e-01
-2.590561435555129e-01
1.172125572072232e-48
-3.536299464959488e-01
-5.230161629539358e-02
1.547285294644734e-01
-1.613328691796350e-01
-1.573497810366004e-01
-1.454644238565511e-01
-2.322301876063703e-01
5.552180206872754e-01
2.258786109542314e-47
9.113838359358120e-02
4.163327164468963e-02
1.276306766019474e-01
-3.777038599167765e-01
-3.154826776532542e-01
-1.552678731004765e-45
-1.435701556306442e-02
3.148348605525157e-01
1.909764442323434e-01
-3.477778438223607e-01
-1.148433212799492e-01
4.002489804685428e-47
3.368847622816329e-01
-3.299145279550497e-01
2.976337187459641e-01
6.714677174423592e-02
-4.863954484652144e-01
-1.544214549195813e-01
9.704186456396212e-46
1.705250586269092e-01
3.661840893655777e-02
-1.379481053433509e-47
3.046996954628185e-02
1.262086790791570e-02
2.643045135464874e-01
6.548749080720746e-02
-2.474853606553343e-01
5.061520350735911e-01
-1.369738651227444e-01
-4.910786571453884e-02
-3.665501519920876e-01
5.140592492470897e-47
-2.839882595593129e-01
2.108005890829875e-01
-7.062920430419825e-47
-3.242255161127156e-01
1.338649205555705e-01
-1.254905862282651e-01
1.596565324631748e-01
2.269450526283006e-47
5.327711548545084e-01
2.516522901300047e-01
-3.752083847601232e-01
2.602117990646532e-02
2.444213130440478e-01
2.882729832509760e-01
2.154402513274808e-01
1.565219774586988e-01
3.226282395402284e-45
3.287717050913114e-01
-1.503686346930673e-01
1.034383889368633e-01
-4.228942013270658e-02
-2.336927587061819e-47
-4.740935295297862e-01
-4.785516428834023e-02
-2.579547764234495e-01
3.715981892689934e-01
-1.518687217955951e-02
3.606849644262179e-47
1.100868405102325e-01
1.391507649714389e-01
-2.003352456957929e-01
1.775563580504362e-03
2.787650236627975e-02
-6.189495213745966e-49
-3.444390879505557e-01
6.831036576061664e-02
1.253429028975480e-01
1.927632737841509e-01
2.286308026466627e-01
-4.962700213568035e-02
-1.202342774303106e-01
-2.924096095800039e-45
6.552316257159281e-02
2.837605106453822e-01
1.537676640920756e-02
-6.824249854579252e-48
1.024521281849199e-01
4.046346511753653e-01
-8.342011324744959e-02
3.122818430990810e-01
-4.201370814997114e-49
-9.079035984260876e-02
-2.619552540484421e-01
2.267859877596420e-01
2.488647922694578e-01
-1.351859809903350e-01
1.620396759426291e-46
3.894011841690906e-01
2.689122658549488e-02
2.962028562379886e-01
-1.735736400669220e-01
-2.134370631414988e-01
5.674901410402468e-02
-6.897046118269834e-47
-2.150776750570941e-01
1.650906964215745e-01
-1.807874053299582e-01
-5.376722763558257e-02
-5.502625523798670e-47
-3.714905809952767e-01
3.813749273029929e-01
-4.256074432997973e-01
-2.449125660808491e-01
3.208859046240319e-01
4.523465492737775e-01
-3.536153466924771e-02
-2.667291348986146e-01
2.193845585023977e-47
-1.277958688577970e-01
1.381336235429156e-02
4.664159331779508e-47
-1.594588853153888e-01
-8.856336313005164e-02
3.679455128283690e-01
-5.312225620594231e-01
1.452322699263245e-01
-4.726928374050650e-46
2.866884497494631e-01
2.311399525611457e-01
-1.143381463908398e-01
3.243481823866272e-01
-2.665124048328558e-01
1.389754042029279e-03
-5.021486736387754e-02
-4.030346999964056e-01
-1.890239662241587e-46
-3.922929463087008e-01
-4.249956695247016e-02
-2.103548637526557e-03
-5.948605021846563e-03
2.736775332620590e-01
-1.947188115620371e-49
-3.694865005187476e-02
-2.252294021918714e-01
1.083752857665197e-02
4.841457517761793e-02
-1.039809662116272e-01
-2.242085556741864e-46
8.691504527107605e-02
-2.437292476106705e-46
-2.651657347964582e-01
7.740783460613208e-02
-1.139054278062703e-01
-1.171789164403595e-01
7.838308798705206e-02
2.889486931841164e-48
1.812318765631202e-03
-2.733151084154542e-01
2.057228991516069e-01
3.307371142794731e-01
5.954934762502881e-46
-2.471785994517018e-01
3.017338955589432e-01
-3.994283859573267e-01
-2.351519941935601e-01
-1.168790249566270e-01
4.012882940965645e-01
2.479937583517346e-01
1.263510686738205e-47
1.668159020296951e-01
-7.169269574827913e-02
2.548981394804883e-01
-2.137271870612458e-01
4.382311062279682e-01
4.100271639011479e-02
-3.879634265567784e-01
-9.636275243587377e-47
-8.000771731014696e-02
-1.065896473813419e-46
-2.013026520140264e-02
2.577017443160157e-01
1.480521774924378e-01
2.408210860154292e-01
-4.234903339316867e-01
1.721663881735536e-01
-1.611064811490039e-01
-2.694720442146680e-01
9.109774332043337e-02
2.125871354077205e-45
-5.333601433665976e-01
2.346539082558270e-02
-8.526760323081500e-03
-1.206754463987798e-01
1.162216434500551e-01
-2.952239930241870e-02
-1.123744468725022e-46
