-7.744697850844019e-02
-2.174623940624107e-01
-4.995154333453643e-02
-4.222758076139878e-01
-9.682931756124574e-02
6.816770811905354e-01
-1.122213186278484e-01
7.227432937570567e-01
-1.120411209975456e-01
5.355631428743056e-02
-2.224950086163244e-01
4.541491674300619e-01
-3.053156707407917e-01
2.017964723130355e-01
-1.957164001209958e-01
-1.627041033492489e-01
-4.009499781192128e-01
-8.547580586043034e-02
2.801103983923637e-01
-2.695876670788714e-01
6.148703784958276e-01
-1.751234220875084e-01
1.291813949208303e-01
8.061416980162818e-01
-4.956422572472385e-02
-7.435010266218799e-02
8.408771972463561e-02
4.238762427826628e-01
8.168163366803448e-02
-2.391968805378236e-02
-8.737321915973652e-02
-5.084586335682850e-02
6.118459385259823e-01
2.989108208513062e-01
-1.487424786283476e-02
1.077135307279255e-01
4.733841153822761e-02
5.069763763352861e-01
-1.460461799499009e-01
2.558010888050503e-01
-2.559142720566578e-01
-2.720150297801507e-01
2.322910032982810e-01
-1.569981988578698e-01
-2.044954704474164e-02
9.601901649320159e-02
6.520979539173928e-01
5.619028995786416e-02
-3.696190655083884e-01
-2.762033085404856e-01
5.677054637816199e-01
-2.326539977086146e-02
2.326164463419579e-01
1.865361666337424e-01
-2.062146730611528e-01
-2.689675912927883e-01
6.757165407115934e-01
4.295862143012342e-01
-1.885901464211182e-01
1.265641499166106e-01
2.992180030277907e-02
1.538437731319888e-01
3.385675278801255e-02
1.099924170299845e-01
8.929558503634502e-02
-1.591373536185061e-01
-1.782697241870560e-01
-1.438530070281646e-01
2.973996615659272e-01
6.355636342871847e-01
8.895217028296727e-04
2.474643679354833e-01
7.134874225725088e-02
4.995075514146510e-01
2.462327280368870e-02
6.193088092924119e-01
1.102656802016214e-01
-1.537814122054981e-01
8.069305268638181e-02
-1.547684692454104e-01
6.881232561070680e-01
1.731498330859266e-01
-2.245551848493665e-01
-4.637621638234300e-02
4.265967500634994e-02
-4.589868942419253e-01
3.453641988180649e-01
4.858670916959195e-01
3.704753602625175e-01
1.471343782173627e-01
1.307772014162315e-01
-4.698154761987278e-02
3.035568873016340e-01
2.151720226020079e-01
5.485132208415139e-01
-1.870422388504095e-01
1.097381934793322e-01
-1.482716344013160e-01
-2.505316719501924e-01
2.457519399779603e-01
1.098638285395102e-01
-1.539309776182552e-01
6.022936015993020e-01
2.322043370364570e-01
4.208330230531469e-01
-1.543700670691628e-01
6.581274538338218e-01
-5.274776381970375e-01
-4.066036967593499e-02
3.737265105348493e-03
8.470485815080467e-02
5.574604995366854e-02
-5.000779412253891e-02
-1.433213871638535e-01
-1.281241679254088e-01
-3.424829083375598e-02
-1.396884716257193e-01
-1.319495100069593e-41
-4.680848830803002e-01
-1.348069407176628e-39
-5.977313133809287e-02
4.585511485807049e-02
5.802487657032618e-02
-4.633629433905459e-02
-1.722703455580354e-01
1.779301557884682e-01
4.836802741164649e-02
1.759951830602162e-01
3.904662607535186e-01
-2.452356760920011e-02
-2.259720906918704e-01
-2.254055883697966e-02
5.186576137898132e-40
-2.023882324729809e-01
-8.415588673905625e-02
5.835350587813707e-41
1.089022438717458e-02
-2.201370962491387e-01
-7.085560608099405e-02
8.006552290970607e-02
1.996914546108384e-01
3.903839000589655e-01
1.584103740665675e-01
-4.485929859882130e-01
-4.943974838943738e-40
-3.733582011984441e-02
-3.140262087980456e-01
-4.150265746333641e-01
2.032222414996806e-01
-7.075570386158150e-40
-1.988015311045433e-01
3.074820761046637e-01
-3.905413106125005e-01
-5.241870721963705e-02
-7.273965929512847e-03
-2.953600191567389e-01
-2.517816243730120e-01
3.287137167197893e-02
4.477368131638841e-40
4.370141990693722e-01
-6.325267528686021e-02
-2.062917180324158e-01
3.481496533737149e-40
3.928588275469257e-01
-3.345934871944842e-01
7.326432895944264e-02
5.932862450873648e-02
-2.817304921858833e-01
-3.116557230894264e-40
-1.294656900504805e-01
-2.424144556370374e-01
-2.051934899811161e-01
2.011082331982697e-02
-2.220895390177068e-02
-4.037826506487776e-01
-4.127632334463123e-01
-3.697700319243720e-01
1.412950039933059e-01
2.347868575014599e-01
1.015664234411606e-01
-1.312766044566471e-01
1.214443681068530e-40
-3.671631611499984e-01
-2.483937240282670e-02
5.232341446589852e-03
-3.548451499999846e-01
9.366775030649122e-02
2.197961592517304e-41
1.330866060141802e-01
-2.616400291500801e-01
-4.148794824022657e-01
-3.092755252295594e-01
-1.505067090045749e-40
-1.823838076113056e-01
-1.238367006948073e-01
-7.060554268678745e-02
5.677195771839052e-02
5.650327563777969e-02
-2.392056497595506e-02
1.736291440323741e-39
-5.790755242838527e-02
-4.253276922054598e-01
2.547938952252988e-01
3.769241443835203e-01
-9.960808104715374e-02
2.065074542169266e-01
7.708911063104262e-41
-4.651475218717950e-01
-1.587557603688999e-01
2.307898008708681e-01
3.342883005978742e-01
-3.191442402731245e-01
-2.064269849739795e-02
1.622200362217575e-01
-3.136695565092594e-41
-5.266998292381064e-02
-6.465977440904240e-02
1.540735661339988e-01
8.230780881065363e-40
-1.691789883114595e-01
9.151938991154264e-02
-7.727713598619955e-02
-4.247982479192320e-01
7.546131747004979e-02
