5.527920620272245e-01
-4.953213933763242e-01
-8.503314064761947e-02
3.584134687149054e-01
1.995645802395623e-01
-7.319126082992367e-02
1.738705086270106e-01
2.836990713629454e-01
1.104937020936657e-01
-2.149519461204429e-02
-9.303222679538317e-02
-6.097897284605520e-02
-3.609219193895830e-01
5.373003810475143e-01
3.127872952332083e-01
-1.661184706860606e-01
5.263383158410044e-01
4.290360371443987e-01
-5.284294266138618e-02
1.764006389498949e-01
-2.830542355136714e-01
4.563549797704712e-01
5.119945608983782e-01
-7.172193565033123e-03
-1.198051179353783e-01
2.695244452330710e-01
-8.526718604655564e-02
-7.672614183233258e-02
-3.185842862269560e-01
2.334079958485808e-02
-1.113109487373274e-01
6.211367876947822e-02
5.545647173551589e-01
2.481877421239366e-01
-3.139446227095416e-01
1.002939433479858e-01
4.977394680462626e-01
3.849291945223129e-01
4.258706108341613e-01
-3.390892231347728e-01
-1.563294422072963e-01
-9.863327487999186e-03
2.596298317978559e-01
2.061239141786663e-01
6.117267369427052e-01
-2.198865395202934e-01
3.436941791549581e-01
-2.249457421684861e-01
1.037278878998577e-01
-1.504644001489383e-01
7.452970771044613e-02
4.078482690793404e-01
-1.658541560994392e-01
-2.910363710784311e-01
4.673359571851546e-01
5.472166540677488e-01
-1.156483563982759e-01
9.068495866260008e-02
-6.364972326565682e-02
7.698796420673141e-01
-1.852219782057375e-02
1.426533353927549e-01
-3.158298188447776e-01
3.670463516620794e-01
6.356955288533640e-02
-1.335089790987588e-01
-1.885642930827555e-01
3.468830701140995e-01
5.379442893168785e-01
1.095842789505565e-01
-2.441600332102815e-01
6.298075867320528e-01
-4.787704439813296e-01
3.459059032903759e-01
-1.941124831802456e-02
3.279835777579325e-03
5.169456393398053e-02
1.653410082264449e-01
2.411693420971362e-01
9.972689087476436e-02
-1.117700325920617e-01
-4.174856444742135e-01
6.179574002187732e-01
-3.139391589639818e-01
-8.111448134398701e-02
2.036488482184801e-01
1.725096149056146e-01
5.063210206307505e-01
4.204944642584774e-01
2.136173900785410e-01
4.544596568727627e-01
-7.667095525356678e-02
-1.480525833021895e-01
-3.798610166225714e-01
-1.280555718548702e-02
-1.123522950285233e-01
6.132597705389267e-01
3.670549730369105e-01
6.006319042031821e-01
-1.670732646061871e-01
-1.615377758359446e-01
2.487406371141597e-01
-3.770120491381660e-01
1.781943589758061e-01
1.659699449745678e-01
-1.921006010963587e-01
-9.710913946134853e-02
-1.307180299344630e-01
3.479926406425397e-01
-3.410202805385009e-01
-2.140594040375256e-01
6.962843928439753e-01
-1.515467345471336e-01
5.955107681726800e-01
-6.953315555493536e-02
9.527563415883347e-02
-1.629566320222690e-01
-1.553389177214524e-01
-2.415332651760104e-01
1.196466628152428e-33
-2.062413083490150e-02
-1.485796670036701e-01
-1.597414269346899e-01
-3.688112232290745e-01
-2.321868438682349e-01
-4.671530426939295e-03
3.440012760477426e-01
4.520721237249428e-01
-2.854111702127819e-01
-8.873985315077869e-03
-4.557049337407799e-03
-2.669251584706397e-01
4.155705343669365e-34
-2.964737802155796e-01
-1.370487250267819e-01
9.513865072983585e-35
1.991011286155517e-02
2.812575700587816e-01
-3.267373855162696e-01
-8.060364571847285e-02
-7.629819411062823e-02
6.904797230292707e-35
3.534740115246409e-01
2.957532928293999e-01
3.351989636748066e-01
-1.306604510123734e-01
2.858852476002189e-01
3.605283511444346e-01
4.481728037628323e-01
1.182834445725502e-01
-3.143400217615340e-03
1.862085491229820e-37
2.410450899907672e-01
1.052020550930540e-01
-2.701337534337563e-01
-2.310156347463744e-33
-9.549779475969085e-02
-2.341323277842006e-01
2.763093216604030e-02
3.425888668109011e-01
1.345436115012126e-01
-1.346075374094659e-01
1.941445352989071e-01
4.201568219030590e-34
-3.858531381774925e-01
-2.355679642594666e-01
-7.424183824753033e-02
-1.495385929170018e-01
1.600537663062762e-01
-5.809979865562998e-02
-2.676007925170311e-01
2.103737389465126e-01
-1.042293957358805e-01
1.402960682627313e-01
-2.784796176616027e-33
3.064134357402203e-01
-9.782931264490642e-02
9.544446891607878e-04
-1.777440908056988e-34
-2.301382702159703e-01
1.265266156684063e-01
-2.979277397978868e-01
-2.731020859368491e-01
-1.297041420643115e-01
-1.254400142033708e-01
3.270834730763132e-01
-3.552898178355101e-01
3.108675738665132e-34
-2.139545433635213e-01
-1.468817822654148e-01
5.126961061400531e-34
3.533735481970488e-01
-6.335865181122226e-02
-1.188065854644269e-01
-4.511880406386380e-02
1.586953546135919e-01
-2.729260650181423e-01
1.779168333874172e-01
-1.229112701147535e-01
7.763177429600593e-02
-9.777349465639795e-03
1.452141217254403e-36
3.316109064712421e-01
-1.071530871987610e-02
2.559440947137697e-01
-3.028995158834373e-01
-4.916544149741093e-34
2.204559500908198e-01
6.804495908599635e-02
1.620006921514187e-01
-9.778091594695014e-02
1.342336861802033e-01
1.993653385638125e-01
-3.376072120920129e-01
-2.838730909044305e-01
1.348107199252545e-33
2.059485268632414e-01
2.529516272096588e-35
1.269357770759778e-01
-1.966327170077638e-01
-1.059561543897030e-01
4.167598037685000e-01
2.834654792011457e-01
4.334638904689058e-02
-9.667932371147424e-02
1.671846922032134e-01
2.225507767004451e-01
5.031964403420724e-02
-3.265850868498621e-03
2.813959548014688e-01
-4.247897433895610e-34
3.695134080655025e-01
-1.064994735371157e-34
-5.132968837743059e-01
-1.257513873379736e-01
1.992868657783651e-02
-2.717321045692462e-01
9.696439725395122e-02
