6.310040523172382e-01
2.002519014750317e-01
8.858516991286731e-02
-1.395281534815404e-01
1.093434239517598e-01
-8.732215499233751e-03
-8.227093442405960e-02
-2.496552232918434e-01
1.816687816724815e-01
-2.932741016805993e-01
3.857756176692160e-02
-1.264376609611239e-01
-2.139072421167700e-01
5.162611427006919e-01
-1.157704806921649e-02
5.320505133691898e-01
-2.863356154315659e-01
-1.483561980209933e-02
2.104847174488428e-01
-3.423707016748253e-01
-1.651991780923573e-01
9.613175102857756e-02
-1.776634258339708e-01
-1.399277993856617e-01
-6.686535705606962e-02
6.107845653379027e-01
4.153105378171993e-01
-7.606674056431770e-02
3.179233122688063e-01
-3.293172640626850e-01
-9.244630313951242e-02
6.648559848523002e-02
-1.692491505557273e-01
5.431493605644687e-01
1.045521803867292e-01
2.377192711194288e-01
1.434308400031503e-01
2.341459562939634e-01
4.005711545661716e-01
-3.975434875761656e-01
4.880985062105987e-01
9.160674705329407e-02
3.290984678728822e-01
2.863640768465404e-02
-1.258596074222348e-01
1.911974621573635e-01
3.989748762939722e-01
-3.647801139826992e-02
5.094007341059651e-01
2.064210855755186e-01
4.212785603006952e-01
-9.633620432001819e-02
5.906989350738936e-01
3.167140806151611e-01
9.898517145103371e-02
-5.655577979173207e-02
-1.928992948748326e-01
-1.468726659123527e-01
-1.736019579371266e-01
-2.317293907988579e-01
5.443438022832596e-01
2.169072660993809e-01
4.666632841755231e-01
-3.139841862358907e-01
-1.296332670575545e-01
7.099991072906420e-01
3.255297929023800e-01
1.330639237551359e-01
-2.183202573263447e-01
-5.850947720487294e-02
5.710218799952016e-01
-2.048862943330092e-01
6.316154198833761e-01
-2.184571379688132e-01
9.114482324228920e-02
1.040291638785576e-01
1.115198072195095e-01
-2.572593123792729e-03
4.305610067838248e-01
1.706754808692499e-01
-7.022418345034548e-02
1.933326719957969e-01
7.301645994526860e-01
2.142489211266841e-01
1.642940553551301e-01
-1.990549227913432e-01
1.817260499647086e-01
-3.104565101753117e-01
-8.010703839374972e-02
1.983738081661229e-01
6.274927644426209e-01
-2.196554155785535e-01
-1.254033440616180e-01
-2.396818628852650e-01
3.646031523417186e-01
-4.510447978832507e-02
5.846018191954446e-01
3.861388020792074e-01
1.091630480233865e-01
3.763192713642209e-01
3.437321614565823e-01
2.722978388405632e-01
2.488359908147146e-01
-3.391047746763011e-01
5.035287681043525e-01
5.390982220487945e-01
-5.755312279608198e-02
-3.290772097237630e-01
-1.575298607272989e-01
6.975626851220443e-02
4.363359635384467e-02
-4.549888740508961e-01
1.730555880340942e-01
5.621841262227539e-01
5.052741576969089e-01
6.320163691599692e-02
1.711454229406020e-01
4.159407633813434e-03
-3.631375061972282e-01
-7.391938187900073e-02
4.685011976999645e-01
-1.188591330729616e-01
4.328982625606299e-01
-1.629213287042783e-01
4.580235288660969e-01
-4.058794007773635e-01
-1.493204817981979e-01
-3.497561991883487e-01
1.305210346955751e-01
2.906182062036193e-02
-4.085924182430775e-02
1.950842880162015e-01
5.987959024560104e-01
2.808345389756782e-01
-1.473410532640918e-01
-6.499626408384965e-02
7.597776160591386e-01
-3.497263495987387e-01
-1.703816171842120e-01
-3.969415478892967e-02
-2.055577339351199e-01
6.688344338684327e-02
1.092841051309959e-01
2.519575991501010e-01
6.033824327939874e-01
-1.463828038413296e-01
4.489952186473745e-02
-2.443785679019837e-01
-3.837358732560618e-01
1.441699778325691e-01
-5.153155306988229e-02
5.076691691071132e-01
-1.143634481507579e-01
-1.952852583535982e-01
-3.765791005077544e-01
-9.310535710788895e-02
3.990244434807761e-01
-1.542351511843379e-01
5.903565371417431e-02
5.700553584796842e-01
-1.805855484977064e-01
5.176033662299216e-01
-4.122550141999814e-01
-8.567759893321435e-03
-3.962018213746780e-01
-3.437864208003999e-02
6.002215690194243e-02
-2.066973368845669e-01
2.232026488829406e-01
-2.353878744640724e-01
-8.189682310367512e-02
4.363761643622200e-01
6.853387583257942e-01
-2.451726063848331e-01
1.754919485494339e-04
-2.025434781847384e-01
4.916842787908247e-02
1.171036676587213e-01
4.900046969669424e-02
7.154427968703166e-01
2.909478651914355e-01
-6.095975476465938e-02
-6.586922338321942e-02
8.088197396049174e-01
-9.505692865834048e-02
-1.997252661504035e-01
-1.704555692773193e-01
-1.338404353502555e-01
3.014091481056947e-01
-1.248571320360221e-47
-1.524759201571662e-01
2.956945099827914e-01
2.587497390150398e-01
-4.248875911508077e-01
-5.809933575442593e-02
-3.925255489025408e-01
-4.052702097220091e-01
-4.189602116686933e-01
-5.108839210176461e-02
-2.784529512580852e-01
2.492608660999472e-01
-8.278760395114490e-02
-3.553029749440156e-48
-3.761381574091668e-01
5.773466469543767e-47
9.951350953229365e-02
-1.790394566195835e-01
-8.108577948759388e-02
-1.080752441396519e-01
-4.940390872377286e-01
3.045409454034770e-02
-5.283805371591862e-03
-4.323469933818292e-01
-5.444224132897961e-02
5.541653347788904e-48
-6.516196669539419e-02
-4.344278061410739e-01
-2.769340459424429e-01
2.209663454254490e-01
3.857212502980991e-01
2.579103980151789e-02
-3.781199736966400e-01
-2.151091538285748e-47
1.580545009814705e-01
-8.961793505356867e-02
-6.146332822339921e-02
-3.488298017640941e-01
-1.376001375984332e-01
-3.713320804833934e-02
-2.344851100157317e-47
-3.862107877374913e-01
-2.255145887203498e-01
-2.780430862478572e-01
-3.045872160053020e-01
3.696982558808991e-01
-2.456030033008817e-01
2.324959836409225e-02
-4.641731390431712e-50
4.279282612110868e-01
-9.733865059637604e-02
-2.581374375761993e-01
3.890740447533887e-49
-4.296950549817501e-02
-2.024890736157507e-01
-7.952254389563626e-02
-4.021264776852714e-01
2.562505789264143e-01
2.384085368125957e-01
6.070120000361228e-02
-3.013041052381627e-49
-8.670441378138613e-02
-2.894112963806804e-02
2.668974156242321e-01
2.708394062111520e-01
-2.108851087904910e-46
-1.610012115595414e-01
-3.407645678735199e-02
4.826551541877635e-02
1.781777133232153e-01
-2.041993427812933e-01
8.810881424696555e-02
6.113691037451839e-47
-2.069784100233227e-01
-3.099942146477777e-02
2.025156738673280e-01
1.394768325014873e-01
5.284620931746094e-04
2.568168436570249e-01
-4.249902556044299e-02
-2.217137357527565e-01
7.792553650407867e-02
-2.003942273659424e-45
2.028247357676020e-01
1.040982332945768e-02
-4.168509480604792e-01
3.814038940678040e-01
1.919964741734805e-01
-1.308586254273969e-02
-8.991457458503406e-02
6.110811921210093e-48
1.271853724435282e-01
2.147279372380622e-03
3.018656159967095e-01
5.510028869335870e-02
2.735316161296725e-01
2.648460530218378e-48
-2.599742358518748e-01
1.571873488402938e-02
-1.054713334438053e-01
3.572555915195987e-01
-1.131727129832189e-01
-8.273936774452703e-02
-2.550686178895095e-01
-1.607363872780597e-48
4.424917968959310e-49
3.165661201656305e-01
1.968120020163220e-01
-3.220432443171503e-01
1.926817827169799e-01
1.411826246527788e-01
-2.438213447234252e-01
-9.456470253920156e-02
-1.792135832101400e-48
-1.309347043531592e-01
6.740916491367638e-02
1.331759740749158e-01
4.059798789912608e-01
-1.426238688099903e-01
-1.139601023774743e-01
6.079732389035978e-48
3.565420878095231e-01
1.133130745660273e-01
-1.334490311137444e-01
3.491510053134819e-02
-2.168932559971867e-02
-1.802430714614940e-02
6.739306286066590e-02
2.179647901838442e-02
-5.506396579915565e-01
-2.278819839336111e-01
2.805953606810547e-01
2.223231446505842e-47
-4.111966955798964e-02
1.262871861004312e-01
1.915774300238435e-01
-7.001875730871687e-48
1.764788443133521e-01
-2.802361547876347e-01
-3.168149770777359e-02
-2.780207323287657e-01
7.711494076587921e-02
-3.640607717045291e-01
-1.914944070739944e-01
-9.514543137214461e-50
-4.212320086799732e-01
2.458530512779102e-01
-4.098502953473828e-01
-1.835156752750802e-01
-1.690273890894459e-01
3.874439410528732e-01
-4.533887935509479e-46
2.832316783322927e-01
9.142154645727622e-03
-3.631646254055861e-01
-2.280673382839652e-01
1.219559627166010e-01
-7.944123293846636e-02
-1.316836442803553e-02
1.180918611939630e-45
-3.165285083890035e-01
-1.152187780761144e-47
-1.177251586682111e-01
5.343874977916161e-02
2.179482052540312e-01
2.803829456219448e-02
-4.720028495275005e-01
2.641699458297979e-01
4.378496874451327e-02
2.710379642558323e-01
2.332113235771739e-01
3.787455834198295e-02
-2.458843743630571e-49
8.956752893784979e-02
-1.691744095196298e-01
2.303021397749151e-01
-4.027567315878591e-01
2.945510149984230e-01
8.929720297744435e-02
-6.192638871075354e-46
-7.680193848505215e-02
1.559944021609995e-01
8.961441254768701e-02
1.236770752203686e-48
2.088053578071418e-02
3.653821337480911e-01
-5.864858572456374e-02
9.323114020821439e-02
-2.504973716903465e-02
