1.704119786400569e-01
5.287382761858653e-01
4.283985159804405e-01
3.375810070304307e-02
-3.656418450177544e-01
-2.639569489861365e-01
-5.370695430086769e-02
-1.264271070118059e-01
-6.633947366537254e-02
1.183254702201554e-01
3.718266913065547e-02
-2.171726443408714e-01
-4.796084899758775e-02
7.396559412456052e-01
4.484254116098214e-01
-3.651102343440718e-02
3.449440953979033e-01
-4.170515330309313e-01
-1.085394293516561e-01
-5.520296578058680e-02
-9.089132824606358e-02
4.859776173016787e-02
-5.546303236479467e-01
6.360946771598535e-03
6.550038197591915e-01
1.227224265987919e-01
1.891151338068675e-01
3.582662330968442e-01
-2.977297208720583e-01
6.302464283365474e-01
-1.534345628010988e-01
1.059275675247072e-01
5.867429155276412e-03
1.026927837616459e-01
-9.258864727682750e-02
-3.156028575276664e-01
5.294078896559126e-02
1.285429273679177e-01
5.977600574097852e-01
4.830667784793375e-01
-1.016111470704466e-01
-2.991331200052271e-01
1.278307947186292e-01
-6.949247953573788e-02
-5.751368583518462e-02
-1.619261358607329e-01
-3.681294619109570e-01
5.288608024048399e-01
-4.998799043248010e-01
2.590519859006492e-01
7.248414615346721e-02
3.137760947406272e-02
7.763843917053362e-02
7.223236277191792e-01
5.401962083497647e-02
3.933937718396393e-01
-4.209475040666307e-01
1.169564236167261e-01
5.824087741810300e-01
3.115465583870486e-01
2.623832667664425e-01
1.760309366288617e-01
3.879081209713784e-01
-3.640476649784546e-01
-2.109891187852515e-01
2.545439588471607e-01
-2.716728830914457e-02
5.764934958029055e-01
-4.177619855033877e-01
6.383376565943139e-02
1.842223060206595e-01
4.421187137357945e-01
-6.625357146689256e-03
7.158816403784165e-01
5.199541922295118e-02
-4.884860425049872e-02
3.345549662345054e-01
4.105051674558306e-02
-1.133890390805376e-01
-4.005552918403405e-02
2.783892826490020e-01
3.089149629136166e-02
-3.394234488842006e-01
5.027871614495953e-01
6.885180210816191e-02
3.518223323831312e-02
7.213106433043713e-01
-2.092412581183155e-01
-6.377418950948513e-02
1.180849258209018e-01
-3.136005398777549e-02
-2.219693547812530e-01
7.799360505910531e-01
-1.737965888115099e-01
2.644001273707321e-02
6.709998105918945e-02
-4.416265819684555e-02
3.017745286557819e-01
-5.299876745732798e-02
4.359630766493946e-02
4.887206789368678e-01
-3.550250361382292e-01
4.737117070795058e-01
-3.007593782922044e-01
-2.756660419944413e-01
6.422648559292728e-01
-1.177582771842234e-01
6.376623278512152e-02
1.276122382752882e-01
3.127823641732706e-01
-5.827094342040975e-02
-4.822105564904089e-01
1.597691181477706e-01
4.160244767725534e-01
-1.960093965644964e-01
-2.471443025685748e-01
1.083671199508955e-01
2.596147909569413e-01
5.321654468474183e-01
-5.195715406835535e-02
-1.615268850362402e-01
1.238959112862403e-01
-4.400199234486423e-01
6.692845693174147e-02
1.966525152607325e-01
6.232947196165105e-01
1.128675843285611e-01
1.370124961789155e-02
1.217881559290289e-01
5.962343417269134e-02
-1.886599852788021e-02
6.818193446122347e-01
3.399874479677983e-01
5.986716184472811e-01
6.342943480229328e-01
2.288908326239630e-03
1.022440169806085e-03
2.465494014977105e-01
-1.066302379509997e-01
-9.875842160314060e-03
1.354009666594201e-01
1.465678944220443e-01
-3.385794746695442e-01
-1.650402296888820e-01
5.748790670214027e-01
-2.492711881496509e-01
-2.570290394767804e-01
2.909044752353327e-01
5.192075178459062e-02
-4.207418633805789e-01
2.891675012865421e-01
3.663819603713461e-01
6.655909644174448e-01
-9.006613498832135e-02
1.372635004277067e-02
-5.836942289594138e-02
7.639758594550033e-01
5.763557975555597e-02
-2.433058060198719e-01
1.026013521700496e-01
-2.865797492692536e-01
-1.787892397260328e-03
5.552029481382620e-01
1.090019334626083e-01
6.019412888881935e-02
-4.362462913040714e-01
5.862370522066152e-02
1.015130869455872e-02
-1.747221520103895e-01
-2.039470175436909e-01
3.518822794707116e-01
3.154555447296523e-02
5.143962066925580e-01
4.707881638877229e-01
-3.574376105043036e-01
5.395671539964151e-01
-1.408046913333431e-01
-1.759698469366354e-01
1.697789822846672e-02
3.293439312269995e-02
7.089865581238887e-02
6.145292248002794e-01
-1.312887892469742e-01
1.511351475894669e-01
2.974533020551752e-01
4.361093755368890e-01
-3.091710111571798e-01
5.916021129452144e-01
-6.079889560464005e-02
-3.867414536085635e-01
1.790676873362226e-01
-7.693142060874132e-02
-1.568223344421805e-01
1.079680427577106e-03
6.653557972636588e-01
4.360116611938465e-02
-4.523103383123953e-01
2.503768527772690e-01
-9.419281050646872e-02
-2.711565500039111e-01
5.457749719396976e-01
3.349207330724965e-01
-2.729362402823035e-02
4.832373973024637e-01
2.320952417551598e-39
-5.546449195964580e-02
-1.645230754790113e-01
1.670133098003955e-01
7.247612507374946e-03
9.418343997600608e-02
6.655728840875781e-02
-1.257780552536637e-01
-2.991762471520286e-01
-3.719018663757641e-01
1.323012179028305e-01
3.195397502618214e-01
1.895967787674352e-38
1.297135884451605e-38
4.300107787085759e-01
1.281212957960060e-02
1.632185541572597e-01
4.305219544623175e-01
2.006273762365061e-01
-2.103795671423728e-01
1.566133354340323e-01
1.463866099835017e-01
-5.057142285065217e-02
9.637940580133339e-40
-7.884312814120607e-02
-5.349721410188749e-02
1.555009276512967e-01
-1.413058513559061e-01
-7.174626958400395e-41
4.586486362930043e-01
-3.184207522212725e-01
1.622294963693219e-01
-8.406542048693566e-02
3.084277079458727e-01
1.731375605939149e-01
3.208240394698562e-01
7.980047205355525e-02
-6.945899298796938e-38
1.933948162295799e-01
1.004819266027498e-01
6.182079392371929e-02
-2.741949075481741e-01
-9.492292258926679e-02
-4.002896447676572e-01
2.666570797388573e-02
1.718270776360760e-01
3.853311925070578e-38
9.771696385156790e-02
1.899333253311111e-01
1.099679833736606e-01
-3.963898060147713e-01
4.186656551854282e-02
-2.970097440599708e-39
-5.747734005463723e-02
-1.756379103334893e-01
-1.625969860022917e-01
6.703866151043190e-02
-1.606785095278321e-39
-1.403895040274617e-02
-1.588165416876725e-01
-2.456401522661157e-01
-7.660119726532458e-02
-2.690710043839483e-01
-1.697089901997258e-01
-2.117977114636397e-01
2.638197062118910e-02
-7.223773150989586e-39
2.164269812634328e-01
2.299616490560072e-01
1.426246244064232e-02
-8.528479716421941e-02
-1.227585291716646e-04
3.527634182031682e-40
3.059233536519927e-01
-1.992705136057275e-01
1.647015230708446e-02
-4.988753507805238e-01
2.332160360879494e-03
-2.775155542134228e-01
3.741950140592232e-01
-1.610077060820027e-01
-2.134313085793048e-01
6.697548877523792e-40
-2.522519424719382e-01
7.703492793139349e-02
-3.718312406083129e-40
-5.461696934388524e-01
9.594619982843899e-02
5.652631218443491e-02
1.751810142790720e-01
1.750880530264532e-01
-5.347754143747087e-38
-2.295602447107839e-01
1.349285505865932e-02
-9.399967864526820e-02
3.061598808853725e-01
-1.670293936309839e-01
2.978934998824969e-01
2.560361370877046e-01
-4.697401821349065e-40
-5.223932133349768e-02
-6.170644013318602e-02
-2.371920972438471e-01
-1.498575968294019e-01
8.059226639168940e-39
1.447146113026525e-01
-1.977740006786178e-01
-3.717667497247563e-01
1.028907642514641e-01
-6.598096368130599e-02
-7.946766014817901e-02
-4.126122447102673e-01
8.478147717351421e-02
-2.742477037806131e-02
-8.140293909145668e-02
3.309115413736644e-01
-2.126884352673206e-01
2.035056462063427e-38
1.810697980490840e-01
3.815251375780990e-01
6.385758903570983e-02
6.680589966202717e-02
-2.273528698937396e-01
-3.033413957134752e-01
-6.830590192290220e-39
-9.460557503023814e-02
-1.943733803424863e-01
-2.309921382199024e-01
4.516511298748812e-01
-1.219612505842160e-01
3.126544759527231e-38
-2.625052046774408e-01
-4.741168557641427e-02
5.771043463254027e-39
3.506098981094439e-01
7.705160395357950e-02
-1.525000906469491e-01
9.725226888432688e-02
5.635726980700855e-02
2.505164530936080e-01
-4.408751194687888e-01
-3.765071089576368e-02
-7.339765699727072e-02
4.735481167020056e-39
-2.351452871937569e-01
2.009891439444578e-01
1.570049739726514e-01
-5.862708781630130e-03
5.236594980261419e-02
-4.549467330131254e-02
1.549452474493077e-01
-1.771690788780237e-39
1.147752588253402e-01
-6.261670368056928e-05
-9.574424637703674e-02
-1.586778963992270e-40
4.247267591052952e-01
4.327634718768516e-02
-2.345819246490859e-01
-1.054021459315402e-01
-3.100256896135290e-01
3.990189223539649e-38
-3.460652061460239e-01
-1.780665597340445e-02
-2.118487790236819e-01
-4.500588880064302e-01
1.369820449545164e-01
8.651889524206252e-02
-3.001782042293860e-01
-2.621702699172330e-01
-5.727299989017567e-02
5.467887264818979e-38
3.333594086872333e-02
-1.354168360031535e-01
2.618811035547375e-01
-2.422066816704774e-01
3.089402132082134e-01
1.271896309448474e-01
1.860271169393851e-01
-2.360280807238054e-02
-4.671801060313029e-38
2.525144461625733e-01
-2.806801460475885e-01
-1.652387268295984e-02
-1.624676956509501e-01
-5.431625663437466e-03
-1.199863393235964e-39
2.504637774140704e-01
-2.685617272322764e-01
-7.697779662190907e-03
-6.444692070388056e-02
-4.194442933937627e-01
-2.486494671686504e-01
-8.179411873833446e-40
-1.707495929397579e-01
2.815265970929500e-01
1.328656342709345e-01
1.910867635308865e-01
3.039195642544797e-01
-9.548791061829111e-39
4.354838992331408e-02
1.088726471550403e-01
