3.472821576406245e-02
1.787670480695945e-01
-1.090322905124426e-01
-4.591498533598875e-01
6.980995822147998e-01
3.138628878206403e-01
2.002808945080529e-01
5.587481669769628e-01
2.203769181670845e-01
-2.315558330663572e-01
-9.741752222570439e-02
4.853563108861250e-02
-2.839616934540963e-02
-1.324222267090346e-01
6.116607624143362e-01
4.692940996131615e-01
2.452773798617979e-01
-1.988476029828697e-01
1.320065388898919e-01
2.868294073225388e-03
3.179196514577016e-01
-3.287152181952860e-01
2.005980935663981e-01
-1.668063602163983e-01
-4.634100614579121e-02
5.815792040451211e-01
-3.933083671155296e-01
-2.451956852393578e-01
2.114702282699079e-02
5.203747503980612e-02
3.274567404346043e-01
-2.198048407572721e-02
1.124115898360490e-02
6.432787593595308e-01
3.610849622128690e-02
-2.458102979430527e-01
-2.301359139990468e-01
7.679375112706126e-01
2.312157895039443e-01
-1.767732137185673e-01
1.012160432330413e-01
-1.419910877739236e-01
-1.038522964166257e-01
8.128072849988448e-01
-8.502449912197221e-02
-2.478400875665434e-01
1.352791206457062e-01
3.022914481301114e-01
-1.969944239373638e-01
-4.141802593559467e-01
4.903656168330374e-01
-1.663542119523492e-01
4.200129775392321e-01
-1.306751642808943e-01
-6.522547765808805e-02
3.347190034408281e-01
-1.545252438931570e-01
6.325447637122895e-01
-1.913884219052158e-01
-2.299286708293362e-01
-4.572083085560541e-02
-1.793544400353308e-01
3.004916190573454e-01
1.172516428526831e-01
-1.408611257106142e-01
5.849969033383330e-01
-2.826716760509956e-01
3.863510629008949e-01
-3.212158755996052e-01
-2.514021287430844e-02
6.115614464173712e-01
1.964124044850406e-01
2.626232760825633e-02
-1.213516109932100e-02
8.977287244139592e-02
-1.635778312042345e-01
-7.571990587387029e-02
4.945001754599382e-01
-2.392131708417892e-02
-2.693883418035147e-01
-8.841984302953797e-02
8.948729203042069e-02
6.254109126413312e-01
-2.396601777050548e-01
-3.449981034291584e-02
5.721239374986458e-02
-2.435392392029388e-01
-3.732628622832679e-01
-3.875151057488132e-02
5.472702817259071e-01
3.095851983823431e-01
-2.952848208864473e-01
1.338711364571854e-01
-4.747590371838142e-01
-1.161985071408010e-01
-5.488707708962538e-02
5.395233841172166e-01
-2.571813722242092e-01
-1.326843881713468e-01
-3.951085146680791e-01
-1.350798236942586e-01
-5.310529817793705e-02
5.775309355435184e-02
5.577475606156409e-01
9.400224875992520e-02
5.923567842989902e-01
-1.020225567439431e-02
-2.289269361046204e-01
-5.102709822635021e-01
-1.444049681341621e-01
-1.859041078301119e-01
-2.282547161052174e-02
4.918375459863026e-01
-8.853930506090527e-02
-3.556370398335703e-01
6.444264314216885e-01
-1.116059852629276e-01
2.325774258569933e-02
2.382997208617338e-02
-4.035992527405899e-02
6.436164744132210e-01
4.336266932312490e-01
1.202193770297086e-01
-6.428417539421956e-02
-1.176419672205337e-01
-3.558444407688071e-02
-3.851306554360895e-01
-7.997146832941288e-02
-9.178993847471966e-03
2.403660863951578e-01
6.439866230414921e-01
-2.873639777323694e-01
2.962076841086564e-01
-8.809380673467558e-02
5.697281450944811e-02
-3.511874647398582e-01
2.945019695984689e-01
1.392111825703292e-01
3.639571748880223e-01
6.711885305349854e-01
8.593264306175284e-02
-2.683864313748255e-01
2.995526111555757e-01
-3.494012691852866e-01
-1.863735691534546e-01
4.855264977538062e-01
3.963425103207365e-01
5.695290428420443e-01
1.755854367427174e-03
4.228528998447272e-01
3.873956721628330e-01
-6.045490088270041e-02
-1.179725981019263e-02
-4.156473600721876e-01
-2.297908293183905e-01
-3.792335743514905e-01
-4.463746812423471e-01
4.566914635586872e-01
1.813344781913528e-01
-1.345206707560263e-01
1.721575550600190e-01
-3.085956069832879e-01
-1.390911909442042e-01
1.686307527658730e-01
-4.456943394985147e-02
-4.122727071504939e-01
4.958848455122081e-01
-4.366117922495419e-01
2.247798758886067e-02
-9.627060302252058e-02
3.515971992103414e-01
5.571290498180491e-01
3.487323016050859e-02
-1.418154780829187e-01
4.338792803084214e-01
8.503869257698608e-02
3.567089056570844e-01
1.702484599879488e-02
5.676182966522788e-01
-4.367778949331320e-01
1.380153649659313e-01
-7.084580169945986e-02
2.550324677764914e-02
1.153347537525099e-02
2.878349424857553e-01
-2.133991643450236e-02
-7.612494539360265e-02
6.941359661786237e-02
6.347148630339315e-01
6.675289275110167e-01
-2.736398925350357e-01
2.471414950132602e-01
4.844673280559487e-02
3.531950311654842e-01
2.367302351810968e-01
2.533799972699668e-01
4.222222050879976e-02
6.715047784631444e-02
7.414133520762604e-01
-5.559842156027110e-02
2.269469148152163e-01
2.838480934322378e-01
-7.621174762082994e-02
-2.341907944299439e-01
3.444506151630438e-01
5.599277138299240e-01
-4.217307120148941e-02
-4.464503928945762e-01
-2.573424336701288e-02
2.218990780849955e-01
1.775710233974968e-01
-5.901977157233560e-02
-9.340856119323813e-02
-9.407620440985118e-02
-2.156879045513975e-01
-1.410641591519040e-01
6.722129747781718e-01
3.506858350081654e-03
1.785982490850433e-01
1.510601743061570e-01
1.751103563993290e-01
-2.106051039881993e-48
1.762763682676385e-01
4.121268947704138e-02
4.882730261188803e-50
4.610896113579325e-01
-1.301104679203624e-01
4.268170717981885e-01
3.523696470115231e-01
1.325404310550166e-01
-4.463200631666047e-02
-1.013765452577700e-48
-1.246181240540226e-02
2.114759362831378e-01
-8.147877221118223e-02
4.542620211198437e-02
-7.114238128299923e-02
-3.588662736093829e-01
-4.118950153909998e-02
-2.275061968643239e-01
1.823921517153882e-01
2.027706956009901e-01
-4.578534785139709e-49
-1.245285617531344e-01
-3.540370515940039e-01
2.069711761638232e-01
3.490401189311368e-01
2.149315567412311e-01
3.210967120522450e-01
3.754017179572391e-01
-1.000394612569309e-48
-1.378582673533456e-01
3.039364866023040e-02
-1.729257652125939e-01
-8.029074430797409e-51
1.544175706081320e-01
2.547400275952160e-01
2.154937881328859e-02
2.484800451242728e-01
-4.774216213582200e-02
-1.070257777929658e-49
-8.622619179097037e-02
-2.727951590240389e-01
-8.786834140992801e-02
-1.136279587811739e-01
-8.157299152379928e-02
6.722695549797793e-02
1.341634655934439e-48
-1.768546401980524e-01
-1.887817174722465e-01
1.981660952249151e-01
-3.064177680771449e-01
2.143531260448551e-01
1.241524430277202e-01
-5.162943118639505e-49
4.787816471786829e-02
2.579782610931009e-01
2.214188941151949e-01
4.440765345523782e-01
-1.773964496787445e-01
-9.445380502362230e-02
2.658935134595412e-01
-1.482481822857220e-49
1.721512960476283e-01
3.901615002567410e-01
-7.606726771638761e-02
-1.547176567012455e-01
4.004087970203625e-49
3.476518426401010e-01
-4.526735155102952e-02
1.434735789153865e-02
-5.961731837110880e-01
-5.894995433308417e-02
2.530080382567370e-01
-9.603359922990055e-02
1.872657568135578e-01
3.092765553831037e-01
-2.676551066901299e-01
3.453319489406613e-02
5.503873590201612e-49
7.176846523422357e-02
4.957765747198740e-01
-2.457489852846735e-01
-2.484561114957399e-01
-4.689152711198517e-02
1.729957176640040e-01
-2.230367312646131e-49
2.606724509204786e-03
-2.468528572880133e-01
4.694865404267046e-02
-4.407188656248734e-02
3.977242577359755e-01
7.832602773567469e-02
-1.346593768884619e-49
-2.575741314710586e-01
1.776062590594684e-01
3.697342185391607e-01
-2.141152191860873e-01
-2.561192804768518e-02
-5.001329097994024e-01
3.322553414136448e-49
-1.306965887967836e-01
-9.784333730618643e-50
-1.815794833758309e-01
-8.928505748131843e-02
-2.991108791613143e-01
1.191816992888615e-01
-2.113158675628121e-01
3.016989902886482e-01
1.115158425850589e-01
1.246355390301774e-01
-9.895487344142137e-02
-2.723020592910050e-49
6.844991839992916e-02
-2.670371769464692e-01
2.849082153599727e-01
3.780397883410438e-01
-3.100047498731907e-49
-3.857329521430600e-02
2.520884702303134e-01
-2.227237811486173e-01
6.489028118614476e-02
3.172358011078693e-01
-1.125923140480946e-01
2.875223049218913e-01
5.655569380296226e-02
-1.543722654739863e-01
4.268818439738633e-49
-7.452865075155646e-02
2.728608564045175e-01
-1.509217116466637e-01
4.910677238120385e-02
6.962301739174609e-02
-8.868987221447132e-02
1.341847149781966e-01
3.473949888085286e-01
-1.993769613327681e-52
-2.548866097787183e-01
-3.848092081172781e-01
1.447729167458212e-01
8.690730671712976e-02
-1.873697505335013e-01
3.212178362987825e-48
-6.743890916405329e-02
4.762966080616827e-50
8.101362619538711e-02
-2.978235221751874e-01
-7.626015531408060e-02
4.963434842494573e-02
2.024391005497277e-01
-1.602313297981784e-01
2.257361794859567e-01
-1.154372516564147e-01
-2.089064095390431e-02
1.197082605410320e-51
-2.798141981824099e-01
-2.894093637187632e-01
-2.969370780273486e-01
-2.232037032484821e-01
1.776470537794970e-01
1.126247613436459e-02
-3.810967129320670e-01
9.275260014206824e-02
5.260399547003904e-50
-1.147006663465105e-01
-2.080376123959400e-01
-2.233260375090362e-01
1.336242811717845e-01
-3.003000301737723e-49
2.682058701768834e-01
-2.376893063849995e-01
-3.274051460355501e-01
6.809107877406477e-02
1.093874982876732e-01
3.044093245415969e-01
7.595926057925044e-50
2.371588973236947e-01
3.962308357705377e-01
7.546011379090485e-02
1.767397960188141e-01
3.589347246435303e-01
-2.856124067252762e-01
4.701547573902673e-01
-1.753743328273792e-01
9.480935449160924e-02
-3.197025229815223e-50
-6.937292161987703e-49
-5.837164344529890e-02
-4.391269281956942e-02
1.501039571954604e-01
2.217834765338561e-01
7.352520953193942e-02
2.977420698389804e-01
-1.358425482125156e-01
1.394486831912118e-01
-7.786887400955260e-50
-2.794542240767770e-01
-4.314238977449843e-01
3.032053665316712e-02
-7.553458070659051e-04
1.599687166518161e-01
1.891882334060339e-01
-9.313576681864271e-50
-2.102158857514941e-01
1.972735435798320e-01
-8.987108687002639e-02
-3.307942979795485e-01
5.015120317607132e-02
-9.335887577030670e-02
-5.861682223759391e-02
-1.566135675508248e-01
-3.678841579887911e-01
-5.045646996086618e-01
-7.535517056607188e-52
