-8.542236794419193e-02
7.423271219636389e-02
1.140428142099971e-01
1.699445009799883e-02
8.272838495312860e-01
-1.917790841555366e-01
-7.989122993870303e-02
-1.727120363290579e-01
-6.760635474118300e-02
1.543377031677017e-01
6.116466169488770e-01
-3.090789267471388e-02
1.906311232638551e-01
-5.377507012188205e-02
6.465170513043907e-01
-1.199250436793925e-02
-1.415039254330304e-01
9.637341179975424e-02
-2.854491683941350e-01
3.764889199978340e-01
9.734182593398649e-02
3.627853141625263e-01
6.309489107210422e-01
1.902287533156096e-01
1.436653829217554e-01
2.201124650247491e-01
4.266249182723392e-02
1.206494433923517e-01
1.612550663948678e-01
-3.239976323352401e-01
3.168762684942308e-01
3.914540177028332e-01
5.787467361199494e-01
2.919271676335304e-01
-2.052210322106555e-01
-2.224353951843154e-01
-1.396556521276781e-02
6.983164219703951e-01
-2.945745643178892e-02
2.724428110668410e-03
-9.847147402888330e-02
-5.191222518682662e-01
-2.367348917161299e-02
-3.715203869258831e-01
3.856681320216557e-01
-1.530967633205901e-01
-1.604123745082563e-01
5.359000674186766e-01
2.981086844728482e-01
4.594485735079808e-03
-3.706405174083101e-01
5.535251430339752e-01
-2.122986922325012e-01
-1.437174536720328e-01
3.855847765716571e-01
-1.512201058604054e-01
-2.118613610522600e-01
-2.196271191442392e-01
1.561641625730365e-01
-2.918175370406560e-01
-2.441807709115171e-01
-2.643668414071049e-02
5.420070483927197e-01
8.531366762240801e-02
3.764606006505828e-01
-1.210329724692217e-02
2.955124267262655e-01
1.098355181235185e-01
-3.932270024028351e-01
4.938333965811448e-01
-4.821506918174095e-01
-1.081596107344702e-01
-4.538323413987942e-02
1.744981189048067e-01
3.382368806625092e-03
-3.602331216842343e-02
6.425499419811994e-01
2.401768441367604e-01
-4.388616602965789e-01
-2.489718874679784e-01
2.390168837664259e-01
-6.328401718018746e-02
6.770973214515936e-01
-9.967240020435142e-03
-1.243631910549453e-01
4.239222495476201e-01
-1.494176932041419e-01
-3.932057071249006e-01
-2.187705881200121e-01
5.288677384860641e-01
3.904464035294480e-01
-1.663324371189412e-01
-2.398419135735657e-01
-2.877386610855316e-02
-1.833781007084137e-01
5.956465050260547e-01
3.549998347449756e-01
4.804537930214610e-01
1.538602954129502e-02
-1.109832737175931e-02
-1.322564736984344e-01
3.396919283989372e-01
-4.145026664519932e-01
-2.574757545052648e-01
5.311494487689685e-01
4.089840374616098e-02
-1.139967720988602e-01
-1.615942073404208e-01
6.193997910806641e-01
4.164591963062553e-02
-8.357590516012402e-05
1.642506103851303e-01
3.451250818728548e-01
7.052041850167022e-01
6.221601144100139e-04
1.578231386350825e-02
-1.062916084502127e-01
4.232626174906239e-02
-1.545111530364131e-01
-3.267809286913380e-01
5.919509003410347e-01
2.763228595970258e-01
1.452238603330772e-01
1.625583117023342e-01
7.691747855409893e-02
2.457170807353145e-01
-1.963607336715142e-02
-8.543701906371703e-02
5.985672749253955e-02
4.299403531711648e-01
1.113426005621087e-01
3.469982848968443e-01
6.449486100928268e-01
-2.733723258334402e-01
5.535982787577990e-01
-5.154797691909701e-02
-8.049452023726761e-02
1.645570464899891e-01
5.967511881605750e-02
4.489701181642408e-01
2.253746759388557e-01
-3.142719863243267e-03
-7.931535139439345e-02
-1.817972179568784e-01
1.694337167720206e-01
5.914767068452274e-01
-1.115304214960952e-02
3.732544665599573e-01
-1.400711604799753e-03
5.656303698781613e-01
-3.239497931093110e-01
-2.234453459845298e-01
-4.840934162934711e-02
-2.207736353073967e-01
-1.630914813993841e-01
4.683859270196055e-02
5.307629133313043e-02
1.258031015303374e-01
-1.874880155622439e-01
6.238514673832201e-01
-3.633700205134588e-01
-4.316995911627747e-01
1.950303037986030e-01
1.932765887814281e-01
2.247529590248765e-02
2.717030868744396e-01
5.417384135447701e-01
-9.092443221218023e-02
-7.340624957073011e-02
-1.692868799224442e-01
7.006715298492528e-01
-4.860293681004230e-02
3.083847346899091e-01
-1.145373755547927e-01
3.104978115359196e-01
-1.918919447994463e-01
-1.297266861589567e-01
-3.482511012130931e-01
6.469353262647609e-01
-1.355588492854576e-02
-3.755825077463605e-02
-2.700042930892249e-01
2.882182341454641e-01
1.086017778008108e-01
1.599051542036752e-02
6.717898123536953e-01
-5.472493051460144e-04
5.566400451913754e-02
2.803984540974855e-01
6.542302661992979e-01
4.058279615110234e-02
4.918147460254511e-01
2.877077898883130e-01
1.141854507518839e-01
-5.927880043200330e-03
1.438102965703387e-01
6.828863328998640e-01
-5.331588673929393e-02
-2.798628028662634e-01
1.182617443624401e-02
4.763193738481971e-01
-1.943120691867738e-01
6.186731267785747e-02
1.320177638069329e-02
3.237432858858427e-02
2.164824729460501e-01
4.261055562034932e-02
5.494306269549036e-01
-3.064436413561256e-01
3.083867305662677e-01
-2.264386147463603e-01
1.636357505560278e-01
-3.886087355803464e-01
1.479693191135223e-01
2.196223395293062e-01
6.652315197192831e-01
1.365392756942204e-01
-4.111549513917730e-01
8.613971864713922e-02
1.846094647647337e-01
5.864404224333645e-01
-4.254169930143262e-01
1.047291255389915e-03
-1.393031944428547e-01
5.196091500257092e-02
3.321746993197021e-01
-1.175398331983001e-01
-3.538648209957992e-02
-1.776786220654771e-49
1.105352413530824e-01
-3.255944296376401e-01
8.507350729245193e-02
5.504115988879144e-01
-3.046813674193132e-01
2.582725485565670e-48
1.484809226772852e-01
1.099102963769300e-01
-3.005543517799955e-01
-5.222507511203180e-50
2.216449580312225e-01
-3.392949196670666e-01
-2.628426760320804e-01
1.284399518858328e-01
-2.116597155586069e-02
2.637830533487526e-01
2.971611491625629e-01
-6.387720921980885e-51
6.188816359121904e-02
-1.046965359069597e-01
-1.865884821437519e-03
4.503903608514632e-01
2.066070587407260e-01
5.523678761831630e-02
-2.854177410409656e-01
-1.565961373360553e-01
-1.795718137938950e-01
-1.370749406306046e-51
5.330776269280463e-02
9.468948595571595e-02
-1.617707429178718e-01
1.903615638259511e-01
1.043090533861498e-48
4.625144237797211e-02
2.863573028423892e-01
-2.319399548893548e-02
-1.885125047506808e-01
-1.994780476894685e-01
3.015726979924838e-01
-4.032195546471842e-02
-3.528713576644049e-01
9.740911696183369e-02
-1.052421660452018e-48
-1.451677174703367e-01
2.823001611079378e-01
-3.134792289248173e-01
-1.879072808986661e-49
1.670312065144777e-01
8.389488319746558e-02
-3.099113022357662e-01
1.000021673403394e-01
3.285129121091238e-01
-3.249087139131848e-01
-6.115625805615355e-02
-3.202384484325080e-01
-3.458881008629192e-01
-6.181786232637279e-02
-1.756955834647257e-50
7.450845254565405e-02
-3.002368564146314e-01
3.376011388583541e-01
-2.129416135247170e-01
2.408144608392894e-01
-1.998955386017841e-01
-3.253245798562623e-50
-1.219392822282865e-01
4.184725945364646e-01
3.092075802529354e-01
-1.095765086792574e-01
-6.587618799194771e-02
-8.484643865294758e-02
-1.903085012043381e-49
6.514748753161990e-02
-9.346468203406694e-02
1.217622199387834e-01
3.281569464767354e-01
1.513885603264984e-01
-3.344333186448064e-49
-9.809741038349884e-02
2.609384914252420e-01
-6.568517636400466e-02
-9.560858561950705e-02
-1.157028047271471e-01
2.162873477643447e-01
1.743191499042780e-49
7.852071480939823e-02
4.101346953124026e-02
-2.351439411106694e-01
2.836795781306197e-01
4.913202289596508e-02
-1.941135959464215e-50
1.596574828559102e-01
-5.783663665544668e-02
2.846356240141047e-01
6.411131300604427e-02
-1.639202012453295e-01
-9.244618948204684e-02
2.135695236477579e-01
4.247069388626415e-01
-3.954053834417771e-48
-5.835964549618230e-01
-2.172548949864320e-01
9.245470730765644e-02
-1.345680227278398e-49
2.420334780106294e-01
1.249134311445060e-01
-2.762872790511265e-01
-2.460919959770639e-01
2.029725151212915e-48
3.049395727795898e-01
1.323107867189978e-01
-2.038753308963167e-01
-2.469398686034638e-01
-2.697464454681683e-01
-3.336231426366614e-01
9.917556495168431e-50
-2.341596577201722e-01
-8.995372492352795e-02
3.539217080316304e-01
1.709784712923471e-01
-1.546759341718201e-01
7.066990921760788e-02
-1.276739299549235e-01
-3.606063349477363e-01
-7.045253481252886e-02
1.603964496306114e-01
-2.703651849336292e-01
-2.714665197161790e-49
1.150874665881689e-02
-6.302212901829476e-49
9.730641337919782e-02
4.669318527345177e-01
-3.527820994911871e-01
9.503699867685768e-02
1.277969556801820e-01
1.118848293763261e-01
1.185212762691989e-01
3.794069942896935e-01
-1.178171721389897e-01
-2.537637574941811e-01
-4.951902572718168e-50
5.314002727769435e-01
-1.593867993216474e-01
-7.037308279783797e-02
1.059853826535056e-47
-4.093343589951646e-01
-2.544640720611732e-01
1.200079419922797e-02
2.682881833107374e-01
-2.737094047203155e-01
-1.733118070789242e-01
-2.227403200836605e-01
-2.189946301803966e-01
4.127253337646365e-01
1.628677378928949e-49
1.526947957641116e-01
1.445350153633963e-01
3.521475291043447e-01
3.108519730479310e-01
2.078479246864593e-01
2.776208178459316e-01
1.299362268531431e-50
1.913259070071481e-02
1.227659938521987e-01
3.277942088160976e-01
1.427657294480677e-49
-9.390485488652700e-03
-2.085154884858811e-01
7.399659345595895e-02
3.105782865328734e-01
-4.795294102083866e-02
-1.792459943685253e-01
-3.262439053845858e-01
2.261179461612977e-48
-1.486053197580528e-01
-3.965051202812098e-01
1.090140895935593e-01
-6.078378495466018e-02
2.360859938491839e-01
6.747130353657484e-02
-4.939170737774945e-49
-5.286378444062805e-01
-4.637229959833117e-02
1.620635009591344e-01
9.812530865185614e-50
1.477162314745058e-01
-7.008199285326880e-02
-5.115756882391009e-02
1.308803333755023e-01
-1.178610775394351e-01
-3.892991876121285e-01
9.561088232516627e-49
7.018870478731774e-02
3.360291341016138e-01
-6.919141218642108e-02
1.994735554317247e-01
5.867329821030882e-02
1.342907115643339e-01
-3.561530722100320e-01
-3.298874956141944e-01
-2.997566370375151e-01
2.678780367952444e-01
-2.038224165221355e-50
-1.064093089786719e-01
2.249595629503793e-01
-3.361275169521332e-01
1.551235880908203e-01
-1.241774127403572e-01
-5.901791280995861e-02
-2.771260804557596e-01
-1.738169212061282e-51
-8.294734412446741e-02
1.746120779188929e-02
4.670234499457653e-02
4.692707325301053e-01
-2.599003427745998e-50
4.145422912025751e-02
4.342194360217946e-02
1.372861792517234e-01
