6.317297821967523e-02
-1.271255916931983e-01
6.849085032952304e-02
5.578444014979340e-01
-7.739136228699928e-02
-3.299559986932113e-01
-7.464062254457657e-02
8.230624353547260e-02
2.048490187612019e-01
5.041210113513218e-01
2.219831698625301e-01
-1.902614169601196e-01
-1.130311498334255e-02
-2.343714216693022e-01
1.804369754191415e-03
3.160762933860922e-01
1.330955887152757e-01
5.115300881619141e-01
9.199760915706298e-02
1.528010850588993e-01
4.169130969938657e-02
-9.781000014917303e-02
-2.839926908613546e-01
-1.704147798385807e-01
-2.591150022091895e-01
4.763696749595147e-01
-1.065785748078825e-02
-9.487575634676415e-02
3.962128579393309e-01
2.007173456345607e-01
-2.532686405161158e-01
-3.053786780470757e-01
-2.880854548980161e-01
-7.054029038695411e-02
6.427487125899770e-01
4.432177504886028e-02
-2.521109058879307e-02
2.269510963749340e-01
1.433584734945925e-01
-2.637898025326949e-01
-1.850926549102656e-01
-2.620611741207108e-01
4.637681647112014e-01
-1.681612284368253e-01
3.389989679544950e-01
-4.232883848202023e-01
3.623454725596590e-01
2.099315627330765e-02
-1.047535203716125e-01
8.555908211564797e-02
4.521369512431106e-02
6.388734518312696e-01
-4.895338428029081e-01
5.355849771997901e-02
-1.467658682886399e-02
-1.482969331690756e-01
3.150026128446509e-01
5.450940330825935e-02
1.430653208660682e-01
-9.102912366175916e-02
-9.522030375950244e-03
3.178345958740416e-01
4.564676030195443e-01
1.339067167139361e-01
-5.254074536945494e-02
3.087441423639372e-01
6.011005906619099e-01
1.824001952087293e-02
3.960045586221234e-03
-3.009852145013209e-01
-3.525585862631760e-01
-2.075667023465387e-01
-5.663559532373650e-02
2.512511965971936e-01
-2.581510461683582e-01
-1.333418509378562e-01
1.843986083769953e-01
1.396258887697678e-02
5.546647742154422e-02
6.106340455995882e-01
-4.488621358570615e-01
1.406269296917897e-01
-3.370544988771925e-01
-3.489048160870818e-02
5.413896635252407e-03
-1.644687647827663e-01
5.258463036425783e-01
-6.620868111152707e-02
1.539975118999383e-01
-3.292881181869638e-03
-1.154372286770362e-01
3.861034382723604e-01
6.262424549747286e-01
3.256798080207363e-01
2.673058641953872e-01
-9.972062395839187e-02
7.228461020634428e-01
2.083287734784224e-01
7.143056190118466e-02
3.972673388653101e-02
2.107505569532775e-01
-3.978859846338137e-01
2.157335487278064e-01
-2.322339206591438e-01
5.882950327501572e-01
-9.792304469469794e-02
2.686441736566936e-01
-8.048748826543426e-04
-2.226363725065648e-01
3.168175323666484e-01
3.053019315411261e-01
-1.225054499885820e-01
-7.115096632090963e-02
-3.063815293666612e-01
-1.259844852595467e-01
-2.321707063055616e-01
5.806552597378675e-01
-6.969072787819415e-03
-2.315668259459650e-01
-3.044149553528525e-01
4.567595018240324e-02
6.346872261498988e-01
1.449824501510621e-01
1.151847419904201e-01
2.281134886305813e-01
3.365897101705276e-01
1.674661571313291e-01
8.713172594545965e-02
-1.269952408253768e-01
1.970945908430089e-01
-4.873768273581551e-03
-2.504510610263505e-44
-2.054134150705750e-01
7.265589313385752e-02
4.567102382607612e-01
-4.750845687135477e-01
-5.958973879939600e-02
1.037622189802377e-42
1.193554325652742e-01
2.986222664599346e-01
3.840578760687764e-01
3.208267536443032e-01
-3.223884067602645e-01
-4.605747637214500e-02
-4.224210305427964e-02
3.055015867648286e-43
-1.175935350673897e-01
3.602396708934513e-01
3.586684837513905e-01
-3.589851340837094e-01
3.772094702418291e-01
1.504232262146109e-01
1.385061018616174e-01
-6.273644433422230e-47
-3.119349945205470e-02
-3.099602182040270e-01
-7.612558227254909e-02
-3.162686163923213e-01
-1.881945026809443e-01
-2.909857420399146e-01
-3.252230959479196e-01
1.827105291742742e-01
-5.019466938502948e-45
3.025565785534752e-01
-1.319009021230426e-01
-6.794797173334127e-02
7.583867938153666e-02
-3.101635645629780e-01
2.284300347850588e-01
2.567266612274813e-02
-8.706369713158010e-43
2.481204002702800e-01
-5.281919117123485e-02
-5.115270277881451e-02
-1.879129865394874e-01
2.697338940498046e-01
-1.915045877915232e-01
-1.093884008464919e-01
2.482957025992983e-01
-6.120135856818520e-45
-1.404304217001748e-01
-1.238574808081506e-01
1.055417612959323e-01
3.876757300338431e-01
3.440186240368918e-02
3.291750789848546e-01
-4.159163017238547e-01
-2.066287308999670e-01
-3.196461065620678e-01
-2.223903212725398e-01
-1.437933126388113e-43
-2.545433146008197e-01
1.433845024129945e-01
2.725811059732557e-01
2.124357424198313e-45
-3.216575826277998e-01
-2.335713762723170e-02
2.228035461508436e-01
9.127494060652837e-03
1.835188538386785e-01
-2.404678432274405e-01
3.163640222808718e-01
-3.114105685322585e-03
-8.734195222303817e-02
7.112775274064234e-02
-3.807846418879876e-01
3.514108309071047e-01
4.362821681058413e-44
-2.661715167698274e-01
2.012573590579997e-01
-8.451570543580207e-02
3.420789488235493e-01
-7.785235114864922e-02
1.811147232417727e-01
2.022795711584754e-43
2.856051735904211e-01
7.608520178615480e-02
9.556512288703782e-02
-1.123050827591047e-01
1.847957293114414e-01
1.235071787202603e-44
-1.629725877009035e-01
-2.203567714332273e-01
3.121346054569242e-01
3.379171408202920e-44
1.798722581128710e-02
5.492496341449071e-02
-1.478042433104567e-01
-2.585961563357496e-01
1.682295174157943e-01
-6.204750616693946e-02
-2.499522947084874e-04
-6.689047409132349e-44
-2.886815843587347e-02
3.302466476660613e-01
1.454654618073062e-01
1.247359315695365e-01
-3.473569054566237e-01
-1.128998835669851e-01
1.843199893967063e-01
-3.552659364035783e-01
1.041684929281857e-01
1.865319666504606e-01
-3.196140781363830e-01
2.670356871992760e-46
1.002006894240338e-01
-1.509201813564351e-01
2.023917962498973e-01
-1.309315455920242e-01
-1.359101493647345e-42
4.328164398662518e-01
-1.348154449580070e-01
-1.007536737548213e-01
1.836019941102428e-01
1.962597883206762e-01
2.341066098651369e-01
